pub_time(ms) sub_time(ms) delay(ms) utmX(m) utmY(m) heading(rad) velocity(m/s) cellid(db) sinr(db) rsrp(db)
1721032264536 1721032264563 27 328988.990000 3463452.800000 2.428407 0.000000 5C422503D 17 -96 
1721032264591 1721032264619 28 328988.990000 3463452.800000 2.428407 0.000000 5C422503D 17 -96 
1721032264646 1721032264664 18 328988.990000 3463452.800000 2.428407 0.000000 5C422503D 17 -96 
1721032264701 1721032264719 18 328988.990000 3463452.800000 2.427098 0.000000 5C422503D 17 -96 
1721032264756 1721032264772 16 328988.990000 3463452.800000 2.427098 0.000000 5C422503D 17 -96 
1721032264811 1721032264829 18 328988.990000 3463452.800000 2.427098 0.000000 5C422503D 17 -96 
1721032264867 1721032264881 14 328988.990000 3463452.800000 2.427753 0.000000 5C422503D 17 -96 
1721032264924 1721032264938 14 328988.990000 3463452.800000 2.427753 0.000000 5C422503D 17 -96 
1721032264983 1721032264998 15 328988.990000 3463452.800000 2.427753 0.000000 5C422503D 17 -96 
1721032265038 1721032265058 20 328988.990000 3463452.800000 2.427753 0.000000 5C422503D 17 -96 
1721032265093 1721032265118 25 328988.990000 3463452.800000 2.425789 0.000000 5C422503D 17 -96 
1721032265149 1721032265168 19 328988.990000 3463452.800000 2.425789 0.000000 5C422503D 17 -96 
1721032265204 1721032265232 28 328988.990000 3463452.800000 2.425789 0.000000 5C422503D 17 -96 
1721032265259 1721032265273 14 328988.990000 3463452.800000 2.425789 0.000000 5C422503D 17 -96 
1721032265314 1721032265328 14 328988.990000 3463452.800000 2.426008 0.000000 5C422503D 17 -96 
1721032265370 1721032265387 17 328988.990000 3463452.800000 2.426008 0.000000 5C422503D 17 -96 
1721032265425 1721032265441 16 328988.990000 3463452.800000 2.426008 0.000000 5C422503D 17 -96 
1721032265480 1721032265497 17 328988.990000 3463452.800000 2.429062 0.000000 5C422503D 17 -96 
1721032265535 1721032265551 16 328988.990000 3463452.800000 2.429062 0.000000 5C422503D 17 -96 
1721032265590 1721032265603 13 328988.990000 3463452.800000 2.429062 0.000000 5C422503D 17 -96 
1721032265645 1721032265659 14 328988.990000 3463452.800000 2.427098 0.000000 5C422503D 17 -96 
1721032265700 1721032265713 13 328988.990000 3463452.800000 2.427098 0.000000 5C422503D 17 -96 
1721032265755 1721032265768 13 328988.990000 3463452.800000 2.427098 0.000000 5C422503D 17 -96 
1721032265811 1721032265829 18 328988.990000 3463452.800000 2.427098 0.000000 5C422503D 17 -96 
1721032265866 1721032265884 18 328988.990000 3463452.800000 2.426662 0.000000 5C422503D 17 -96 
1721032265921 1721032265936 15 328988.990000 3463452.800000 2.426662 0.000000 5C422503D 17 -96 
1721032265976 1721032265999 23 328988.990000 3463452.800000 2.426662 0.000000 5C422503D 17 -96 
1721032266034 1721032266049 15 328988.990000 3463452.800000 2.429280 0.000000 5C422503D 17 -96 
1721032266088 1721032266103 15 328988.990000 3463452.800000 2.429280 0.000000 5C422503D 17 -96 
1721032266143 1721032266158 15 328988.990000 3463452.800000 2.429280 0.000000 5C422503D 17 -96 
1721032266198 1721032266214 16 328988.990000 3463452.800000 2.429280 0.000000 5C422503D 17 -96 
1721032266257 1721032266276 19 328988.990000 3463452.800000 2.426662 0.000000 5C422503D 17 -96 
1721032266312 1721032266328 16 328988.990000 3463452.800000 2.426662 0.000000 5C422503D 17 -96 
1721032266367 1721032266383 16 328988.990000 3463452.800000 2.426662 0.000000 5C422503D 17 -96 
1721032266422 1721032266436 14 328988.990000 3463452.800000 2.426662 0.000000 5C422503D 17 -96 
1721032266478 1721032266493 15 328988.990000 3463452.800000 2.428626 0.000000 5C422503D 17 -96 
1721032266533 1721032266548 15 328988.990000 3463452.800000 2.428626 0.000000 5C422503D 17 -96 
1721032266588 1721032266606 18 328988.990000 3463452.800000 2.428626 0.000000 5C422503D 17 -96 
1721032266643 1721032266658 15 328988.990000 3463452.800000 2.428189 0.000000 5C422503D 17 -96 
1721032266698 1721032266718 20 328988.990000 3463452.800000 2.428189 0.000000 5C422503D 17 -96 
1721032266753 1721032266769 16 328988.990000 3463452.800000 2.428189 0.000000 5C422503D 17 -96 
1721032266809 1721032266822 13 328988.990000 3463452.800000 2.428189 0.000000 5C422503D 17 -96 
1721032266866 1721032266881 15 328988.990000 3463452.800000 2.427317 0.000000 5C422503D 17 -96 
1721032266926 1721032266941 15 328988.990000 3463452.800000 2.427317 0.000000 5C422503D 17 -96 
1721032266981 1721032267003 22 328988.990000 3463452.800000 2.427317 0.000000 5C422503D 17 -96 
1721032267036 1721032267054 18 328988.990000 3463452.800000 2.427317 0.000000 5C422503D 17 -96 
1721032267098 1721032267123 25 328988.990000 3463452.800000 2.427317 0.000000 5C422503D 17 -96 
1721032267152 1721032267169 17 328988.990000 3463452.800000 2.427317 0.000000 5C422503D 17 -96 
1721032267208 1721032267227 19 328988.990000 3463452.800000 2.427317 0.000000 5C422503D 17 -96 
1721032267263 1721032267277 14 328988.990000 3463452.800000 2.427535 0.000000 5C422503D 17 -96 
1721032267318 1721032267337 19 328988.990000 3463452.800000 2.427535 0.000000 5C422503D 17 -96 
1721032267373 1721032267388 15 328988.990000 3463452.800000 2.427535 0.000000 5C422503D 17 -96 
1721032267428 1721032267447 19 328988.990000 3463452.800000 2.427535 0.000000 5C422503D 17 -96 
1721032267483 1721032267497 14 328988.990000 3463452.800000 2.427535 0.000000 5C422503D 17 -96 
1721032267538 1721032267555 17 328988.990000 3463452.800000 2.427535 0.000000 5C422503D 17 -96 
1721032267592 1721032267608 16 328988.990000 3463452.800000 2.427535 0.000000 5C422503D 17 -96 
1721032267647 1721032267663 16 328988.990000 3463452.800000 2.429062 0.000000 5C422503D 17 -96 
1721032267702 1721032267723 21 328988.990000 3463452.800000 2.429062 0.000000 5C422503D 17 -96 
1721032267757 1721032267772 15 328988.990000 3463452.800000 2.429062 0.000000 5C422503D 17 -96 
1721032267812 1721032267827 15 328988.990000 3463452.800000 2.429062 0.000000 5C422503D 17 -96 
1721032267867 1721032267889 22 328988.990000 3463452.800000 2.428844 0.000000 5C422503D 17 -96 
1721032267922 1721032267938 16 328988.990000 3463452.800000 2.428844 0.000000 5C422503D 17 -96 
1721032267979 1721032267993 14 328988.990000 3463452.800000 2.428844 0.000000 5C422503D 17 -96 
1721032268033 1721032268047 14 328988.990000 3463452.800000 2.427971 0.000000 5C422503D 17 -96 
1721032268088 1721032268103 15 328988.990000 3463452.800000 2.427971 0.000000 5C422503D 17 -96 
1721032268145 1721032268161 16 328988.990000 3463452.800000 2.427971 0.000000 5C422503D 17 -96 
1721032268200 1721032268217 17 328988.990000 3463452.800000 2.427971 0.000000 5C422503D 17 -96 
1721032268260 1721032268277 17 328988.990000 3463452.800000 2.429716 0.000000 5C422503D 17 -96 
1721032268314 1721032268333 19 328988.990000 3463452.800000 2.429716 0.000000 5C422503D 17 -96 
1721032268370 1721032268385 15 328988.990000 3463452.800000 2.429716 0.000000 5C422503D 17 -96 
1721032268425 1721032268446 21 328988.990000 3463452.800000 2.429716 0.000000 5C422503D 17 -96 
1721032268481 1721032268503 22 328988.990000 3463452.800000 2.429280 0.000000 5C422503D 17 -96 
1721032268536 1721032268553 17 328988.990000 3463452.800000 2.429280 0.000000 5C422503D 17 -96 
1721032268591 1721032268607 16 328988.990000 3463452.800000 2.429280 0.000000 5C422503D 17 -96 
1721032268646 1721032268661 15 328988.990000 3463452.800000 2.428626 0.000000 5C422503D 17 -96 
1721032268701 1721032268721 20 328988.990000 3463452.800000 2.428626 0.000000 5C422503D 17 -96 
1721032268756 1721032268771 15 328988.990000 3463452.800000 2.428626 0.000000 5C422503D 17 -96 
1721032268811 1721032268831 20 328988.990000 3463452.800000 2.428626 0.000000 5C422503D 17 -96 
1721032268866 1721032268891 25 328988.990000 3463452.800000 2.427971 0.000000 5C422503D 17 -96 
1721032268923 1721032268941 18 328988.990000 3463452.800000 2.427971 0.000000 5C422503D 17 -96 
1721032268978 1721032268995 17 328988.990000 3463452.800000 2.427971 0.000000 5C422503D 17 -96 
1721032269035 1721032269048 13 328988.990000 3463452.800000 2.427971 0.000000 5C422503D 17 -96 
1721032269092 1721032269111 19 328988.990000 3463452.800000 2.429498 0.000000 5C422503D 17 -96 
1721032269147 1721032269163 16 328988.990000 3463452.800000 2.429498 0.000000 5C422503D 17 -96 
1721032269202 1721032269218 16 328988.990000 3463452.800000 2.429498 0.000000 5C422503D 17 -96 
1721032269258 1721032269273 15 328988.990000 3463452.800000 2.429498 0.000000 5C422503D 17 -96 
1721032269313 1721032269326 13 328988.990000 3463452.800000 2.429062 0.000000 5C422503D 17 -96 
1721032269368 1721032269393 25 328988.990000 3463452.800000 2.429062 0.000000 5C422503D 17 -96 
1721032269423 1721032269437 14 328988.990000 3463452.800000 2.429062 0.000000 5C422503D 17 -96 
1721032269478 1721032269494 16 328988.990000 3463452.800000 2.429062 0.000000 5C422503D 17 -96 
1721032269533 1721032269546 13 328988.990000 3463452.800000 2.429062 0.000000 5C422503D 17 -96 
1721032269588 1721032269607 19 328988.990000 3463452.800000 2.429062 0.000000 5C422503D 17 -96 
1721032269643 1721032269656 13 328988.990000 3463452.800000 2.429062 0.000000 5C422503D 17 -96 
1721032269698 1721032269715 17 328988.990000 3463452.800000 2.429062 0.000000 5C422503D 17 -96 
1721032269754 1721032269769 15 328988.990000 3463452.800000 2.429062 0.000000 5C422503D 17 -96 
1721032269808 1721032269821 13 328988.990000 3463452.800000 2.429062 0.000000 5C422503D 17 -96 
1721032269863 1721032269887 24 328988.990000 3463452.800000 2.429280 0.000000 5C422503D 17 -96 
1721032269919 1721032269933 14 328988.990000 3463452.800000 2.429280 0.000000 5C422503D 17 -96 
1721032269974 1721032269987 13 328988.990000 3463452.800000 2.429280 0.000000 5C422503D 17 -96 
1721032270029 1721032270049 20 328988.990000 3463452.800000 2.430153 0.000000 5C422503D 17 -96 
1721032270084 1721032270098 14 328988.990000 3463452.800000 2.430153 0.000000 5C422503D 17 -96 
1721032270139 1721032270159 20 328988.990000 3463452.800000 2.430153 0.000000 5C422503D 17 -96 
1721032270194 1721032270208 14 328988.990000 3463452.800000 2.430153 0.000000 5C422503D 17 -96 
1721032270248 1721032270261 13 328988.990000 3463452.800000 2.429062 0.000000 5C422503D 17 -96 
1721032270304 1721032270318 14 328988.990000 3463452.800000 2.429062 0.000000 5C422503D 17 -96 
1721032270361 1721032270379 18 328988.990000 3463452.800000 2.429062 0.000000 5C422503D 17 -96 
1721032270416 1721032270434 18 328988.990000 3463452.800000 2.429062 0.000000 5C422503D 17 -96 
1721032270471 1721032270489 18 328988.990000 3463452.800000 2.427098 0.000000 5C422503D 17 -96 
1721032270527 1721032270544 17 328988.990000 3463452.800000 2.427098 0.000000 5C422503D 17 -96 
1721032270582 1721032270599 17 328988.990000 3463452.800000 2.427098 0.000000 5C422503D 17 -96 
1721032270637 1721032270659 22 328988.990000 3463452.800000 2.432771 0.000000 5C422503D 17 -96 
1721032270692 1721032270709 17 328988.990000 3463452.800000 2.432771 0.000000 5C422503D 17 -96 
1721032270747 1721032270765 18 328988.990000 3463452.800000 2.432771 0.000000 5C422503D 17 -96 
1721032270802 1721032270819 17 328988.990000 3463452.800000 2.432771 0.000000 5C422503D 17 -96 
1721032270856 1721032270879 23 328988.990000 3463452.800000 2.433207 0.000000 5C422503D 17 -96 
1721032270911 1721032270926 15 328988.990000 3463452.800000 2.433207 0.000000 5C422503D 17 -96 
1721032270966 1721032270983 17 328988.990000 3463452.800000 2.433207 0.000000 5C422503D 17 -96 
1721032271022 1721032271038 16 328988.990000 3463452.800000 2.433207 0.000000 5C422503D 17 -96 
1721032271077 1721032271091 14 328988.990000 3463452.800000 2.433862 0.000000 5C422503D 17 -96 
1721032271132 1721032271147 15 328988.990000 3463452.800000 2.433862 0.000000 5C422503D 17 -96 
1721032271187 1721032271201 14 328988.990000 3463452.800000 2.433862 0.000000 5C422503D 17 -96 
1721032271242 1721032271256 14 328988.990000 3463452.800000 2.434080 0.000000 5C422503D 17 -96 
1721032271300 1721032271312 12 328988.990000 3463452.800000 2.434080 0.000000 5C422503D 17 -96 
1721032271359 1721032271375 16 328988.990000 3463452.800000 2.434080 0.000000 5C422503D 17 -96 
1721032271414 1721032271428 14 328988.990000 3463452.800000 2.434080 0.000000 5C422503D 17 -96 
1721032271470 1721032271484 14 328988.990000 3463452.800000 2.437352 0.000000 5C422503D 17 -96 
1721032271524 1721032271539 15 328988.990000 3463452.800000 2.437352 0.000000 5C422503D 17 -96 
1721032271579 1721032271603 24 328988.990000 3463452.800000 2.437352 0.000000 5C422503D 17 -96 
1721032271634 1721032271654 20 328988.990000 3463452.800000 2.437352 0.000000 5C422503D 17 -96 
1721032271689 1721032271704 15 328988.990000 3463452.800000 2.434734 0.000000 5C422503D 17 -96 
1721032271745 1721032271759 14 328988.990000 3463452.800000 2.434734 0.000000 5C422503D 17 -96 
1721032271800 1721032271816 16 328988.990000 3463452.800000 2.434734 0.000000 5C422503D 17 -96 
1721032271855 1721032271874 19 328988.990000 3463452.800000 2.431244 0.000000 5C422503D 17 -96 
1721032271911 1721032271931 20 328988.990000 3463452.800000 2.431244 0.000000 5C422503D 17 -96 
1721032271971 1721032271989 18 328988.990000 3463452.800000 2.431244 0.000000 5C422503D 17 -96 
1721032272042 1721032272056 14 328988.990000 3463452.800000 2.431244 0.000000 5C422503D 17 -96 
1721032272097 1721032272112 15 328988.990000 3463452.800000 2.434298 0.000000 5C422503D 17 -96 
1721032272152 1721032272166 14 328988.990000 3463452.800000 2.434298 0.000000 5C422503D 17 -96 
1721032272207 1721032272221 14 328988.990000 3463452.800000 2.434298 0.000000 5C422503D 17 -96 
1721032272262 1721032272278 16 328988.990000 3463452.800000 2.432116 0.000000 5C422503D 17 -96 
1721032272317 1721032272333 16 328988.990000 3463452.800000 2.432116 0.000000 5C422503D 17 -96 
1721032272373 1721032272391 18 328988.990000 3463452.800000 2.432116 0.000000 5C422503D 17 -96 
1721032272428 1721032272442 14 328988.990000 3463452.800000 2.432116 0.000000 5C422503D 17 -96 
1721032272483 1721032272498 15 328988.990000 3463452.800000 2.435389 0.000000 5C422503D 17 -96 
1721032272538 1721032272553 15 328988.990000 3463452.800000 2.435389 0.000000 5C422503D 17 -96 
1721032272597 1721032272618 21 328988.990000 3463452.800000 2.435389 0.000000 5C422503D 17 -96 
1721032272652 1721032272673 21 328988.990000 3463452.800000 2.435389 0.000000 5C422503D 17 -96 
1721032272707 1721032272723 16 328988.990000 3463452.800000 2.434734 0.000000 5C422503D 17 -96 
1721032272762 1721032272779 17 328988.990000 3463452.800000 2.434734 0.000000 5C422503D 17 -96 
1721032272817 1721032272834 17 328988.990000 3463452.800000 2.434734 0.000000 5C422503D 17 -96 
1721032272872 1721032272887 15 328988.990000 3463452.800000 2.432989 0.000000 5C422503D 17 -96 
1721032272928 1721032272949 21 328988.990000 3463452.800000 2.432989 0.000000 5C422503D 17 -96 
1721032272987 1721032273004 17 328988.990000 3463452.800000 2.432989 0.000000 5C422503D 17 -96 
1721032273043 1721032273069 26 328988.990000 3463452.800000 2.432989 0.000000 5C422503D 17 -96 
1721032273098 1721032273114 16 328988.990000 3463452.800000 2.431025 0.000000 5C422503D 17 -96 
1721032273153 1721032273167 14 328988.990000 3463452.800000 2.431025 0.000000 5C422503D 17 -96 
1721032273208 1721032273222 14 328988.990000 3463452.800000 2.431025 0.000000 5C422503D 17 -96 
1721032273263 1721032273276 13 328988.990000 3463452.800000 2.432553 0.000000 5C422503D 17 -96 
1721032273318 1721032273334 16 328988.990000 3463452.800000 2.432553 0.000000 5C422503D 17 -96 
1721032273373 1721032273388 15 328988.990000 3463452.800000 2.432553 0.000000 5C422503D 17 -96 
1721032273428 1721032273443 15 328988.990000 3463452.800000 2.432553 0.000000 5C422503D 17 -96 
1721032273484 1721032273498 14 328988.990000 3463452.800000 2.431025 0.000000 5C422503D 17 -96 
1721032273539 1721032273556 17 328988.990000 3463452.800000 2.431025 0.000000 5C422503D 17 -96 
1721032273594 1721032273608 14 328988.990000 3463452.800000 2.431025 0.000000 5C422503D 17 -96 
1721032273649 1721032273664 15 328988.990000 3463452.800000 2.431462 0.000000 5C422503D 17 -96 
1721032273704 1721032273718 14 328988.990000 3463452.800000 2.431462 0.000000 5C422503D 17 -96 
1721032273759 1721032273772 13 328988.990000 3463452.800000 2.431462 0.000000 5C422503D 17 -96 
1721032273814 1721032273828 14 328988.990000 3463452.800000 2.431462 0.000000 5C422503D 17 -96 
1721032273869 1721032273883 14 328988.990000 3463452.800000 2.433425 0.000000 5C422503D 17 -96 
1721032273924 1721032273939 15 328988.990000 3463452.800000 2.433425 0.000000 5C422503D 17 -96 
1721032273979 1721032273994 15 328988.990000 3463452.800000 2.433425 0.000000 5C422503D 17 -96 
1721032274034 1721032274049 15 328988.990000 3463452.800000 2.436043 0.000000 5C422503D 17 -96 
1721032274089 1721032274102 13 328988.990000 3463452.800000 2.436043 0.000000 5C422503D 17 -96 
1721032274144 1721032274159 15 328988.990000 3463452.800000 2.436043 0.000000 5C422503D 17 -96 
1721032274199 1721032274214 15 328988.990000 3463452.800000 2.436043 0.000000 5C422503D 17 -96 
1721032274254 1721032274269 15 328988.990000 3463452.800000 2.434080 0.000000 5C422503D 17 -96 
1721032274309 1721032274324 15 328988.990000 3463452.800000 2.434080 0.000000 5C422503D 17 -96 
1721032274365 1721032274379 14 328988.990000 3463452.800000 2.434080 0.000000 5C422503D 17 -96 
1721032274420 1721032274433 13 328988.990000 3463452.800000 2.434080 0.000000 5C422503D 17 -96 
1721032274475 1721032274492 17 328988.990000 3463452.800000 2.434734 0.000000 5C422503D 17 -96 
1721032274530 1721032274543 13 328988.990000 3463452.800000 2.434734 0.000000 5C422503D 17 -96 
1721032274585 1721032274598 13 328988.990000 3463452.800000 2.434734 0.000000 5C422503D 17 -96 
1721032274640 1721032274663 23 328988.990000 3463452.800000 2.434734 0.000000 5C422503D 17 -96 
1721032274695 1721032274714 19 328988.990000 3463452.800000 2.435607 0.000000 5C422503D 17 -96 
1721032274755 1721032274768 13 328988.990000 3463452.800000 2.435607 0.000000 5C422503D 17 -96 
1721032274810 1721032274823 13 328988.990000 3463452.800000 2.435607 0.000000 5C422503D 17 -96 
1721032274865 1721032274878 13 328988.990000 3463452.800000 2.433207 0.000000 5C422503D 17 -96 
1721032274920 1721032274934 14 328988.990000 3463452.800000 2.433207 0.000000 5C422503D 17 -96 
1721032274975 1721032274998 23 328988.990000 3463452.800000 2.433207 0.000000 5C422503D 17 -96 
1721032275030 1721032275043 13 328988.990000 3463452.800000 2.433207 0.000000 5C422503D 17 -96 
1721032275086 1721032275102 16 328988.990000 3463452.800000 2.431898 0.000000 5C422503D 17 -96 
1721032275141 1721032275156 15 328988.990000 3463452.800000 2.431898 0.000000 5C422503D 17 -96 
1721032275196 1721032275212 16 328988.990000 3463452.800000 2.431898 0.000000 5C422503D 17 -96 
1721032275251 1721032275269 18 328988.990000 3463452.800000 2.433207 0.000000 5C422503D 17 -96 
1721032275306 1721032275324 18 328988.990000 3463452.800000 2.433207 0.000000 5C422503D 17 -96 
1721032275361 1721032275377 16 328988.990000 3463452.800000 2.433207 0.000000 5C422503D 17 -96 
1721032275416 1721032275431 15 328988.990000 3463452.800000 2.433207 0.000000 5C422503D 17 -96 
1721032275471 1721032275489 18 328988.990000 3463452.800000 2.433207 0.000000 5C422503D 17 -96 
1721032275526 1721032275541 15 328988.990000 3463452.800000 2.433207 0.000000 5C422503D 17 -96 
1721032275581 1721032275599 18 328988.990000 3463452.800000 2.433207 0.000000 5C422503D 17 -96 
1721032275636 1721032275653 17 328988.990000 3463452.800000 2.433207 0.000000 5C422503D 17 -96 
1721032275691 1721032275708 17 328988.990000 3463452.800000 2.428407 0.000000 5C422503D 17 -96 
1721032275746 1721032275763 17 328988.990000 3463452.800000 2.428407 0.000000 5C422503D 17 -96 
1721032275801 1721032275818 17 328988.990000 3463452.800000 2.428407 0.000000 5C422503D 17 -96 
1721032275858 1721032275873 15 328988.990000 3463452.800000 2.429716 0.000000 5C422503D 17 -96 
1721032275913 1721032275927 14 328988.990000 3463452.800000 2.429716 0.000000 5C422503D 17 -94 
1721032275972 1721032275986 14 328988.990000 3463452.800000 2.429716 0.000000 5C422503D 18 -94 
1721032276027 1721032276046 19 328988.990000 3463452.800000 2.429716 0.000000 5C422503D 18 -94 
1721032276082 1721032276103 21 328988.990000 3463452.800000 2.428189 0.000000 5C422503D 18 -94 
1721032276137 1721032276153 16 328988.990000 3463452.800000 2.428189 0.000000 5C422503D 18 -94 
1721032276193 1721032276212 19 328988.990000 3463452.800000 2.428189 0.000000 5C422503D 18 -94 
1721032276247 1721032276261 14 328988.990000 3463452.800000 2.429716 0.000000 5C422503D 18 -94 
1721032276302 1721032276318 16 328988.990000 3463452.800000 2.429716 0.000000 5C422503D 18 -94 
1721032276357 1721032276379 22 328988.990000 3463452.800000 2.429716 0.000000 5C422503D 18 -94 
1721032276412 1721032276429 17 328988.990000 3463452.800000 2.429716 0.000000 5C422503D 18 -94 
1721032276467 1721032276486 19 328988.990000 3463452.800000 2.427535 0.000000 5C422503D 18 -94 
1721032276522 1721032276539 17 328988.990000 3463452.800000 2.427535 0.000000 5C422503D 18 -94 
1721032276577 1721032276591 14 328988.990000 3463452.800000 2.427535 0.000000 5C422503D 18 -94 
1721032276633 1721032276646 13 328988.990000 3463452.800000 2.427535 0.000000 5C422503D 18 -94 
1721032276688 1721032276704 16 328988.990000 3463452.800000 2.428407 0.000000 5C422503D 18 -94 
1721032276743 1721032276759 16 328988.990000 3463452.800000 2.428407 0.000000 5C422503D 18 -94 
1721032276801 1721032276823 22 328988.990000 3463452.800000 2.428407 0.000000 5C422503D 18 -94 
1721032276856 1721032276873 17 328988.990000 3463452.800000 2.429498 0.000000 5C422503D 18 -94 
1721032276915 1721032276928 13 328988.990000 3463452.800000 2.429498 0.000000 5C422503D 18 -94 
1721032276970 1721032276983 13 328988.990000 3463452.800000 2.429498 0.000000 5C422503D 18 -94 
1721032277025 1721032277038 13 328988.990000 3463452.800000 2.429498 0.000000 5C422503D 18 -94 
1721032277080 1721032277093 13 328988.990000 3463452.800000 2.427098 0.000000 5C422503D 18 -94 
1721032277136 1721032277154 18 328988.990000 3463452.800000 2.427098 0.000000 5C422503D 18 -94 
1721032277222 1721032277247 25 328988.990000 3463452.800000 2.427098 0.000000 5C422503D 18 -94 
1721032277276 1721032277296 20 328988.990000 3463452.800000 2.427971 0.000000 5C422503D 18 -94 
1721032277331 1721032277348 17 328988.990000 3463452.800000 2.427971 0.000000 5C422503D 18 -94 
1721032277386 1721032277403 17 328988.990000 3463452.800000 2.427971 0.000000 5C422503D 18 -94 
1721032277440 1721032277456 16 328988.990000 3463452.800000 2.430589 0.000000 5C422503D 18 -94 
1721032277495 1721032277513 18 328988.990000 3463452.800000 2.430589 0.000000 5C422503D 18 -94 
1721032277551 1721032277569 18 328988.990000 3463452.800000 2.430589 0.000000 5C422503D 18 -94 
1721032277606 1721032277622 16 328988.990000 3463452.800000 2.430589 0.000000 5C422503D 18 -94 
1721032277662 1721032277676 14 328988.990000 3463452.800000 2.426880 0.000000 5C422503D 18 -94 
1721032277717 1721032277731 14 328988.990000 3463452.800000 2.426880 0.000000 5C422503D 18 -94 
1721032277772 1721032277792 20 328988.990000 3463452.800000 2.426880 0.000000 5C422503D 18 -94 
1721032277827 1721032277844 17 328988.990000 3463452.800000 2.425571 0.000000 5C422503D 18 -94 
1721032277882 1721032277896 14 328988.990000 3463452.800000 2.425571 0.000000 5C422503D 18 -94 
1721032277937 1721032277957 20 328988.990000 3463452.800000 2.425571 0.000000 5C422503D 18 -94 
1721032277993 1721032278006 13 328988.990000 3463452.800000 2.425571 0.000000 5C422503D 18 -94 
1721032278048 1721032278061 13 328988.990000 3463452.800000 2.425135 0.000000 5C422503D 18 -94 
1721032278127 1721032278147 20 328988.990000 3463452.800000 2.425135 0.000000 5C422503D 18 -94 
1721032278182 1721032278196 14 328988.990000 3463452.800000 2.425135 0.000000 5C422503D 18 -94 
1721032278237 1721032278254 17 328988.990000 3463452.800000 2.425135 0.000000 5C422503D 18 -94 
1721032278292 1721032278308 16 328988.980000 3463452.800000 2.426008 0.000000 5C422503D 18 -94 
1721032278347 1721032278362 15 328988.980000 3463452.800000 2.426008 0.000000 5C422503D 18 -94 
1721032278402 1721032278419 17 328988.980000 3463452.800000 2.426008 0.000000 5C422503D 18 -94 
1721032278456 1721032278471 15 328988.980000 3463452.800000 2.427098 0.000000 5C422503D 18 -94 
1721032278512 1721032278528 16 328988.990000 3463452.800000 2.427098 0.000000 5C422503D 18 -94 
1721032278567 1721032278584 17 328988.990000 3463452.800000 2.427098 0.000000 5C422503D 18 -94 
1721032278622 1721032278639 17 328988.990000 3463452.800000 2.427098 0.000000 5C422503D 18 -94 
1721032278677 1721032278692 15 328988.990000 3463452.800000 2.427317 0.000000 5C422503D 18 -94 
1721032278733 1721032278746 13 328988.990000 3463452.800000 2.427317 0.000000 5C422503D 18 -94 
1721032278788 1721032278804 16 328988.990000 3463452.800000 2.427317 0.000000 5C422503D 18 -94 
1721032278843 1721032278862 19 328988.990000 3463452.800000 2.427317 0.000000 5C422503D 18 -94 
1721032278898 1721032278914 16 328988.990000 3463452.800000 2.426444 0.000000 5C422503D 18 -94 
1721032278954 1721032278969 15 328988.990000 3463452.800000 2.426444 0.000000 5C422503D 18 -94 
1721032279009 1721032279027 18 328988.990000 3463452.800000 2.426444 0.000000 5C422503D 18 -94 
1721032279064 1721032279079 15 328988.990000 3463452.800000 2.426880 0.000000 5C422503D 18 -94 
1721032279119 1721032279137 18 328988.990000 3463452.800000 2.426880 0.000000 5C422503D 18 -94 
1721032279178 1721032279193 15 328988.990000 3463452.800000 2.426880 0.000000 5C422503D 18 -94 
1721032279234 1721032279246 12 328988.990000 3463452.800000 2.426880 0.000000 5C422503D 18 -94 
1721032279289 1721032279308 19 328988.990000 3463452.800000 2.424044 0.000000 5C422503D 18 -94 
1721032279344 1721032279359 15 328988.990000 3463452.800000 2.424044 0.000000 5C422503D 18 -94 
1721032279399 1721032279413 14 328988.990000 3463452.800000 2.424044 0.000000 5C422503D 18 -94 
1721032279454 1721032279471 17 328988.990000 3463452.800000 2.429716 0.000000 5C422503D 18 -94 
1721032279509 1721032279525 16 328988.990000 3463452.800000 2.429716 0.000000 5C422503D 18 -94 
1721032279564 1721032279577 13 328988.990000 3463452.800000 2.429716 0.000000 5C422503D 18 -94 
1721032279619 1721032279637 18 328988.990000 3463452.800000 2.429716 0.000000 5C422503D 18 -94 
1721032279674 1721032279689 15 328988.990000 3463452.800000 2.430153 0.000000 5C422503D 18 -94 
1721032279730 1721032279747 17 328988.990000 3463452.800000 2.430153 0.000000 5C422503D 18 -94 
1721032279784 1721032279799 15 328988.990000 3463452.800000 2.430153 0.000000 5C422503D 18 -94 
1721032279839 1721032279857 18 328988.990000 3463452.800000 2.430153 0.000000 5C422503D 18 -94 
1721032279895 1721032279913 18 328988.990000 3463452.800000 2.424480 0.000000 5C422503D 18 -94 
1721032279950 1721032279965 15 328988.990000 3463452.800000 2.424480 0.000000 5C422503D 18 -94 
1721032280006 1721032280021 15 328988.990000 3463452.800000 2.424480 0.000000 5C422503D 18 -94 
1721032280061 1721032280079 18 328988.990000 3463452.800000 2.429716 0.000000 5C422503D 18 -94 
1721032280116 1721032280131 15 328988.990000 3463452.800000 2.429716 0.000000 5C422503D 18 -94 
1721032280171 1721032280187 16 328988.990000 3463452.800000 2.429716 0.000000 5C422503D 18 -94 
1721032280226 1721032280241 15 328988.990000 3463452.800000 2.429716 0.000000 5C422503D 18 -94 
1721032280281 1721032280299 18 328988.990000 3463452.800000 2.429498 0.000000 5C422503D 18 -94 
1721032280337 1721032280351 14 328988.990000 3463452.800000 2.429498 0.000000 5C422503D 18 -94 
1721032280392 1721032280409 17 328988.990000 3463452.800000 2.429498 0.000000 5C422503D 18 -94 
1721032280447 1721032280467 20 328989.000000 3463452.800000 2.429498 0.000000 5C422503D 18 -94 
1721032280502 1721032280519 17 328988.990000 3463452.800000 2.428407 0.000000 5C422503D 18 -94 
1721032280557 1721032280571 14 328988.990000 3463452.800000 2.428407 0.000000 5C422503D 18 -94 
1721032280612 1721032280626 14 328989.000000 3463452.800000 2.428407 0.000000 5C422503D 18 -94 
1721032280667 1721032280683 16 328989.000000 3463452.800000 2.426880 0.000000 5C422503D 18 -94 
1721032280722 1721032280738 16 328988.990000 3463452.800000 2.426880 0.000000 5C422503D 18 -94 
1721032280777 1721032280793 16 328988.990000 3463452.800000 2.426880 0.000000 5C422503D 18 -94 
1721032280832 1721032280847 15 328988.990000 3463452.800000 2.426880 0.000000 5C422503D 18 -94 
1721032280887 1721032280902 15 328988.990000 3463452.800000 2.426662 0.000000 5C422503D 18 -94 
1721032280943 1721032280956 13 328988.990000 3463452.800000 2.426662 0.000000 5C422503D 18 -94 
1721032280998 1721032281011 13 328988.990000 3463452.800000 2.426662 0.000000 5C422503D 18 -94 
1721032281054 1721032281069 15 328988.990000 3463452.800000 2.427535 0.000000 5C422503D 18 -94 
1721032281109 1721032281124 15 328988.990000 3463452.800000 2.427535 0.000000 5C422503D 18 -94 
1721032281164 1721032281179 15 328988.990000 3463452.800000 2.427535 0.000000 5C422503D 18 -94 
1721032281220 1721032281234 14 328988.990000 3463452.800000 2.427535 0.000000 5C422503D 18 -94 
1721032281275 1721032281294 19 328988.990000 3463452.800000 2.427098 0.000000 5C422503D 18 -94 
1721032281330 1721032281344 14 328988.990000 3463452.800000 2.427098 0.000000 5C422503D 18 -94 
1721032281384 1721032281399 15 328988.990000 3463452.800000 2.427098 0.000000 5C422503D 18 -94 
1721032281440 1721032281454 14 328988.990000 3463452.800000 2.426226 0.000000 5C422503D 18 -94 
1721032281499 1721032281517 18 328988.990000 3463452.800000 2.426226 0.000000 5C422503D 18 -94 
1721032281554 1721032281568 14 328988.990000 3463452.800000 2.426226 0.000000 5C422503D 18 -94 
1721032281609 1721032281624 15 328988.990000 3463452.800000 2.426226 0.000000 5C422503D 18 -94 
1721032281664 1721032281678 14 328988.990000 3463452.800000 2.429062 0.000000 5C422503D 18 -94 
1721032281719 1721032281734 15 328988.990000 3463452.800000 2.429062 0.000000 5C422503D 18 -94 
1721032281774 1721032281788 14 328988.990000 3463452.800000 2.429062 0.000000 5C422503D 18 -94 
1721032281829 1721032281843 14 328988.990000 3463452.800000 2.429062 0.000000 5C422503D 18 -94 
1721032281884 1721032281898 14 328988.990000 3463452.800000 2.428626 0.000000 5C422503D 18 -94 
1721032281939 1721032281953 14 328988.990000 3463452.800000 2.428626 0.000000 5C422503D 18 -94 
1721032281994 1721032282008 14 328988.990000 3463452.800000 2.428626 0.000000 5C422503D 18 -94 
1721032282048 1721032282062 14 328988.990000 3463452.800000 2.428626 0.000000 5C422503D 18 -94 
1721032282104 1721032282119 15 328988.990000 3463452.800000 2.424262 0.000000 5C422503D 18 -94 
1721032282159 1721032282174 15 328988.990000 3463452.800000 2.424262 0.000000 5C422503D 18 -94 
1721032282215 1721032282229 14 328988.990000 3463452.800000 2.424262 0.000000 5C422503D 18 -94 
1721032282271 1721032282289 18 328988.990000 3463452.800000 2.426226 0.000000 5C422503D 18 -94 
1721032282330 1721032282344 14 328988.990000 3463452.800000 2.426226 0.000000 5C422503D 18 -94 
1721032282384 1721032282399 15 328988.990000 3463452.800000 2.426226 0.000000 5C422503D 18 -94 
1721032282444 1721032282459 15 328988.990000 3463452.800000 2.426226 0.000000 5C422503D 18 -94 
1721032282503 1721032282519 16 328988.990000 3463452.800000 2.425353 0.000000 5C422503D 18 -94 
1721032282558 1721032282574 16 328988.990000 3463452.800000 2.425353 0.000000 5C422503D 18 -94 
1721032282613 1721032282629 16 328988.990000 3463452.800000 2.425353 0.000000 5C422503D 18 -94 
1721032282668 1721032282684 16 328988.990000 3463452.800000 2.430807 0.000000 5C422503D 18 -94 
1721032282723 1721032282736 13 328988.990000 3463452.800000 2.430807 0.000000 5C422503D 18 -94 
1721032282778 1721032282801 23 328988.990000 3463452.800000 2.430807 0.000000 5C422503D 18 -94 
1721032282833 1721032282849 16 328988.990000 3463452.800000 2.429716 0.000000 5C422503D 18 -94 
1721032282888 1721032282903 15 328988.990000 3463452.800000 2.429716 0.000000 5C422503D 18 -94 
1721032282943 1721032282958 15 328988.990000 3463452.800000 2.429716 0.000000 5C422503D 18 -94 
1721032282998 1721032283017 19 328988.990000 3463452.800000 2.429716 0.000000 5C422503D 18 -94 
1721032283053 1721032283068 15 328988.990000 3463452.800000 2.429935 0.000000 5C422503D 18 -94 
1721032283108 1721032283127 19 328988.990000 3463452.800000 2.429935 0.000000 5C422503D 18 -94 
1721032283164 1721032283178 14 328988.990000 3463452.800000 2.429935 0.000000 5C422503D 18 -94 
1721032283246 1721032283261 15 328988.990000 3463452.800000 2.430153 0.000000 5C422503D 18 -94 
1721032283300 1721032283319 19 328988.990000 3463452.800000 2.430153 0.000000 5C422503D 18 -94 
1721032283355 1721032283369 14 328988.990000 3463452.800000 2.430153 0.000000 5C422503D 18 -94 
1721032283410 1721032283429 19 328988.990000 3463452.800000 2.430153 0.000000 5C422503D 18 -94 
1721032283464 1721032283479 15 328988.990000 3463452.800000 2.435607 0.000000 5C422503D 18 -94 
1721032283520 1721032283534 14 328988.990000 3463452.800000 2.435607 0.000000 5C422503D 18 -94 
1721032283579 1721032283594 15 328988.990000 3463452.800000 2.435607 0.000000 5C422503D 18 -94 
1721032283634 1721032283649 15 328988.990000 3463452.800000 2.435607 0.000000 5C422503D 18 -94 
1721032283689 1721032283704 15 328988.990000 3463452.800000 2.433643 0.000000 5C422503D 18 -94 
1721032283744 1721032283762 18 328988.990000 3463452.800000 2.433643 0.000000 5C422503D 18 -94 
1721032283799 1721032283814 15 328988.990000 3463452.800000 2.433643 0.000000 5C422503D 18 -94 
1721032283854 1721032283869 15 328988.990000 3463452.800000 2.436261 0.000000 5C422503D 18 -94 
1721032283909 1721032283922 13 328988.990000 3463452.800000 2.436261 0.000000 5C422503D 18 -94 
1721032283964 1721032283979 15 328988.990000 3463452.800000 2.436261 0.000000 5C422503D 18 -94 
1721032284019 1721032284036 17 328988.990000 3463452.800000 2.436261 0.000000 5C422503D 18 -94 
1721032284074 1721032284088 14 328988.990000 3463452.800000 2.434516 0.000000 5C422503D 18 -94 
1721032284128 1721032284143 15 328988.990000 3463452.800000 2.434516 0.000000 5C422503D 18 -94 
1721032284184 1721032284198 14 328988.990000 3463452.800000 2.434516 0.000000 5C422503D 18 -94 
1721032284238 1721032284253 15 328988.990000 3463452.800000 2.434516 0.000000 5C422503D 18 -94 
1721032284294 1721032284308 14 328988.990000 3463452.800000 2.434298 0.000000 5C422503D 18 -94 
1721032284349 1721032284363 14 328988.990000 3463452.800000 2.434298 0.000000 5C422503D 18 -94 
1721032284404 1721032284423 19 328988.990000 3463452.800000 2.434298 0.000000 5C422503D 18 -94 
1721032284459 1721032284474 15 328988.990000 3463452.800000 2.432771 0.000000 5C422503D 18 -94 
1721032284514 1721032284528 14 328988.990000 3463452.800000 2.432771 0.000000 5C422503D 18 -94 
1721032284569 1721032284584 15 328988.990000 3463452.800000 2.432771 0.000000 5C422503D 18 -94 
1721032284624 1721032284644 20 328988.990000 3463452.800000 2.432771 0.000000 5C422503D 18 -94 
1721032284681 1721032284697 16 328988.990000 3463452.800000 2.435389 0.000000 5C422503D 18 -94 
1721032284736 1721032284754 18 328988.990000 3463452.800000 2.435389 0.000000 5C422503D 18 -94 
1721032284791 1721032284807 16 328988.990000 3463452.800000 2.435389 0.000000 5C422503D 18 -94 
1721032284846 1721032284866 20 328988.990000 3463452.800000 2.436480 0.000000 5C422503D 18 -94 
1721032284901 1721032284919 18 328988.990000 3463452.800000 2.436480 0.000000 5C422503D 18 -94 
1721032284956 1721032284971 15 328988.990000 3463452.800000 2.436480 0.000000 5C422503D 18 -94 
1721032285011 1721032285029 18 328988.990000 3463452.790000 2.436480 0.000000 5C422503D 18 -94 
1721032285066 1721032285084 18 328988.990000 3463452.790000 2.432116 0.000000 5C422503D 18 -94 
1721032285121 1721032285143 22 328988.990000 3463452.790000 2.432116 0.000000 5C422503D 18 -94 
1721032285176 1721032285191 15 328988.990000 3463452.790000 2.432116 0.000000 5C422503D 18 -94 
1721032285231 1721032285248 17 328988.990000 3463452.790000 2.432116 0.000000 5C422503D 18 -94 
1721032285286 1721032285303 17 328988.990000 3463452.790000 2.432116 0.000000 5C422503D 18 -94 
1721032285341 1721032285356 15 328988.990000 3463452.790000 2.432116 0.000000 5C422503D 18 -94 
1721032285396 1721032285420 24 328988.990000 3463452.790000 2.432116 0.000000 5C422503D 18 -94 
1721032285451 1721032285468 17 328988.990000 3463452.790000 2.432116 0.000000 5C422503D 18 -94 
1721032285506 1721032285521 15 328988.990000 3463452.790000 2.427098 0.000000 5C422503D 18 -94 
1721032285566 1721032285581 15 328988.990000 3463452.790000 2.427098 0.000000 5C422503D 18 -94 
1721032285621 1721032285636 15 328988.990000 3463452.790000 2.427098 0.000000 5C422503D 18 -94 
1721032285676 1721032285695 19 328988.990000 3463452.790000 2.425135 0.000000 5C422503D 18 -94 
1721032285736 1721032285752 16 328988.990000 3463452.790000 2.425135 0.000000 5C422503D 18 -94 
1721032285791 1721032285811 20 328988.990000 3463452.790000 2.425135 0.000000 5C422503D 18 -94 
1721032285846 1721032285861 15 328988.990000 3463452.790000 2.425135 0.000000 5C422503D 18 -94 
1721032285901 1721032285918 17 328988.990000 3463452.790000 2.422735 0.000000 5C422503D 18 -94 
1721032285956 1721032285974 18 328988.990000 3463452.790000 2.422735 0.000000 5C422503D 18 -94 
1721032286011 1721032286027 16 328988.990000 3463452.790000 2.422735 0.000000 5C422503D 18 -94 
1721032286066 1721032286084 18 328988.990000 3463452.790000 2.425789 0.000000 5C422503D 18 -94 
1721032286121 1721032286139 18 328988.990000 3463452.790000 2.425789 0.000000 5C422503D 18 -94 
1721032286176 1721032286194 18 328988.990000 3463452.790000 2.425789 0.000000 5C422503D 18 -94 
1721032286231 1721032286249 18 328988.990000 3463452.790000 2.425789 0.000000 5C422503D 18 -94 
1721032286286 1721032286303 17 328988.990000 3463452.800000 2.425571 0.000000 5C422503D 18 -94 
1721032286341 1721032286357 16 328988.990000 3463452.790000 2.425571 0.000000 5C422503D 18 -94 
1721032286396 1721032286413 17 328988.990000 3463452.790000 2.425571 0.000000 5C422503D 18 -94 
1721032286451 1721032286468 17 328988.990000 3463452.790000 2.425571 0.000000 5C422503D 18 -94 
1721032286506 1721032286523 17 328988.990000 3463452.800000 2.424262 0.000000 5C422503D 18 -94 
1721032286561 1721032286576 15 328988.990000 3463452.800000 2.424262 0.000000 5C422503D 18 -94 
1721032286620 1721032286634 14 328988.990000 3463452.800000 2.424262 0.000000 5C422503D 18 -94 
1721032286675 1721032286691 16 328988.990000 3463452.790000 2.425789 0.000000 5C422503D 18 -94 
1721032286730 1721032286748 18 328988.990000 3463452.800000 2.425789 0.000000 5C422503D 18 -94 
1721032286785 1721032286801 16 328988.990000 3463452.800000 2.425789 0.000000 5C422503D 18 -94 
1721032286840 1721032286852 12 328988.990000 3463452.800000 2.425789 0.000000 5C422503D 18 -94 
1721032286895 1721032286909 14 328988.990000 3463452.800000 2.425789 0.000000 5C422503D 18 -94 
1721032286949 1721032286964 15 328988.990000 3463452.800000 2.425789 0.000000 5C422503D 18 -94 
1721032287004 1721032287019 15 328988.990000 3463452.800000 2.425789 0.000000 5C422503D 18 -94 
1721032287059 1721032287074 15 328988.990000 3463452.800000 2.425353 0.000000 5C422503D 18 -94 
1721032287114 1721032287133 19 328988.990000 3463452.800000 2.425353 0.000000 5C422503D 18 -94 
1721032287170 1721032287189 19 328988.990000 3463452.800000 2.425353 0.000000 5C422503D 18 -94 
1721032287225 1721032287239 14 328988.990000 3463452.800000 2.425353 0.000000 5C422503D 18 -94 
1721032287280 1721032287294 14 328988.990000 3463452.800000 2.424917 0.000000 5C422503D 18 -94 
1721032287335 1721032287347 12 328988.990000 3463452.800000 2.424917 0.000000 5C422503D 18 -94 
1721032287394 1721032287409 15 328988.990000 3463452.800000 2.424917 0.000000 5C422503D 18 -94 
1721032287448 1721032287464 16 328988.990000 3463452.800000 2.424262 0.000000 5C422503D 18 -94 
1721032287503 1721032287518 15 328988.990000 3463452.800000 2.424262 0.000000 5C422503D 18 -94 
1721032287561 1721032287581 20 328988.990000 3463452.800000 2.424262 0.000000 5C422503D 18 -94 
1721032287616 1721032287633 17 328988.990000 3463452.800000 2.424262 0.000000 5C422503D 18 -94 
1721032287671 1721032287688 17 328988.990000 3463452.800000 2.422953 0.000000 5C422503D 18 -94 
1721032287726 1721032287748 22 328988.990000 3463452.800000 2.422953 0.000000 5C422503D 18 -94 
1721032287781 1721032287796 15 328988.990000 3463452.800000 2.422953 0.000000 5C422503D 18 -94 
1721032287836 1721032287851 15 328988.990000 3463452.800000 2.422953 0.000000 5C422503D 18 -94 
1721032287896 1721032287916 20 328988.990000 3463452.800000 2.424262 0.000000 5C422503D 18 -94 
1721032287950 1721032287966 16 328988.990000 3463452.800000 2.424262 0.000000 5C422503D 18 -94 
1721032288005 1721032288018 13 328988.990000 3463452.800000 2.424262 0.000000 5C422503D 18 -94 
1721032288060 1721032288076 16 328988.990000 3463452.800000 2.424917 0.000000 5C422503D 18 -94 
1721032288115 1721032288137 22 328988.990000 3463452.800000 2.424917 0.000000 5C422503D 18 -94 
1721032288170 1721032288184 14 328988.990000 3463452.800000 2.424917 0.000000 5C422503D 18 -94 
1721032288225 1721032288239 14 328988.990000 3463452.800000 2.424917 0.000000 5C422503D 18 -94 
1721032288280 1721032288294 14 328988.990000 3463452.800000 2.425135 0.000000 5C422503D 18 -94 
1721032288335 1721032288347 12 328988.990000 3463452.800000 2.425135 0.000000 5C422503D 18 -94 
1721032288390 1721032288404 14 328988.990000 3463452.800000 2.425135 0.000000 5C422503D 18 -94 
1721032288445 1721032288459 14 328988.990000 3463452.800000 2.425135 0.000000 5C422503D 18 -94 
1721032288500 1721032288516 16 328988.990000 3463452.800000 2.423390 0.000000 5C422503D 18 -94 
1721032288555 1721032288574 19 328988.990000 3463452.800000 2.423390 0.000000 5C422503D 18 -94 
1721032288610 1721032288629 19 328988.990000 3463452.800000 2.423390 0.000000 5C422503D 18 -94 
1721032288666 1721032288682 16 328988.990000 3463452.800000 2.425789 0.000000 5C422503D 18 -94 
1721032288720 1721032288736 16 328988.990000 3463452.800000 2.425789 0.000000 5C422503D 18 -94 
1721032288775 1721032288788 13 328988.990000 3463452.800000 2.425789 0.000000 5C422503D 18 -94 
1721032288830 1721032288846 16 328988.990000 3463452.800000 2.425789 0.000000 5C422503D 18 -94 
1721032288885 1721032288911 26 328988.990000 3463452.800000 2.424699 0.000000 5C422503D 18 -94 
1721032288940 1721032288954 14 328988.990000 3463452.800000 2.424699 0.000000 5C422503D 18 -94 
1721032288999 1721032289013 14 328988.990000 3463452.800000 2.424699 0.000000 5C422503D 18 -94 
1721032289056 1721032289076 20 328988.990000 3463452.800000 2.425571 0.000000 5C422503D 18 -95 
1721032289115 1721032289134 19 328988.990000 3463452.800000 2.425571 0.000000 5C422503D 18 -95 
1721032289170 1721032289183 13 328988.990000 3463452.800000 2.425571 0.000000 5C422503D 18 -95 
1721032289225 1721032289241 16 328988.990000 3463452.800000 2.425571 0.000000 5C422503D 18 -95 
1721032289280 1721032289292 12 328988.990000 3463452.800000 2.423608 0.000000 5C422503D 18 -95 
1721032289336 1721032289354 18 328988.990000 3463452.800000 2.423608 0.000000 5C422503D 18 -95 
1721032289391 1721032289408 17 328988.990000 3463452.800000 2.423608 0.000000 5C422503D 18 -95 
1721032289446 1721032289461 15 328988.990000 3463452.800000 2.423608 0.000000 5C422503D 18 -95 
1721032289501 1721032289519 18 328988.990000 3463452.800000 2.428626 0.000000 5C422503D 18 -95 
1721032289556 1721032289574 18 328988.990000 3463452.800000 2.428626 0.000000 5C422503D 18 -95 
1721032289611 1721032289629 18 328988.990000 3463452.800000 2.428626 0.000000 5C422503D 18 -95 
1721032289666 1721032289686 20 328988.990000 3463452.800000 2.428626 0.000000 5C422503D 18 -95 
1721032289721 1721032289736 15 328988.990000 3463452.800000 2.429062 0.000000 5C422503D 18 -95 
1721032289776 1721032289799 23 328988.990000 3463452.800000 2.429062 0.000000 5C422503D 18 -95 
1721032289831 1721032289846 15 328988.990000 3463452.800000 2.430153 0.000000 5C422503D 18 -95 
1721032289886 1721032289903 17 328988.990000 3463452.800000 2.430153 0.000000 5C422503D 18 -95 
1721032289941 1721032289958 17 328988.990000 3463452.800000 2.430153 0.000000 5C422503D 18 -95 
1721032289996 1721032290013 17 328988.990000 3463452.800000 2.430153 0.000000 5C422503D 18 -95 
1721032290051 1721032290066 15 328988.990000 3463452.800000 2.430153 0.000000 5C422503D 18 -95 
1721032290107 1721032290123 16 328988.990000 3463452.800000 2.429280 0.000000 5C422503D 18 -95 
1721032290166 1721032290181 15 328988.990000 3463452.800000 2.429280 0.000000 5C422503D 18 -95 
1721032290220 1721032290238 18 328988.990000 3463452.800000 2.429280 0.000000 5C422503D 18 -95 
1721032290276 1721032290297 21 328988.990000 3463452.800000 2.427535 0.000000 5C422503D 18 -95 
1721032290331 1721032290346 15 328988.990000 3463452.800000 2.427535 0.000000 5C422503D 18 -95 
1721032290386 1721032290401 15 328988.990000 3463452.800000 2.427535 0.000000 5C422503D 18 -95 
1721032290441 1721032290459 18 328988.990000 3463452.800000 2.429935 0.000000 5C422503D 18 -95 
1721032290496 1721032290514 18 328988.990000 3463452.800000 2.429935 0.000000 5C422503D 18 -95 
1721032290551 1721032290568 17 328988.990000 3463452.800000 2.429935 0.000000 5C422503D 18 -95 
1721032290606 1721032290626 20 328988.990000 3463452.800000 2.429935 0.000000 5C422503D 18 -95 
1721032290661 1721032290694 33 328988.990000 3463452.800000 2.427535 0.000000 5C422503D 18 -95 
1721032290716 1721032290734 18 328988.990000 3463452.800000 2.427535 0.000000 5C422503D 18 -95 
1721032290771 1721032290789 18 328988.990000 3463452.800000 2.427535 0.000000 5C422503D 18 -95 
1721032290827 1721032290844 17 328988.990000 3463452.800000 2.427535 0.000000 5C422503D 18 -95 
1721032290882 1721032290909 27 328988.990000 3463452.800000 2.430589 0.000000 5C422503D 18 -95 
1721032290937 1721032290951 14 328988.990000 3463452.800000 2.430589 0.000000 5C422503D 18 -95 
1721032290992 1721032291007 15 328988.990000 3463452.800000 2.430589 0.000000 5C422503D 18 -95 
1721032291047 1721032291061 14 328988.990000 3463452.800000 2.427098 0.000000 5C422503D 18 -95 
1721032291102 1721032291119 17 328988.990000 3463452.800000 2.427098 0.000000 5C422503D 18 -95 
1721032291157 1721032291173 16 328988.990000 3463452.800000 2.427098 0.000000 5C422503D 18 -95 
1721032291217 1721032291231 14 328988.990000 3463452.800000 2.427098 0.000000 5C422503D 18 -95 
1721032291272 1721032291289 17 328988.990000 3463452.800000 2.428407 0.000000 5C422503D 18 -95 
1721032291327 1721032291341 14 328988.990000 3463452.800000 2.428407 0.000000 5C422503D 18 -95 
1721032291382 1721032291398 16 328988.990000 3463452.800000 2.428407 0.000000 5C422503D 18 -95 
1721032291437 1721032291451 14 328988.990000 3463452.800000 2.428844 0.000000 5C422503D 18 -95 
1721032291492 1721032291509 17 328988.990000 3463452.800000 2.428844 0.000000 5C422503D 18 -95 
1721032291547 1721032291562 15 328988.990000 3463452.800000 2.428844 0.000000 5C422503D 18 -95 
1721032291602 1721032291621 19 328988.990000 3463452.800000 2.428844 0.000000 5C422503D 18 -95 
1721032291657 1721032291673 16 328988.990000 3463452.800000 2.427535 0.000000 5C422503D 18 -95 
1721032291712 1721032291733 21 328988.990000 3463452.800000 2.427535 0.000000 5C422503D 18 -95 
1721032291767 1721032291784 17 328988.990000 3463452.800000 2.427535 0.000000 5C422503D 18 -95 
1721032291822 1721032291838 16 328988.990000 3463452.800000 2.427535 0.000000 5C422503D 18 -95 
1721032291877 1721032291891 14 328988.990000 3463452.800000 2.428844 0.000000 5C422503D 18 -95 
1721032291932 1721032291949 17 328988.990000 3463452.800000 2.428844 0.000000 5C422503D 18 -95 
1721032291987 1721032292004 17 328988.990000 3463452.800000 2.428844 0.000000 5C422503D 18 -95 
1721032292042 1721032292059 17 328988.990000 3463452.800000 2.427535 0.000000 5C422503D 18 -95 
1721032292097 1721032292116 19 328988.990000 3463452.800000 2.427535 0.000000 5C422503D 18 -95 
1721032292152 1721032292166 14 328988.990000 3463452.800000 2.427535 0.000000 5C422503D 18 -95 
1721032292207 1721032292227 20 328988.990000 3463452.800000 2.427535 0.000000 5C422503D 18 -95 
1721032292262 1721032292278 16 328988.990000 3463452.800000 2.429716 0.000000 5C422503D 18 -95 
1721032292317 1721032292331 14 328988.990000 3463452.800000 2.429716 0.000000 5C422503D 18 -95 
1721032292372 1721032292386 14 328988.990000 3463452.800000 2.429716 0.000000 5C422503D 18 -95 
1721032292427 1721032292441 14 328988.990000 3463452.800000 2.429716 0.000000 5C422503D 18 -95 
1721032292498 1721032292513 15 328988.990000 3463452.800000 2.428189 0.000000 5C422503D 18 -95 
1721032292566 1721032292583 17 328988.990000 3463452.800000 2.428189 0.000000 5C422503D 18 -95 
1721032292620 1721032292633 13 328988.990000 3463452.800000 2.428189 0.000000 5C422503D 18 -95 
1721032292675 1721032292696 21 328988.990000 3463452.800000 2.427971 0.000000 5C422503D 18 -95 
1721032292730 1721032292744 14 328988.990000 3463452.800000 2.427971 0.000000 5C422503D 18 -95 
1721032292785 1721032292799 14 328988.990000 3463452.800000 2.427971 0.000000 5C422503D 18 -95 
1721032292872 1721032292899 27 328988.990000 3463452.800000 2.429498 0.000000 5C422503D 18 -95 
1721032292947 1721032292964 17 328988.990000 3463452.800000 2.429498 0.000000 5C422503D 18 -95 
1721032293024 1721032293049 25 328988.990000 3463452.800000 2.429498 0.000000 5C422503D 18 -95 
1721032293100 1721032293114 14 328988.990000 3463452.800000 2.431025 0.000000 5C422503D 18 -95 
1721032293175 1721032293204 29 328988.990000 3463452.800000 2.431025 0.000000 5C422503D 18 -95 
1721032293246 1721032293264 18 328988.990000 3463452.800000 2.431025 0.000000 5C422503D 18 -95 
1721032293348 1721032293369 21 328988.990000 3463452.800000 2.428844 0.000000 5C422503D 18 -95 
1721032293443 1721032293468 25 328988.990000 3463452.800000 2.428844 0.000000 5C422503D 18 -95 
1721032293506 1721032293523 17 328988.990000 3463452.800000 2.428626 0.000000 5C422503D 18 -95 
1721032293650 1721032293668 18 328988.990000 3463452.800000 2.428626 0.000000 5C422503D 18 -95 
1721032293731 1721032293759 28 328988.990000 3463452.800000 2.427317 0.000000 5C422503D 18 -95 
1721032293809 1721032293823 14 328988.990000 3463452.800000 2.427317 0.000000 5C422503D 18 -95 
1721032293885 1721032293909 24 328988.990000 3463452.800000 2.427535 0.000000 5C422503D 18 -95 
1721032293959 1721032293978 19 328988.990000 3463452.800000 2.427535 0.000000 5C422503D 18 -95 
1721032294036 1721032294054 18 328988.990000 3463452.800000 2.427535 0.000000 5C422503D 18 -95 
1721032294113 1721032294138 25 328988.990000 3463452.800000 2.429062 0.000000 5C422503D 18 -95 
1721032294192 1721032294206 14 328988.990000 3463452.800000 2.429062 0.000000 5C422503D 18 -95 
1721032294279 1721032294299 20 328988.990000 3463452.800000 2.426444 0.000000 5C422503D 18 -95 
1721032294359 1721032294374 15 328988.990000 3463452.800000 2.426444 0.000000 5C422503D 18 -95 
1721032294437 1721032294459 22 328988.990000 3463452.800000 2.427753 0.000000 5C422503D 18 -95 
1721032294516 1721032294539 23 328988.990000 3463452.800000 2.427753 0.000000 5C422503D 18 -95 
1721032294617 1721032294639 22 328988.990000 3463452.800000 2.427753 0.000000 5C422503D 18 -95 
1721032294676 1721032294691 15 328988.990000 3463452.800000 2.428189 0.000000 5C422503D 18 -95 
1721032294735 1721032294749 14 328988.990000 3463452.800000 2.428189 0.000000 5C422503D 18 -95 
1721032294817 1721032294842 25 328988.990000 3463452.800000 2.428189 0.000000 5C422503D 18 -95 
1721032294892 1721032294912 20 328988.990000 3463452.800000 2.427317 0.000000 5C422503D 18 -95 
1721032294976 1721032294999 23 328988.990000 3463452.800000 2.427317 0.000000 5C422503D 18 -95 
1721032295091 1721032295119 28 328988.990000 3463452.800000 2.429062 0.000000 5C422503D 18 -95 
1721032295164 1721032295189 25 328988.990000 3463452.800000 2.429062 0.000000 5C422503D 18 -95 
1721032295244 1721032295264 20 328988.990000 3463452.800000 2.429062 0.000000 5C422503D 18 -95 
1721032295323 1721032295339 16 328988.990000 3463452.800000 2.429716 0.000000 5C422503D 18 -95 
1721032295426 1721032295449 23 328988.990000 3463452.800000 2.435825 0.000000 5C422503D 18 -95 
1721032295502 1721032295519 17 328988.990000 3463452.800000 2.435825 0.000000 5C422503D 18 -95 
1721032295576 1721032295604 28 328988.990000 3463452.800000 2.435825 0.000000 5C422503D 18 -95 
1721032295660 1721032295674 14 328988.990000 3463452.800000 2.435389 0.000000 5C422503D 18 -95 
1721032295766 1721032295789 23 328988.990000 3463452.800000 2.435389 0.000000 5C422503D 18 -95 
1721032295821 1721032295839 18 328988.990000 3463452.800000 2.435389 0.000000 5C422503D 18 -95 
1721032295919 1721032295933 14 328988.990000 3463452.800000 2.434298 0.000000 5C422503D 18 -95 
1721032296000 1721032296018 18 328988.990000 3463452.800000 2.434298 0.000000 5C422503D 18 -95 
1721032296100 1721032296118 18 328988.990000 3463452.800000 2.424480 0.000000 5C422503D 18 -95 
1721032296216 1721032296238 22 328988.990000 3463452.800000 2.424480 0.000000 5C422503D 18 -95 
1721032296293 1721032296309 16 328988.990000 3463452.800000 2.431025 0.000000 5C422503D 18 -95 
1721032296375 1721032296404 29 328988.990000 3463452.800000 2.431025 0.000000 5C422503D 18 -95 
1721032296455 1721032296469 14 328988.990000 3463452.800000 2.433207 0.000000 5C422503D 18 -95 
1721032296539 1721032296559 20 328988.990000 3463452.800000 2.433207 0.000000 5C422503D 18 -95 
1721032296637 1721032296659 22 328988.990000 3463452.800000 2.433207 0.000000 5C422503D 18 -95 
1721032296715 1721032296739 24 328988.990000 3463452.800000 2.435607 0.000000 5C422503D 18 -95 
1721032296788 1721032296802 14 328988.990000 3463452.800000 2.435607 0.000000 5C422503D 18 -95 
1721032296882 1721032296902 20 328988.990000 3463452.800000 2.432989 0.000000 5C422503D 18 -95 
1721032296937 1721032296954 17 328988.990000 3463452.800000 2.432989 0.000000 5C422503D 18 -95 
1721032296996 1721032297012 16 328988.990000 3463452.800000 2.432989 0.000000 5C422503D 18 -95 
1721032297084 1721032297108 24 328988.990000 3463452.800000 2.430371 0.000000 5C422503D 18 -95 
1721032297184 1721032297208 24 328988.990000 3463452.800000 2.430371 0.000000 5C422503D 18 -95 
1721032297294 1721032297320 26 328988.990000 3463452.800000 2.433425 0.000000 5C422503D 18 -95 
1721032297374 1721032297394 20 328988.990000 3463452.800000 2.433425 0.000000 5C422503D 18 -95 
1721032297451 1721032297479 28 328988.990000 3463452.800000 2.433425 0.000000 5C422503D 18 -95 
1721032297524 1721032297539 15 328988.990000 3463452.800000 2.430371 0.000000 5C422503D 18 -95 
1721032297585 1721032297598 13 328988.990000 3463452.800000 2.430371 0.000000 5C422503D 18 -95 
1721032297660 1721032297679 19 328988.990000 3463452.800000 2.429280 0.000000 5C422503D 18 -95 
1721032297715 1721032297729 14 328988.990000 3463452.800000 2.429280 0.000000 5C422503D 18 -95 
1721032297796 1721032297819 23 328988.990000 3463452.800000 2.429280 0.000000 5C422503D 18 -95 
1721032297923 1721032297949 26 328988.990000 3463452.800000 2.430807 0.000000 5C422503D 18 -95 
1721032297999 1721032298014 15 328988.990000 3463452.800000 2.430807 0.000000 5C422503D 18 -95 
1721032298074 1721032298104 30 328988.990000 3463452.800000 2.430153 0.000000 5C422503D 18 -95 
1721032298149 1721032298164 15 328988.990000 3463452.800000 2.430153 0.000000 5C422503D 18 -95 
1721032298209 1721032298223 14 328988.990000 3463452.800000 2.430153 0.000000 5C422503D 18 -95 
1721032298280 1721032298293 13 328988.990000 3463452.800000 2.429498 0.000000 5C422503D 18 -95 
1721032298336 1721032298351 15 328988.990000 3463452.800000 2.429498 0.000000 5C422503D 18 -95 
1721032298409 1721032298429 20 328988.990000 3463452.800000 2.429498 0.000000 5C422503D 18 -95 
1721032298486 1721032298509 23 328988.990000 3463452.800000 2.429935 0.000000 5C422503D 18 -95 
1721032298565 1721032298579 14 328988.990000 3463452.800000 2.429935 0.000000 5C422503D 18 -95 
1721032298642 1721032298669 27 328988.990000 3463452.800000 2.428407 0.000000 5C422503D 18 -95 
1721032298697 1721032298714 17 328988.990000 3463452.800000 2.428407 0.000000 5C422503D 18 -95 
1721032298783 1721032298798 15 328988.990000 3463452.800000 2.428407 0.000000 5C422503D 18 -95 
1721032298858 1721032298874 16 328988.990000 3463452.800000 2.432334 0.000000 5C422503D 18 -95 
1721032298931 1721032298959 28 328988.990000 3463452.800000 2.432334 0.000000 5C422503D 18 -95 
1721032299036 1721032299059 23 328988.990000 3463452.800000 2.428407 0.000000 5C422503D 18 -95 
1721032299113 1721032299126 13 328988.990000 3463452.800000 2.428407 0.000000 5C422503D 18 -95 
1721032299192 1721032299219 27 328988.990000 3463452.800000 2.428407 0.000000 5C422503D 18 -95 
1721032299270 1721032299284 14 328988.990000 3463452.800000 2.428407 0.000000 5C422503D 18 -95 
1721032299369 1721032299389 20 328988.990000 3463452.800000 2.429935 0.000000 5C422503D 18 -95 
1721032299424 1721032299438 14 328988.990000 3463452.800000 2.425789 0.000000 5C422503D 18 -95 
1721032299500 1721032299512 12 328988.990000 3463452.800000 2.425789 0.000000 5C422503D 18 -95 
1721032299592 1721032299620 28 328988.990000 3463452.800000 2.425789 0.000000 5C422503D 18 -95 
1721032299668 1721032299684 16 328988.990000 3463452.800000 2.427098 0.000000 5C422503D 18 -95 
1721032299780 1721032299798 18 328988.990000 3463452.800000 2.427098 0.000000 5C422503D 18 -95 
1721032299852 1721032299866 14 328988.990000 3463452.800000 2.427535 0.000000 5C422503D 18 -95 
1721032299926 1721032299944 18 328988.990000 3463452.800000 2.427535 0.000000 5C422503D 18 -95 
1721032299999 1721032300014 15 328988.990000 3463452.800000 2.427535 0.000000 5C422503D 18 -95 
1721032300079 1721032300099 20 328988.990000 3463452.800000 2.426226 0.000000 5C422503D 18 -95 
1721032300133 1721032300146 13 328988.990000 3463452.800000 2.426226 0.000000 5C422503D 18 -95 
1721032300188 1721032300202 14 328988.990000 3463452.800000 2.426226 0.000000 5C422503D 18 -95 
1721032300243 1721032300264 21 328988.990000 3463452.800000 2.426226 0.000000 5C422503D 18 -95 
1721032300347 1721032300369 22 328988.990000 3463452.800000 2.426662 0.000000 5C422503D 18 -95 
1721032300427 1721032300449 22 328988.990000 3463452.800000 2.426662 0.000000 5C422503D 18 -95 
1721032300506 1721032300529 23 328988.990000 3463452.800000 2.426226 0.000000 5C422503D 18 -95 
1721032300584 1721032300599 15 328988.990000 3463452.800000 2.426226 0.000000 5C422503D 18 -95 
1721032300644 1721032300657 13 328988.990000 3463452.790000 2.427317 0.000000 5C422503D 18 -95 
1721032300739 1721032300758 19 328988.990000 3463452.790000 2.427317 0.000000 5C422503D 18 -95 
1721032300816 1721032300839 23 328988.990000 3463452.800000 2.427317 0.000000 5C422503D 18 -95 
1721032300893 1721032300908 15 328988.990000 3463452.790000 2.426444 0.000000 5C422503D 18 -95 
1721032300970 1721032300989 19 328988.990000 3463452.800000 2.426444 0.000000 5C422503D 18 -95 
1721032301048 1721032301064 16 328988.990000 3463452.790000 2.425353 0.000000 5C422503D 18 -95 
1721032301126 1721032301149 23 328988.990000 3463452.800000 2.425353 0.000000 5C422503D 18 -95 
1721032301207 1721032301234 27 328988.990000 3463452.790000 2.425353 0.000000 5C422503D 18 -95 
1721032301291 1721032301319 28 328988.990000 3463452.790000 2.425571 0.000000 5C422503D 18 -95 
1721032301368 1721032301381 13 328988.990000 3463452.790000 2.425571 0.000000 5C422503D 18 -95 
1721032301448 1721032301472 24 328988.990000 3463452.790000 2.425571 0.000000 5C422503D 18 -95 
1721032301526 1721032301541 15 328988.990000 3463452.790000 2.418154 0.000000 5C422503D 18 -95 
1721032301604 1721032301629 25 328988.990000 3463452.790000 2.418154 0.000000 5C422503D 18 -95 
1721032301684 1721032301697 13 328988.990000 3463452.800000 2.419463 0.000000 5C422503D 18 -95 
1721032301805 1721032301829 24 328988.990000 3463452.790000 2.419463 0.000000 5C422503D 18 -95 
1721032301910 1721032301927 17 328988.990000 3463452.800000 2.418590 0.000000 5C422503D 18 -95 
1721032301988 1721032302007 19 328988.990000 3463452.800000 2.418590 0.000000 5C422503D 18 -95 
1721032302061 1721032302076 15 328988.990000 3463452.790000 2.417063 0.000000 5C422503D 18 -95 
1721032302137 1721032302159 22 328988.990000 3463452.800000 2.417063 0.000000 5C422503D 18 -95 
1721032302224 1721032302238 14 328988.990000 3463452.800000 2.417936 0.000000 5C422503D 18 -95 
1721032302280 1721032302295 15 328988.990000 3463452.790000 2.417936 0.000000 5C422503D 18 -95 
1721032302361 1721032302389 28 328988.990000 3463452.800000 2.417936 0.000000 5C422503D 18 -95 
1721032302443 1721032302462 19 328988.990000 3463452.800000 2.417936 0.000000 5C422503D 18 -95 
1721032302522 1721032302549 27 328988.990000 3463452.800000 2.416627 0.000000 5C422503D 18 -95 
1721032302598 1721032302614 16 328988.990000 3463452.790000 2.416627 0.000000 5C422503D 18 -95 
1721032302676 1721032302699 23 328988.990000 3463452.790000 2.425353 0.000000 5C422503D 18 -95 
1721032302754 1721032302769 15 328988.990000 3463452.790000 2.425353 0.000000 5C422503D 18 -95 
1721032302836 1721032302859 23 328988.990000 3463452.790000 2.427971 0.000000 5C422503D 18 -95 
1721032302896 1721032302909 13 328988.990000 3463452.790000 2.427971 0.000000 5C422503D 18 -95 
1721032302998 1721032303013 15 328988.990000 3463452.790000 2.427971 0.000000 5C422503D 18 -95 
1721032303053 1721032303073 20 328988.990000 3463452.790000 2.427971 0.000000 5C422503D 18 -95 
1721032303157 1721032303178 21 328988.990000 3463452.790000 2.426008 0.000000 5C422503D 18 -94 
1721032303216 1721032303237 21 328988.990000 3463452.790000 2.426008 0.000000 5C422503D 18 -94 
1721032303319 1721032303339 20 328988.990000 3463452.790000 2.427098 0.000000 5C422503D 18 -94 
1721032303408 1721032303429 21 328988.990000 3463452.790000 2.427098 0.000000 5C422503D 18 -94 
1721032303483 1721032303499 16 328988.990000 3463452.790000 2.426444 0.000000 5C422503D 18 -94 
1721032303557 1721032303579 22 328988.990000 3463452.790000 2.426444 0.000000 5C422503D 18 -94 
1721032303632 1721032303649 17 328988.990000 3463452.790000 2.432334 0.000000 5C422503D 18 -94 
1721032303706 1721032303728 22 328988.990000 3463452.790000 2.432334 0.000000 5C422503D 18 -94 
1721032303782 1721032303799 17 328988.990000 3463452.790000 2.432334 0.000000 5C422503D 18 -94 
1721032303864 1721032303888 24 328988.990000 3463452.790000 2.431462 0.000000 5C422503D 18 -94 
1721032303960 1721032303979 19 328988.990000 3463452.790000 2.431462 0.000000 5C422503D 18 -94 
1721032304041 1721032304074 33 328988.990000 3463452.790000 2.433862 0.000000 5C422503D 18 -94 
1721032304112 1721032304129 17 328988.990000 3463452.790000 2.433862 0.000000 5C422503D 18 -94 
1721032304190 1721032304208 18 328988.990000 3463452.790000 2.433862 0.000000 5C422503D 18 -94 
1721032304268 1721032304289 21 328988.990000 3463452.790000 2.433862 0.000000 5C422503D 18 -94 
1721032304419 1721032304439 20 328988.990000 3463452.790000 2.428626 0.000000 5C422503D 18 -94 
1721032304507 1721032304529 22 328988.990000 3463452.790000 2.427317 0.000000 5C422503D 18 -94 
1721032304628 1721032304649 21 328988.990000 3463452.790000 2.427317 0.000000 5C422503D 18 -94 
1721032304730 1721032304749 19 328988.990000 3463452.790000 2.428626 0.000000 5C422503D 18 -94 
1721032304809 1721032304828 19 328988.990000 3463452.790000 2.428626 0.000000 5C422503D 18 -94 
1721032304895 1721032304924 29 328988.990000 3463452.790000 2.428626 0.000000 5C422503D 18 -94 
1721032304973 1721032304989 16 328988.990000 3463452.790000 2.428626 0.000000 5C422503D 18 -94 
1721032305054 1721032305079 25 328988.990000 3463452.790000 2.427971 0.000000 5C422503D 18 -94 
1721032305129 1721032305144 15 328988.990000 3463452.790000 2.427971 0.000000 5C422503D 18 -94 
1721032305209 1721032305229 20 328988.990000 3463452.790000 2.427971 0.000000 5C422503D 18 -94 
1721032305288 1721032305314 26 328988.990000 3463452.790000 2.428407 0.000000 5C422503D 18 -94 
1721032305371 1721032305399 28 328988.990000 3463452.800000 2.428407 0.000000 5C422503D 18 -94 
1721032305447 1721032305461 14 328988.990000 3463452.790000 2.428407 0.000000 5C422503D 18 -94 
1721032305525 1721032305554 29 328988.990000 3463452.800000 2.425353 0.000000 5C422503D 18 -94 
1721032305606 1721032305624 18 328988.990000 3463452.800000 2.425353 0.000000 5C422503D 18 -94 
1721032305681 1721032305708 27 328988.990000 3463452.800000 2.426226 0.000000 5C422503D 18 -94 
1721032305799 1721032305820 21 328988.990000 3463452.800000 2.426226 0.000000 5C422503D 18 -94 
1721032305906 1721032305928 22 328988.990000 3463452.800000 2.427535 0.000000 5C422503D 18 -94 
1721032305985 1721032305999 14 328988.990000 3463452.800000 2.427535 0.000000 5C422503D 18 -94 
1721032306064 1721032306089 25 328988.990000 3463452.800000 2.426226 0.000000 5C422503D 18 -94 
1721032306138 1721032306152 14 328988.990000 3463452.800000 2.426226 0.000000 5C422503D 18 -94 
1721032306203 1721032306216 13 328988.990000 3463452.800000 2.426226 0.000000 5C422503D 18 -94 
1721032306281 1721032306309 28 328988.990000 3463452.800000 2.425353 0.000000 5C422503D 18 -94 
1721032306352 1721032306369 17 328988.990000 3463452.800000 2.425353 0.000000 5C422503D 18 -94 
1721032306431 1721032306459 28 328988.990000 3463452.800000 2.425353 0.000000 5C422503D 18 -94 
1721032306507 1721032306524 17 328988.990000 3463452.800000 2.427971 0.000000 5C422503D 18 -94 
1721032306584 1721032306609 25 328988.990000 3463452.800000 2.427971 0.000000 5C422503D 18 -94 
1721032306662 1721032306678 16 328988.990000 3463452.800000 2.425353 0.000000 5C422503D 18 -94 
1721032306741 1721032306768 27 328988.990000 3463452.800000 2.425353 0.000000 5C422503D 18 -94 
1721032306819 1721032306834 15 328988.990000 3463452.800000 2.425353 0.000000 5C422503D 18 -94 
1721032306892 1721032306919 27 328988.990000 3463452.800000 2.426880 0.000000 5C422503D 18 -94 
1721032306951 1721032306971 20 328988.990000 3463452.800000 2.426880 0.000000 5C422503D 18 -94 
1721032307040 1721032307058 18 328988.990000 3463452.800000 2.429062 0.000000 5C422503D 18 -94 
1721032307220 1721032307239 19 328988.990000 3463452.800000 2.425571 0.000000 5C422503D 18 -94 
1721032307326 1721032307347 21 328988.990000 3463452.800000 2.425571 0.000000 5C422503D 18 -94 
1721032307448 1721032307478 30 328988.990000 3463452.800000 2.428407 0.000000 5C422503D 18 -94 
1721032307548 1721032307568 20 328988.990000 3463452.800000 2.428407 0.000000 5C422503D 18 -94 
1721032307653 1721032307679 26 328988.990000 3463452.800000 2.427971 0.000000 5C422503D 18 -94 
1721032307726 1721032307743 17 328988.990000 3463452.800000 2.427971 0.000000 5C422503D 18 -94 
1721032307802 1721032307829 27 328988.990000 3463452.800000 2.427971 0.000000 5C422503D 18 -94 
1721032307875 1721032307888 13 328988.990000 3463452.800000 2.429280 0.000000 5C422503D 18 -94 
1721032307932 1721032307947 15 328988.990000 3463452.800000 2.429280 0.000000 5C422503D 18 -94 
1721032308006 1721032308029 23 328988.990000 3463452.800000 2.429280 0.000000 5C422503D 18 -94 
1721032308092 1721032308119 27 328988.990000 3463452.800000 2.429062 0.000000 5C422503D 18 -94 
1721032308228 1721032308248 20 328988.990000 3463452.800000 2.429062 0.000000 5C422503D 18 -94 
1721032308286 1721032308304 18 328988.980000 3463452.800000 2.425789 0.000000 5C422503D 18 -94 
1721032308356 1721032308372 16 328988.980000 3463452.800000 2.425789 0.000000 5C422503D 18 -94 
1721032308431 1721032308452 21 328988.980000 3463452.800000 2.425789 0.000000 5C422503D 18 -94 
1721032308508 1721032308529 21 328988.990000 3463452.800000 2.430589 0.000000 5C422503D 18 -94 
1721032308599 1721032308619 20 328988.990000 3463452.800000 2.430589 0.000000 5C422503D 18 -94 
1721032308656 1721032308672 16 328988.990000 3463452.800000 2.430589 0.000000 5C422503D 18 -94 
1721032308751 1721032308772 21 328988.990000 3463452.800000 2.430589 0.000000 5C422503D 18 -94 
1721032308832 1721032308860 28 328988.990000 3463452.800000 2.430589 0.000000 5C422503D 18 -94 
1721032308908 1721032308921 13 328988.990000 3463452.800000 2.428844 0.000000 5C422503D 18 -94 
1721032308988 1721032309009 21 328988.990000 3463452.800000 2.428844 0.000000 5C422503D 18 -94 
1721032309071 1721032309104 33 328988.990000 3463452.790000 2.427317 0.000000 5C422503D 18 -94 
1721032309148 1721032309164 16 328988.990000 3463452.800000 2.427317 0.000000 5C422503D 18 -94 
1721032309220 1721032309239 19 328988.990000 3463452.800000 2.427317 0.000000 5C422503D 18 -94 
1721032309276 1721032309291 15 328988.990000 3463452.790000 2.427098 0.000000 5C422503D 18 -94 
1721032309335 1721032309348 13 328988.990000 3463452.800000 2.427098 0.000000 5C422503D 18 -94 
1721032309425 1721032309449 24 328988.990000 3463452.790000 2.427098 0.000000 5C422503D 18 -94 
1721032309509 1721032309534 25 328988.990000 3463452.800000 2.425571 0.000000 5C422503D 18 -94 
1721032309586 1721032309604 18 328988.990000 3463452.800000 2.425571 0.000000 5C422503D 18 -94 
1721032309694 1721032309709 15 328988.990000 3463452.800000 2.424262 0.000000 5C422503D 18 -94 
1721032309776 1721032309799 23 328988.990000 3463452.800000 2.424262 0.000000 5C422503D 18 -94 
1721032309852 1721032309866 14 328988.990000 3463452.800000 2.424262 0.000000 5C422503D 18 -94 
1721032309932 1721032309959 27 328988.990000 3463452.800000 2.425789 0.000000 5C422503D 18 -94 
1721032310040 1721032310054 14 328988.990000 3463452.800000 2.425789 0.000000 5C422503D 18 -94 
1721032310115 1721032310128 13 328988.990000 3463452.800000 2.424699 0.000000 5C422503D 18 -94 
1721032310190 1721032310213 23 328988.990000 3463452.800000 2.424699 0.000000 5C422503D 18 -94 
1721032310268 1721032310282 14 328988.990000 3463452.790000 2.427971 0.000000 5C422503D 18 -94 
1721032310374 1721032310389 15 328988.990000 3463452.800000 2.427971 0.000000 5C422503D 18 -94 
1721032310451 1721032310479 28 328988.990000 3463452.790000 2.426008 0.000000 5C422503D 18 -94 
1721032310568 1721032310589 21 328988.980000 3463452.800000 2.426008 0.000000 5C422503D 18 -94 
1721032310652 1721032310669 17 328988.980000 3463452.800000 2.426008 0.000000 5C422503D 18 -94 
1721032310734 1721032310751 17 328988.980000 3463452.800000 2.426662 0.000000 5C422503D 18 -94 
1721032310813 1721032310829 16 328988.980000 3463452.800000 2.426662 0.000000 5C422503D 18 -94 
1721032310897 1721032310918 21 328988.980000 3463452.800000 2.425353 0.000000 5C422503D 18 -94 
1721032310976 1721032310991 15 328988.980000 3463452.800000 2.425353 0.000000 5C422503D 18 -94 
1721032311062 1721032311081 19 328988.980000 3463452.800000 2.423608 0.000000 5C422503D 18 -94 
1721032311144 1721032311159 15 328988.980000 3463452.800000 2.423608 0.000000 5C422503D 18 -94 
1721032311224 1721032311239 15 328988.980000 3463452.800000 2.423608 0.000000 5C422503D 18 -94 
1721032311317 1721032311331 14 328988.970000 3463452.800000 2.424480 0.000000 5C422503D 18 -94 
1721032311407 1721032311424 17 328988.970000 3463452.800000 2.424480 0.000000 5C422503D 18 -94 
1721032311500 1721032311513 13 328988.970000 3463452.800000 2.435171 0.000000 5C422503D 18 -94 
1721032311580 1721032311593 13 328988.970000 3463452.800000 2.435171 0.000000 5C422503D 18 -94 
1721032311636 1721032311652 16 328988.970000 3463452.800000 2.436480 0.000000 5C422503D 18 -94 
1721032311721 1721032311742 21 328988.970000 3463452.800000 2.436480 0.000000 5C422503D 18 -94 
1721032311801 1721032311820 19 328988.970000 3463452.800000 2.436480 0.000000 5C422503D 18 -94 
1721032311885 1721032311899 14 328988.970000 3463452.800000 2.434734 0.000000 5C422503D 18 -94 
1721032311960 1721032311974 14 328988.970000 3463452.800000 2.434734 0.000000 5C422503D 18 -94 
1721032312046 1721032312066 20 328988.970000 3463452.800000 2.436261 0.000000 5C422503D 18 -94 
1721032312130 1721032312144 14 328988.970000 3463452.800000 2.436261 0.000000 5C422503D 18 -94 
1721032312213 1721032312226 13 328988.970000 3463452.800000 2.436261 0.000000 5C422503D 18 -94 
1721032312289 1721032312304 15 328988.970000 3463452.800000 2.436043 0.000000 5C422503D 18 -94 
1721032312373 1721032312391 18 328988.970000 3463452.800000 2.436043 0.000000 5C422503D 18 -94 
1721032312453 1721032312469 16 328988.970000 3463452.800000 2.434298 0.000000 5C422503D 18 -94 
1721032312539 1721032312556 17 328988.970000 3463452.800000 2.434298 0.000000 5C422503D 18 -94 
1721032312620 1721032312633 13 328988.970000 3463452.800000 2.434298 0.000000 5C422503D 18 -94 
1721032312705 1721032312721 16 328988.980000 3463452.800000 2.434952 0.000000 5C422503D 18 -94 
1721032312764 1721032312778 14 328988.980000 3463452.800000 2.434952 0.000000 5C422503D 18 -94 
1721032312820 1721032312838 18 328988.980000 3463452.800000 2.434952 0.000000 5C422503D 18 -94 
1721032312889 1721032312904 15 328988.980000 3463452.800000 2.435171 0.000000 5C422503D 18 -94 
1721032312972 1721032312999 27 328988.980000 3463452.800000 2.435171 0.000000 5C422503D 18 -94 
1721032313052 1721032313069 17 328988.980000 3463452.800000 2.433862 0.000000 5C422503D 18 -94 
1721032313132 1721032313159 27 328988.980000 3463452.800000 2.433862 0.000000 5C422503D 18 -94 
1721032313216 1721032313239 23 328988.980000 3463452.800000 2.433862 0.000000 5C422503D 18 -94 
1721032313298 1721032313324 26 328988.980000 3463452.790000 2.434080 0.000000 5C422503D 18 -94 
1721032313383 1721032313396 13 328988.980000 3463452.800000 2.434080 0.000000 5C422503D 18 -94 
1721032313465 1721032313500 35 328988.980000 3463452.790000 2.433643 0.000000 5C422503D 18 -94 
1721032313555 1721032313579 24 328988.980000 3463452.800000 2.433643 0.000000 5C422503D 18 -94 
1721032313622 1721032313639 17 328988.980000 3463452.790000 2.433643 0.000000 5C422503D 18 -94 
1721032313696 1721032313718 22 328988.980000 3463452.790000 2.435171 0.000000 5C422503D 18 -94 
1721032313783 1721032313809 26 328988.980000 3463452.790000 2.435171 0.000000 5C422503D 18 -94 
1721032313865 1721032313889 24 328988.980000 3463452.800000 2.433207 0.000000 5C422503D 18 -94 
1721032313920 1721032313934 14 328988.980000 3463452.800000 2.433207 0.000000 5C422503D 18 -94 
1721032313975 1721032313988 13 328988.980000 3463452.790000 2.433207 0.000000 5C422503D 18 -94 
1721032314053 1721032314079 26 328988.980000 3463452.790000 2.433207 0.000000 5C422503D 18 -94 
1721032314147 1721032314169 22 328988.980000 3463452.800000 2.432771 0.000000 5C422503D 18 -94 
1721032314240 1721032314259 19 328988.980000 3463452.790000 2.432771 0.000000 5C422503D 18 -94 
1721032314337 1721032314359 22 328988.980000 3463452.800000 2.434516 0.000000 5C422503D 18 -94 
1721032314437 1721032314459 22 328988.980000 3463452.790000 2.434516 0.000000 5C422503D 18 -94 
1721032314492 1721032314507 15 328988.980000 3463452.800000 2.434298 0.000000 5C422503D 18 -94 
1721032314547 1721032314562 15 328988.980000 3463452.790000 2.434298 0.000000 5C422503D 18 -94 
1721032314602 1721032314619 17 328988.980000 3463452.790000 2.434298 0.000000 5C422503D 18 -94 
1721032314657 1721032314674 17 328988.980000 3463452.790000 2.434298 0.000000 5C422503D 18 -94 
1721032314712 1721032314727 15 328988.980000 3463452.800000 2.434298 0.000000 5C422503D 18 -94 
1721032314767 1721032314784 17 328988.980000 3463452.800000 2.434298 0.000000 5C422503D 18 -94 
1721032314823 1721032314839 16 328988.980000 3463452.790000 2.434298 0.000000 5C422503D 18 -94 
1721032314877 1721032314893 16 328988.980000 3463452.790000 2.432771 0.000000 5C422503D 18 -94 
1721032314932 1721032314947 15 328988.980000 3463452.800000 2.432771 0.000000 5C422503D 18 -94 
1721032314991 1721032315006 15 328988.980000 3463452.790000 2.432771 0.000000 5C422503D 18 -94 
1721032315046 1721032315062 16 328988.980000 3463452.790000 2.435171 0.000000 5C422503D 18 -94 
1721032315101 1721032315119 18 328988.980000 3463452.790000 2.435171 0.000000 5C422503D 18 -94 
1721032315156 1721032315171 15 328988.980000 3463452.790000 2.435171 0.000000 5C422503D 18 -94 
1721032315212 1721032315229 17 328988.980000 3463452.790000 2.435171 0.000000 5C422503D 18 -94 
1721032315267 1721032315282 15 328988.980000 3463452.790000 2.434516 0.000000 5C422503D 18 -94 
1721032315322 1721032315337 15 328988.980000 3463452.790000 2.434516 0.000000 5C422503D 18 -94 
1721032315377 1721032315399 22 328988.980000 3463452.790000 2.434516 0.000000 5C422503D 18 -94 
1721032315432 1721032315446 14 328988.980000 3463452.790000 2.434516 0.000000 5C422503D 18 -94 
1721032315487 1721032315501 14 328988.980000 3463452.790000 2.437134 0.000000 5C422503D 18 -94 
1721032315542 1721032315559 17 328988.980000 3463452.790000 2.437134 0.000000 5C422503D 18 -94 
1721032315597 1721032315614 17 328988.980000 3463452.790000 2.437134 0.000000 5C422503D 18 -94 
1721032315653 1721032315666 13 328988.980000 3463452.790000 2.434734 0.000000 5C422503D 18 -94 
1721032315708 1721032315721 13 328988.980000 3463452.790000 2.434734 0.000000 5C422503D 18 -94 
1721032315763 1721032315779 16 328988.980000 3463452.790000 2.434734 0.000000 5C422503D 18 -94 
1721032315817 1721032315831 14 328988.980000 3463452.790000 2.434734 0.000000 5C422503D 18 -94 
1721032315872 1721032315889 17 328988.980000 3463452.790000 2.434734 0.000000 5C422503D 18 -94 
1721032315927 1721032315942 15 328988.980000 3463452.790000 2.432989 0.000000 5C422503D 18 -94 
1721032315982 1721032315999 17 328988.980000 3463452.790000 2.432989 0.000000 5C422503D 18 -94 
1721032316037 1721032316054 17 328988.980000 3463452.790000 2.435389 0.000000 5C422503D 18 -94 
1721032316096 1721032316113 17 328988.980000 3463452.790000 2.435389 0.000000 5C422503D 18 -94 
1721032316151 1721032316166 15 328988.980000 3463452.790000 2.435389 0.000000 5C422503D 18 -94 
1721032316207 1721032316221 14 328988.980000 3463452.790000 2.435389 0.000000 5C422503D 18 -94 
1721032316261 1721032316279 18 328988.980000 3463452.790000 2.436261 0.000000 5C422503D 18 -94 
1721032316316 1721032316334 18 328988.980000 3463452.790000 2.436261 0.000000 5C422503D 18 -94 
1721032316371 1721032316389 18 328988.980000 3463452.790000 2.436261 0.000000 5C422503D 18 -94 
1721032316427 1721032316444 17 328988.980000 3463452.790000 2.436261 0.000000 5C422503D 18 -94 
1721032316481 1721032316496 15 328988.980000 3463452.790000 2.435825 0.000000 5C422503D 18 -94 
1721032316536 1721032316551 15 328988.980000 3463452.790000 2.435825 0.000000 5C422503D 18 -94 
1721032316591 1721032316611 20 328988.980000 3463452.790000 2.435825 0.000000 5C422503D 18 -94 
1721032316646 1721032316664 18 328988.980000 3463452.790000 2.435825 0.000000 5C422503D 18 -94 
1721032316701 1721032316719 18 328988.980000 3463452.790000 2.435171 0.000000 5C422503D 18 -94 
1721032316756 1721032316773 17 328988.980000 3463452.790000 2.435171 0.000000 5C422503D 18 -94 
1721032316811 1721032316829 18 328988.980000 3463452.790000 2.435171 0.000000 5C422503D 18 -94 
1721032316866 1721032316881 15 328988.980000 3463452.790000 2.435171 0.000000 5C422503D 18 -94 
1721032316922 1721032316936 14 328988.980000 3463452.790000 2.435171 0.000000 5C422503D 18 -94 
1721032316977 1721032316991 14 328988.980000 3463452.790000 2.435171 0.000000 5C422503D 18 -94 
1721032317031 1721032317049 18 328988.980000 3463452.790000 2.435171 0.000000 5C422503D 18 -94 
1721032317086 1721032317102 16 328988.980000 3463452.790000 2.433643 0.000000 5C422503D 18 -94 
1721032317141 1721032317159 18 328988.980000 3463452.790000 2.433643 0.000000 5C422503D 18 -94 
1721032317198 1721032317211 13 328988.980000 3463452.790000 2.433643 0.000000 5C422503D 18 -94 
1721032317255 1721032317271 16 328988.980000 3463452.790000 2.434952 0.000000 5C422503D 18 -93 
1721032317310 1721032317323 13 328988.980000 3463452.790000 2.434952 0.000000 5C422503D 19 -93 
1721032317365 1721032317379 14 328988.980000 3463452.790000 2.434952 0.000000 5C422503D 19 -93 
1721032317420 1721032317439 19 328988.980000 3463452.790000 2.434952 0.000000 5C422503D 19 -93 
1721032317476 1721032317496 20 328988.980000 3463452.790000 2.432989 0.000000 5C422503D 19 -93 
1721032317530 1721032317546 16 328988.980000 3463452.790000 2.432989 0.000000 5C422503D 19 -93 
1721032317585 1721032317599 14 328988.980000 3463452.790000 2.432989 0.000000 5C422503D 19 -93 
1721032317640 1721032317654 14 328988.980000 3463452.790000 2.432989 0.000000 5C422503D 19 -93 
1721032317695 1721032317709 14 328988.980000 3463452.790000 2.432989 0.000000 5C422503D 19 -93 
1721032317750 1721032317766 16 328988.980000 3463452.790000 2.432989 0.000000 5C422503D 19 -93 
1721032317805 1721032317818 13 328988.980000 3463452.790000 2.432989 0.000000 5C422503D 19 -93 
1721032317860 1721032317879 19 328988.980000 3463452.790000 2.435825 0.000000 5C422503D 19 -93 
1721032317919 1721032317938 19 328988.990000 3463452.790000 2.435825 0.000000 5C422503D 19 -93 
1721032317974 1721032317989 15 328988.990000 3463452.790000 2.435825 0.000000 5C422503D 19 -93 
1721032318029 1721032318044 15 328988.990000 3463452.790000 2.435825 0.000000 5C422503D 19 -93 
1721032318085 1721032318099 14 328988.990000 3463452.790000 2.434516 0.000000 5C422503D 19 -93 
1721032318140 1721032318152 12 328988.990000 3463452.790000 2.434516 0.000000 5C422503D 19 -93 
1721032318194 1721032318207 13 328988.990000 3463452.790000 2.434516 0.000000 5C422503D 19 -93 
1721032318250 1721032318262 12 328988.990000 3463452.790000 2.434516 0.000000 5C422503D 19 -93 
1721032318310 1721032318324 14 328988.990000 3463452.790000 2.435607 0.000000 5C422503D 19 -93 
1721032318365 1721032318379 14 328988.990000 3463452.790000 2.435607 0.000000 5C422503D 19 -93 
1721032318420 1721032318437 17 328988.990000 3463452.790000 2.435607 0.000000 5C422503D 19 -93 
1721032318475 1721032318488 13 328988.990000 3463452.790000 2.436261 0.000000 5C422503D 19 -93 
1721032318530 1721032318542 12 328988.980000 3463452.790000 2.436261 0.000000 5C422503D 19 -93 
1721032318585 1721032318598 13 328988.980000 3463452.790000 2.436261 0.000000 5C422503D 19 -93 
1721032318640 1721032318659 19 328988.980000 3463452.790000 2.436261 0.000000 5C422503D 19 -93 
1721032318699 1721032318713 14 328988.980000 3463452.790000 2.435389 0.000000 5C422503D 19 -93 
1721032318755 1721032318769 14 328988.980000 3463452.790000 2.435389 0.000000 5C422503D 19 -93 
1721032318810 1721032318824 14 328988.980000 3463452.790000 2.436261 0.000000 5C422503D 19 -93 
1721032318865 1721032318884 19 328988.980000 3463452.790000 2.436261 0.000000 5C422503D 19 -93 
1721032318920 1721032318936 16 328988.980000 3463452.790000 2.436261 0.000000 5C422503D 19 -93 
1721032318975 1721032318989 14 328988.980000 3463452.790000 2.436261 0.000000 5C422503D 19 -93 
1721032319030 1721032319044 14 328988.980000 3463452.790000 2.436261 0.000000 5C422503D 19 -93 
1721032319086 1721032319099 13 328988.980000 3463452.790000 2.435171 0.000000 5C422503D 19 -93 
1721032319141 1721032319161 20 328988.980000 3463452.790000 2.435171 0.000000 5C422503D 19 -93 
1721032319196 1721032319211 15 328988.980000 3463452.790000 2.435171 0.000000 5C422503D 19 -93 
1721032319251 1721032319267 16 328988.980000 3463452.790000 2.435171 0.000000 5C422503D 19 -93 
1721032319306 1721032319321 15 328988.980000 3463452.790000 2.434298 0.000000 5C422503D 19 -93 
1721032319361 1721032319376 15 328988.980000 3463452.790000 2.434298 0.000000 5C422503D 19 -93 
1721032319416 1721032319433 17 328988.980000 3463452.790000 2.434298 0.000000 5C422503D 19 -93 
1721032319471 1721032319489 18 328988.980000 3463452.790000 2.427971 0.000000 5C422503D 19 -93 
1721032319526 1721032319544 18 328988.980000 3463452.790000 2.427971 0.000000 5C422503D 19 -93 
1721032319581 1721032319599 18 328988.980000 3463452.790000 2.427971 0.000000 5C422503D 19 -93 
1721032319636 1721032319651 15 328988.980000 3463452.780000 2.429935 0.000000 5C422503D 19 -93 
1721032319691 1721032319706 15 328988.980000 3463452.790000 2.429935 0.000000 5C422503D 19 -93 
1721032319746 1721032319765 19 328988.980000 3463452.790000 2.429935 0.000000 5C422503D 19 -93 
1721032319801 1721032319819 18 328988.980000 3463452.790000 2.429935 0.000000 5C422503D 19 -93 
1721032319857 1721032319871 14 328988.980000 3463452.780000 2.430153 0.000000 5C422503D 19 -93 
1721032319912 1721032319929 17 328988.980000 3463452.790000 2.430153 0.000000 5C422503D 19 -93 
1721032319967 1721032319984 17 328988.980000 3463452.790000 2.430153 0.000000 5C422503D 19 -93 
1721032320022 1721032320039 17 328988.980000 3463452.780000 2.430153 0.000000 5C422503D 19 -93 
1721032320077 1721032320094 17 328988.980000 3463452.790000 2.429062 0.000000 5C422503D 19 -93 
1721032320132 1721032320146 14 328988.980000 3463452.790000 2.429062 0.000000 5C422503D 19 -93 
1721032320188 1721032320204 16 328988.980000 3463452.780000 2.429062 0.000000 5C422503D 19 -93 
1721032320243 1721032320257 14 328988.980000 3463452.780000 2.429498 0.000000 5C422503D 19 -93 
1721032320298 1721032320314 16 328988.980000 3463452.790000 2.429498 0.000000 5C422503D 19 -93 
1721032320353 1721032320369 16 328988.980000 3463452.790000 2.429498 0.000000 5C422503D 19 -93 
1721032320408 1721032320424 16 328988.980000 3463452.780000 2.429498 0.000000 5C422503D 19 -93 
1721032320464 1721032320479 15 328988.980000 3463452.780000 2.430589 0.000000 5C422503D 19 -93 
1721032320524 1721032320539 15 328988.980000 3463452.790000 2.430589 0.000000 5C422503D 19 -93 
1721032320578 1721032320596 18 328988.980000 3463452.790000 2.430589 0.000000 5C422503D 19 -93 
1721032320634 1721032320664 30 328988.980000 3463452.790000 2.430807 0.000000 5C422503D 19 -93 
1721032320689 1721032320704 15 328988.980000 3463452.790000 2.430807 0.000000 5C422503D 19 -93 
1721032320744 1721032320759 15 328988.980000 3463452.790000 2.430807 0.000000 5C422503D 19 -93 
1721032320799 1721032320816 17 328988.980000 3463452.790000 2.430807 0.000000 5C422503D 19 -93 
1721032320854 1721032320868 14 328988.980000 3463452.790000 2.432553 0.000000 5C422503D 19 -93 
1721032320909 1721032320929 20 328988.980000 3463452.790000 2.432553 0.000000 5C422503D 19 -93 
1721032320964 1721032320979 15 328988.980000 3463452.790000 2.432553 0.000000 5C422503D 19 -93 
1721032321019 1721032321035 16 328988.980000 3463452.790000 2.432553 0.000000 5C422503D 19 -93 
1721032321074 1721032321088 14 328988.980000 3463452.790000 2.432116 0.000000 5C422503D 19 -93 
1721032321129 1721032321143 14 328988.980000 3463452.790000 2.432116 0.000000 5C422503D 19 -93 
1721032321184 1721032321199 15 328988.980000 3463452.790000 2.432116 0.000000 5C422503D 19 -93 
1721032321239 1721032321254 15 328988.980000 3463452.790000 2.431025 0.000000 5C422503D 19 -93 
1721032321294 1721032321308 14 328988.980000 3463452.790000 2.431025 0.000000 5C422503D 19 -93 
1721032321349 1721032321364 15 328988.980000 3463452.790000 2.431025 0.000000 5C422503D 19 -93 
1721032321404 1721032321419 15 328988.980000 3463452.790000 2.431025 0.000000 5C422503D 19 -93 
1721032321459 1721032321474 15 328988.980000 3463452.790000 2.426880 0.000000 5C422503D 19 -93 
1721032321514 1721032321529 15 328988.980000 3463452.790000 2.426880 0.000000 5C422503D 19 -93 
1721032321576 1721032321593 17 328988.980000 3463452.790000 2.426880 0.000000 5C422503D 19 -93 
1721032321632 1721032321646 14 328988.980000 3463452.790000 2.426880 0.000000 5C422503D 19 -93 
1721032321687 1721032321704 17 328988.980000 3463452.790000 2.423608 0.000000 5C422503D 19 -93 
1721032321742 1721032321759 17 328988.980000 3463452.790000 2.423608 0.000000 5C422503D 19 -93 
1721032321797 1721032321814 17 328988.980000 3463452.790000 2.423608 0.000000 5C422503D 19 -93 
1721032321852 1721032321867 15 328988.980000 3463452.790000 2.427317 0.000000 5C422503D 19 -93 
1721032321907 1721032321922 15 328988.980000 3463452.790000 2.427317 0.000000 5C422503D 19 -93 
1721032321961 1721032321977 16 328988.980000 3463452.790000 2.427317 0.000000 5C422503D 19 -93 
1721032322016 1721032322031 15 328988.980000 3463452.790000 2.427317 0.000000 5C422503D 19 -93 
1721032322071 1721032322089 18 328988.980000 3463452.790000 2.427317 0.000000 5C422503D 19 -93 
1721032322126 1721032322142 16 328988.980000 3463452.790000 2.427317 0.000000 5C422503D 19 -93 
1721032322181 1721032322197 16 328988.980000 3463452.790000 2.427317 0.000000 5C422503D 19 -93 
1721032322236 1721032322257 21 328988.980000 3463452.790000 2.427317 0.000000 5C422503D 19 -93 
1721032322291 1721032322306 15 328988.980000 3463452.790000 2.426444 0.000000 5C422503D 19 -93 
1721032322347 1721032322361 14 328988.980000 3463452.790000 2.426444 0.000000 5C422503D 19 -93 
1721032322401 1721032322419 18 328988.980000 3463452.790000 2.426444 0.000000 5C422503D 19 -93 
1721032322456 1721032322471 15 328988.980000 3463452.790000 2.426008 0.000000 5C422503D 19 -93 
1721032322511 1721032322529 18 328988.980000 3463452.790000 2.426008 0.000000 5C422503D 19 -93 
1721032322567 1721032322581 14 328988.980000 3463452.790000 2.426008 0.000000 5C422503D 19 -93 
1721032322622 1721032322636 14 328988.980000 3463452.790000 2.426008 0.000000 5C422503D 19 -93 
1721032322676 1721032322694 18 328988.980000 3463452.790000 2.424480 0.000000 5C422503D 19 -93 
1721032322731 1721032322746 15 328988.980000 3463452.790000 2.424480 0.000000 5C422503D 19 -93 
1721032322787 1721032322802 15 328988.980000 3463452.790000 2.424480 0.000000 5C422503D 19 -93 
1721032322842 1721032322856 14 328988.980000 3463452.790000 2.424480 0.000000 5C422503D 19 -93 
1721032322897 1721032322914 17 328988.980000 3463452.790000 2.424262 0.000000 5C422503D 19 -93 
1721032322952 1721032322969 17 328988.980000 3463452.790000 2.424262 0.000000 5C422503D 19 -93 
1721032323011 1721032323028 17 328988.980000 3463452.790000 2.424262 0.000000 5C422503D 19 -93 
1721032323066 1721032323084 18 328988.980000 3463452.790000 2.426662 0.000000 5C422503D 19 -93 
1721032323121 1721032323139 18 328988.980000 3463452.790000 2.426662 0.000000 5C422503D 19 -93 
1721032323176 1721032323192 16 328988.980000 3463452.790000 2.426662 0.000000 5C422503D 19 -93 
1721032323231 1721032323246 15 328988.980000 3463452.790000 2.426662 0.000000 5C422503D 19 -93 
1721032323287 1721032323301 14 328988.980000 3463452.790000 2.426444 0.000000 5C422503D 19 -93 
1721032323342 1721032323358 16 328988.980000 3463452.790000 2.426444 0.000000 5C422503D 19 -93 
1721032323397 1721032323414 17 328988.980000 3463452.790000 2.426444 0.000000 5C422503D 19 -93 
1721032323452 1721032323474 22 328988.980000 3463452.790000 2.426444 0.000000 5C422503D 19 -93 
1721032323507 1721032323523 16 328988.980000 3463452.790000 2.435171 0.000000 5C422503D 19 -93 
1721032323562 1721032323583 21 328988.980000 3463452.790000 2.435171 0.000000 5C422503D 19 -93 
1721032323617 1721032323631 14 328988.980000 3463452.790000 2.435171 0.000000 5C422503D 19 -93 
1721032323672 1721032323694 22 328988.980000 3463452.790000 2.435171 0.000000 5C422503D 19 -93 
1721032323732 1721032323754 22 328988.980000 3463452.790000 2.435171 0.000000 5C422503D 19 -93 
1721032323788 1721032323809 21 328988.980000 3463452.790000 2.435171 0.000000 5C422503D 19 -93 
1721032323846 1721032323863 17 328988.980000 3463452.790000 2.435171 0.000000 5C422503D 19 -93 
1721032323901 1721032323916 15 328988.980000 3463452.790000 2.437789 0.000000 5C422503D 19 -93 
1721032323956 1721032323971 15 328988.980000 3463452.790000 2.437789 0.000000 5C422503D 19 -93 
1721032324011 1721032324026 15 328988.980000 3463452.790000 2.437789 0.000000 5C422503D 19 -93 
1721032324066 1721032324084 18 328988.980000 3463452.790000 2.434734 0.000000 5C422503D 19 -93 
1721032324121 1721032324137 16 328988.980000 3463452.790000 2.434734 0.000000 5C422503D 19 -93 
1721032324176 1721032324194 18 328988.980000 3463452.790000 2.434734 0.000000 5C422503D 19 -93 
1721032324231 1721032324249 18 328988.980000 3463452.790000 2.437570 0.000000 5C422503D 19 -93 
1721032324285 1721032324299 14 328988.980000 3463452.790000 2.437570 0.000000 5C422503D 19 -93 
1721032324340 1721032324354 14 328988.980000 3463452.790000 2.437570 0.000000 5C422503D 19 -93 
1721032324395 1721032324408 13 328988.980000 3463452.790000 2.437570 0.000000 5C422503D 19 -93 
1721032324451 1721032324468 17 328988.980000 3463452.790000 2.437570 0.000000 5C422503D 19 -93 
1721032324506 1721032324524 18 328988.980000 3463452.790000 2.435389 0.000000 5C422503D 19 -93 
