pub_time(ms) sub_time(ms) delay(ms) utmX(m) utmY(m) heading(rad) velocity(m/s) cellid(db) sinr(db) rsrp(db)
1721289684683 1721289684717 34 329056.740000 3463125.900000 -2.488621 0.000000 5C4225714 22 -86 
1721289684738 1721289684761 23 329056.740000 3463125.900000 -2.488621 0.000000 5C4225714 22 -86 
1721289684792 1721289684819 27 329056.740000 3463125.890000 -2.488840 0.000000 5C4225714 22 -86 
1721289684847 1721289684869 22 329056.740000 3463125.890000 -2.488840 0.000000 5C4225714 22 -86 
1721289684902 1721289684928 26 329056.740000 3463125.900000 -2.488840 0.000000 5C4225714 22 -86 
1721289684957 1721289684976 19 329056.740000 3463125.900000 -2.487312 0.000000 5C4225714 22 -86 
1721289685012 1721289685034 22 329056.740000 3463125.890000 -2.487312 0.000000 5C4225714 22 -86 
1721289685067 1721289685084 17 329056.740000 3463125.890000 -2.487312 0.000000 5C4225714 22 -86 
1721289685123 1721289685154 31 329056.740000 3463125.900000 -2.487312 0.000000 5C4225714 22 -86 
1721289685196 1721289685218 22 329056.740000 3463125.890000 -2.488403 0.000000 5C4225714 22 -86 
1721289685250 1721289685272 22 329056.740000 3463125.900000 -2.488403 0.000000 5C4225714 22 -86 
1721289685328 1721289685351 23 329056.740000 3463125.900000 -2.488403 0.000000 5C4225714 22 -86 
1721289685383 1721289685412 29 329056.740000 3463125.890000 -2.489276 0.000000 5C4225714 22 -86 
1721289685438 1721289685458 20 329056.740000 3463125.890000 -2.489276 0.000000 5C4225714 22 -86 
1721289685493 1721289685522 29 329056.740000 3463125.900000 -2.489276 0.000000 5C4225714 22 -86 
1721289685551 1721289685575 24 329056.740000 3463125.900000 -2.489058 0.000000 5C4225714 22 -86 
1721289685606 1721289685623 17 329056.740000 3463125.890000 -2.489058 0.000000 5C4225714 22 -86 
1721289685660 1721289685693 33 329056.740000 3463125.890000 -2.489058 0.000000 5C4225714 22 -86 
1721289685715 1721289685735 20 329056.740000 3463125.890000 -2.489058 0.000000 5C4225714 22 -86 
1721289685770 1721289685795 25 329056.740000 3463125.900000 -2.488621 0.000000 5C4225714 22 -86 
1721289685825 1721289685843 18 329056.740000 3463125.890000 -2.488621 0.000000 5C4225714 22 -86 
1721289685880 1721289685905 25 329056.740000 3463125.890000 -2.488621 0.000000 5C4225714 22 -86 
1721289685935 1721289685955 20 329056.740000 3463125.900000 -2.488403 0.000000 5C4225714 22 -86 
1721289685990 1721289686020 30 329056.740000 3463125.890000 -2.488403 0.000000 5C4225714 22 -86 
1721289686045 1721289686069 24 329056.740000 3463125.890000 -2.488403 0.000000 5C4225714 22 -86 
1721289686100 1721289686133 33 329056.740000 3463125.890000 -2.488403 0.000000 5C4225714 22 -86 
1721289686155 1721289686180 25 329056.740000 3463125.900000 -2.488621 0.000000 5C4225714 22 -86 
1721289686210 1721289686239 29 329056.740000 3463125.890000 -2.488621 0.000000 5C4225714 22 -86 
1721289686265 1721289686288 23 329056.740000 3463125.890000 -2.488621 0.000000 5C4225714 22 -86 
1721289686319 1721289686338 19 329056.740000 3463125.900000 -2.488621 0.000000 5C4225714 22 -86 
1721289686380 1721289686400 20 329056.740000 3463125.900000 -2.489276 0.000000 5C4225714 22 -86 
1721289686434 1721289686459 25 329056.740000 3463125.890000 -2.489276 0.000000 5C4225714 22 -86 
1721289686489 1721289686515 26 329056.740000 3463125.890000 -2.489276 0.000000 5C4225714 22 -86 
1721289686544 1721289686582 38 329056.740000 3463125.900000 -2.489276 0.000000 5C4225714 22 -86 
1721289686599 1721289686634 35 329056.740000 3463125.890000 -2.488185 0.000000 5C4225714 22 -86 
1721289686654 1721289686676 22 329056.740000 3463125.890000 -2.488185 0.000000 5C4225714 22 -86 
1721289686709 1721289686734 25 329056.740000 3463125.900000 -2.488185 0.000000 5C4225714 22 -86 
1721289686764 1721289686785 21 329056.740000 3463125.900000 -2.487749 0.000000 5C4225714 22 -86 
1721289686818 1721289686841 23 329056.740000 3463125.890000 -2.487749 0.000000 5C4225714 22 -86 
1721289686873 1721289686900 27 329056.740000 3463125.890000 -2.487749 0.000000 5C4225714 22 -86 
1721289686928 1721289686957 29 329056.740000 3463125.900000 -2.487749 0.000000 5C4225714 22 -86 
1721289686983 1721289687001 18 329056.740000 3463125.890000 -2.489930 0.000000 5C4225714 22 -86 
1721289687038 1721289687065 27 329056.740000 3463125.890000 -2.489930 0.000000 5C4225714 22 -86 
1721289687092 1721289687109 17 329056.740000 3463125.890000 -2.489930 0.000000 5C4225714 22 -86 
1721289687147 1721289687165 18 329056.740000 3463125.890000 -2.489930 0.000000 5C4225714 22 -86 
1721289687202 1721289687221 19 329056.740000 3463125.890000 -2.488403 0.000000 5C4225714 22 -86 
1721289687257 1721289687277 20 329056.740000 3463125.890000 -2.488403 0.000000 5C4225714 22 -86 
1721289687311 1721289687335 24 329056.740000 3463125.900000 -2.488403 0.000000 5C4225714 22 -86 
1721289687366 1721289687382 16 329056.740000 3463125.890000 -2.489712 0.000000 5C4225714 22 -86 
1721289687421 1721289687446 25 329056.740000 3463125.890000 -2.489712 0.000000 5C4225714 22 -86 
1721289687481 1721289687502 21 329056.740000 3463125.890000 -2.489712 0.000000 5C4225714 22 -86 
1721289687536 1721289687566 30 329056.740000 3463125.900000 -2.489058 0.000000 5C4225714 22 -86 
1721289687591 1721289687616 25 329056.740000 3463125.890000 -2.489058 0.000000 5C4225714 22 -86 
1721289687645 1721289687674 29 329056.740000 3463125.890000 -2.489058 0.000000 5C4225714 22 -86 
1721289687700 1721289687722 22 329056.740000 3463125.890000 -2.489058 0.000000 5C4225714 22 -86 
1721289687754 1721289687772 18 329056.740000 3463125.900000 -2.489058 0.000000 5C4225714 22 -86 
1721289687809 1721289687828 19 329056.740000 3463125.890000 -2.490149 0.000000 5C4225714 22 -86 
1721289687864 1721289687891 27 329056.740000 3463125.890000 -2.490149 0.000000 5C4225714 22 -86 
1721289687919 1721289687940 21 329056.740000 3463125.900000 -2.489712 0.000000 5C4225714 22 -86 
1721289687974 1721289687997 23 329056.740000 3463125.890000 -2.489712 0.000000 5C4225714 22 -86 
1721289688029 1721289688053 24 329056.740000 3463125.890000 -2.489712 0.000000 5C4225714 22 -86 
1721289688083 1721289688103 20 329056.740000 3463125.900000 -2.489712 0.000000 5C4225714 22 -86 
1721289688138 1721289688166 28 329056.740000 3463125.900000 -2.489930 0.000000 5C4225714 22 -86 
1721289688193 1721289688220 27 329056.740000 3463125.900000 -2.489930 0.000000 5C4225714 22 -86 
1721289688247 1721289688275 28 329056.740000 3463125.890000 -2.489930 0.000000 5C4225714 22 -86 
1721289688302 1721289688319 17 329056.740000 3463125.890000 -2.489930 0.000000 5C4225714 22 -86 
1721289688357 1721289688387 30 329056.740000 3463125.900000 -2.489930 0.000000 5C4225714 22 -86 
1721289688412 1721289688437 25 329056.740000 3463125.900000 -2.489930 0.000000 5C4225714 22 -86 
1721289688467 1721289688503 36 329056.740000 3463125.890000 -2.489712 0.000000 5C4225714 22 -86 
1721289688522 1721289688542 20 329056.740000 3463125.900000 -2.488185 0.000000 5C4225714 22 -86 
1721289688580 1721289688598 18 329056.740000 3463125.890000 -2.488185 0.000000 5C4225714 22 -86 
1721289688635 1721289688665 30 329056.740000 3463125.890000 -2.488185 0.000000 5C4225714 22 -86 
1721289688689 1721289688719 30 329056.740000 3463125.890000 -2.488185 0.000000 5C4225714 22 -86 
1721289688744 1721289688772 28 329056.740000 3463125.900000 -2.488185 0.000000 5C4225714 22 -86 
1721289688799 1721289688826 27 329056.740000 3463125.890000 -2.489058 0.000000 5C4225714 22 -86 
1721289688854 1721289688879 25 329056.740000 3463125.890000 -2.489058 0.000000 5C4225714 22 -86 
1721289688909 1721289688928 19 329056.740000 3463125.900000 -2.489058 0.000000 5C4225714 22 -86 
1721289688964 1721289688991 27 329056.740000 3463125.900000 -2.489712 0.000000 5C4225714 22 -86 
1721289689019 1721289689034 15 329056.740000 3463125.890000 -2.489712 0.000000 5C4225714 22 -86 
1721289689074 1721289689099 25 329056.740000 3463125.890000 -2.489712 0.000000 5C4225714 22 -86 
1721289689132 1721289689153 21 329056.740000 3463125.900000 -2.489058 0.000000 5C4225714 22 -86 
1721289689186 1721289689211 25 329056.740000 3463125.890000 -2.489058 0.000000 5C4225714 22 -86 
1721289689241 1721289689261 20 329056.740000 3463125.890000 -2.489058 0.000000 5C4225714 22 -86 
1721289689296 1721289689323 27 329056.740000 3463125.890000 -2.489058 0.000000 5C4225714 22 -86 
1721289689351 1721289689366 15 329056.740000 3463125.900000 -2.490367 0.000000 5C4225714 22 -86 
1721289689406 1721289689429 23 329056.740000 3463125.890000 -2.490367 0.000000 5C4225714 22 -86 
1721289689461 1721289689485 24 329056.740000 3463125.890000 -2.490367 0.000000 5C4225714 22 -86 
1721289689516 1721289689543 27 329056.740000 3463125.890000 -2.490367 0.000000 5C4225714 22 -86 
1721289689571 1721289689587 16 329056.740000 3463125.890000 -2.490367 0.000000 5C4225714 22 -86 
1721289689640 1721289689675 35 329056.740000 3463125.890000 -2.490367 0.000000 5C4225714 22 -86 
1721289689694 1721289689720 26 329056.740000 3463125.890000 -2.490367 0.000000 5C4225714 22 -86 
1721289689749 1721289689766 17 329056.740000 3463125.890000 -2.490367 0.000000 5C4225714 22 -86 
1721289689803 1721289689822 19 329056.740000 3463125.890000 -2.489276 0.000000 5C4225714 22 -86 
1721289689858 1721289689884 26 329056.740000 3463125.890000 -2.489276 0.000000 5C4225714 22 -86 
1721289689913 1721289689944 31 329056.740000 3463125.890000 -2.489276 0.000000 5C4225714 22 -86 
1721289689968 1721289689991 23 329056.740000 3463125.890000 -2.489058 0.000000 5C4225714 22 -86 
1721289690023 1721289690040 17 329056.740000 3463125.890000 -2.489058 0.000000 5C4225714 22 -86 
1721289690077 1721289690104 27 329056.740000 3463125.890000 -2.489058 0.000000 5C4225714 22 -86 
1721289690132 1721289690148 16 329056.740000 3463125.890000 -2.489058 0.000000 5C4225714 22 -86 
1721289690187 1721289690219 32 329056.740000 3463125.890000 -2.488840 0.000000 5C4225714 22 -86 
1721289690242 1721289690268 26 329056.740000 3463125.890000 -2.488840 0.000000 5C4225714 22 -86 
1721289690297 1721289690319 22 329056.740000 3463125.890000 -2.488840 0.000000 5C4225714 22 -86 
1721289690356 1721289690372 16 329056.740000 3463125.890000 -2.489276 0.000000 5C4225714 22 -86 
1721289690410 1721289690431 21 329056.740000 3463125.890000 -2.489276 0.000000 5C4225714 22 -86 
1721289690465 1721289690495 30 329056.740000 3463125.890000 -2.489276 0.000000 5C4225714 22 -86 
1721289690520 1721289690537 17 329056.740000 3463125.890000 -2.489276 0.000000 5C4225714 22 -86 
1721289690575 1721289690599 24 329056.740000 3463125.890000 -2.489712 0.000000 5C4225714 22 -86 
1721289690630 1721289690649 19 329056.740000 3463125.890000 -2.489712 0.000000 5C4225714 22 -86 
1721289690685 1721289690705 20 329056.740000 3463125.890000 -2.489712 0.000000 5C4225714 22 -86 
1721289690744 1721289690775 31 329056.740000 3463125.890000 -2.489494 0.000000 5C4225714 22 -86 
1721289690798 1721289690817 19 329056.740000 3463125.890000 -2.489494 0.000000 5C4225714 22 -86 
1721289690853 1721289690877 24 329056.740000 3463125.890000 -2.489494 0.000000 5C4225714 22 -86 
1721289690908 1721289690927 19 329056.740000 3463125.890000 -2.489494 0.000000 5C4225714 22 -86 
1721289690963 1721289690982 19 329056.740000 3463125.890000 -2.490149 0.000000 5C4225714 22 -86 
1721289691018 1721289691046 28 329056.740000 3463125.890000 -2.490149 0.000000 5C4225714 22 -86 
1721289691072 1721289691088 16 329056.740000 3463125.890000 -2.490149 0.000000 5C4225714 22 -86 
1721289691127 1721289691151 24 329056.740000 3463125.890000 -2.489494 0.000000 5C4225714 22 -86 
1721289691182 1721289691206 24 329056.740000 3463125.890000 -2.489494 0.000000 5C4225714 22 -86 
1721289691237 1721289691262 25 329056.740000 3463125.890000 -2.489494 0.000000 5C4225714 22 -86 
1721289691292 1721289691314 22 329056.740000 3463125.890000 -2.489494 0.000000 5C4225714 22 -86 
1721289691346 1721289691368 22 329056.740000 3463125.890000 -2.489494 0.000000 5C4225714 22 -86 
1721289691401 1721289691418 17 329056.740000 3463125.890000 -2.488185 0.000000 5C4225714 22 -86 
1721289691456 1721289691480 24 329056.740000 3463125.890000 -2.488185 0.000000 5C4225714 22 -86 
1721289691511 1721289691540 29 329056.740000 3463125.900000 -2.491676 0.000000 5C4225714 22 -86 
1721289691566 1721289691901 335 329056.740000 3463125.890000 -2.491676 0.000000 5C4225714 22 -86 
1721289691621 1721289691901 280 329056.740000 3463125.890000 -2.491676 0.000000 5C4225714 22 -86 
1721289691676 1721289691901 225 329056.740000 3463125.900000 -2.491676 0.000000 5C4225714 22 -86 
1721289691731 1721289691901 170 329056.750000 3463125.900000 -2.491676 0.000000 5C4225714 22 -86 
1721289691790 1721289691902 112 329056.750000 3463125.900000 -2.489058 0.000000 5C4225714 22 -86 
1721289691849 1721289691919 70 329056.740000 3463125.900000 -2.489058 0.000000 5C4225714 22 -86 
1721289691904 1721289691939 35 329056.740000 3463125.900000 -2.489058 0.000000 5C4225714 22 -86 
1721289691959 1721289691977 18 329056.750000 3463125.900000 -2.488403 0.000000 5C4225714 22 -86 
1721289692014 1721289692041 27 329056.740000 3463125.900000 -2.488403 0.000000 5C4225714 22 -86 
1721289692069 1721289692099 30 329056.750000 3463125.900000 -2.488403 0.000000 5C4225714 22 -86 
1721289692123 1721289692142 19 329056.750000 3463125.900000 -2.489712 0.000000 5C4225714 22 -86 
1721289692179 1721289692212 33 329056.750000 3463125.900000 -2.489712 0.000000 5C4225714 22 -86 
1721289692234 1721289692260 26 329056.740000 3463125.900000 -2.489712 0.000000 5C4225714 22 -86 
1721289692289 1721289692311 22 329056.750000 3463125.900000 -2.489712 0.000000 5C4225714 22 -86 
1721289692343 1721289692374 31 329056.750000 3463125.900000 -2.490149 0.000000 5C4225714 22 -86 
1721289692398 1721289692416 18 329056.740000 3463125.900000 -2.490149 0.000000 5C4225714 22 -86 
1721289692453 1721289692486 33 329056.740000 3463125.900000 -2.490149 0.000000 5C4225714 22 -86 
1721289692508 1721289692531 23 329056.750000 3463125.900000 -2.490149 0.000000 5C4225714 22 -86 
1721289692563 1721289692586 23 329056.750000 3463125.900000 -2.488185 0.000000 5C4225714 22 -86 
1721289692618 1721289692636 18 329056.740000 3463125.900000 -2.488185 0.000000 5C4225714 22 -86 
1721289692673 1721289692692 19 329056.750000 3463125.900000 -2.488185 0.000000 5C4225714 22 -86 
1721289692727 1721289692742 15 329056.750000 3463125.900000 -2.488185 0.000000 5C4225714 22 -86 
1721289692782 1721289692815 33 329056.750000 3463125.900000 -2.488185 0.000000 5C4225714 22 -86 
1721289692837 1721289692861 24 329056.750000 3463125.900000 -2.488185 0.000000 5C4225714 22 -86 
1721289692904 1721289692923 19 329056.750000 3463125.900000 -2.488185 0.000000 5C4225714 22 -86 
1721289692958 1721289692993 35 329056.750000 3463125.900000 -2.488185 0.000000 5C4225714 22 -86 
1721289693025 1721289693045 20 329056.740000 3463125.900000 -2.489930 0.000000 5C4225714 22 -84 
1721289693080 1721289693109 29 329056.750000 3463125.900000 -2.489930 0.000000 5C4225714 17 -84 
1721289693135 1721289693173 38 329056.750000 3463125.900000 -2.488403 0.000000 5C4225714 17 -84 
1721289693190 1721289693215 25 329056.740000 3463125.900000 -2.488403 0.000000 5C4225714 17 -84 
1721289693245 1721289693275 30 329056.750000 3463125.900000 -2.488403 0.000000 5C4225714 17 -84 
1721289693300 1721289693328 28 329056.750000 3463125.900000 -2.488403 0.000000 5C4225714 17 -84 
1721289693355 1721289693396 41 329056.750000 3463125.900000 -2.489930 0.000000 5C4225714 17 -84 
1721289693409 1721289693434 25 329056.740000 3463125.900000 -2.489930 0.000000 5C4225714 17 -84 
1721289693464 1721289693482 18 329056.750000 3463125.900000 -2.489930 0.000000 5C4225714 17 -84 
1721289693519 1721289693536 17 329056.750000 3463125.900000 -2.489930 0.000000 5C4225714 17 -84 
1721289693574 1721289693592 18 329056.750000 3463125.900000 -2.488840 0.000000 5C4225714 17 -84 
1721289693628 1721289693652 24 329056.750000 3463125.900000 -2.488840 0.000000 5C4225714 17 -84 
1721289693684 1721289693698 14 329056.740000 3463125.900000 -2.488840 0.000000 5C4225714 17 -84 
1721289693739 1721289693776 37 329056.750000 3463125.900000 -2.489276 0.000000 5C4225714 17 -84 
1721289693793 1721289693816 23 329056.740000 3463125.900000 -2.489276 0.000000 5C4225714 17 -84 
1721289693848 1721289693869 21 329056.740000 3463125.900000 -2.489276 0.000000 5C4225714 17 -84 
1721289693903 1721289693930 27 329056.740000 3463125.900000 -2.489276 0.000000 5C4225714 17 -84 
1721289693957 1721289693977 20 329056.750000 3463125.900000 -2.490585 0.000000 5C4225714 17 -84 
1721289694012 1721289694035 23 329056.740000 3463125.890000 -2.490585 0.000000 5C4225714 17 -84 
1721289694067 1721289694095 28 329056.740000 3463125.900000 -2.490585 0.000000 5C4225714 17 -84 
1721289694122 1721289694149 27 329056.740000 3463125.900000 -2.490585 0.000000 5C4225714 17 -84 
1721289694176 1721289694201 25 329056.740000 3463125.900000 -2.488621 0.000000 5C4225714 17 -84 
1721289694231 1721289694259 28 329056.740000 3463125.890000 -2.488621 0.000000 5C4225714 17 -84 
1721289694286 1721289694313 27 329056.740000 3463125.900000 -2.488621 0.000000 5C4225714 17 -84 
1721289694341 1721289694357 16 329056.740000 3463125.900000 -2.488621 0.000000 5C4225714 17 -84 
1721289694396 1721289694414 18 329056.740000 3463125.890000 -2.489494 0.000000 5C4225714 17 -84 
1721289694450 1721289694475 25 329056.740000 3463125.900000 -2.489494 0.000000 5C4225714 17 -84 
1721289694505 1721289694523 18 329056.740000 3463125.900000 -2.489494 0.000000 5C4225714 17 -84 
1721289694560 1721289694599 39 329056.740000 3463125.890000 -2.487312 0.000000 5C4225714 17 -84 
1721289694615 1721289694645 30 329056.740000 3463125.890000 -2.487312 0.000000 5C4225714 17 -84 
1721289694669 1721289694692 23 329056.740000 3463125.900000 -2.487312 0.000000 5C4225714 17 -84 
1721289694724 1721289694742 18 329056.740000 3463125.900000 -2.487312 0.000000 5C4225714 17 -84 
1721289694779 1721289694809 30 329056.740000 3463125.900000 -2.489712 0.000000 5C4225714 17 -84 
1721289694833 1721289694860 27 329056.740000 3463125.900000 -2.489712 0.000000 5C4225714 17 -84 
1721289694888 1721289694911 23 329056.740000 3463125.900000 -2.489712 0.000000 5C4225714 17 -84 
1721289694943 1721289694960 17 329056.740000 3463125.900000 -2.489712 0.000000 5C4225714 17 -84 
1721289694997 1721289695016 19 329056.740000 3463125.900000 -2.488840 0.000000 5C4225714 17 -84 
1721289695052 1721289695075 23 329056.740000 3463125.900000 -2.488840 0.000000 5C4225714 17 -84 
1721289695107 1721289695133 26 329056.740000 3463125.900000 -2.488840 0.000000 5C4225714 17 -84 
1721289695162 1721289695183 21 329056.740000 3463125.900000 -2.488621 0.000000 5C4225714 17 -84 
1721289695221 1721289695247 26 329056.740000 3463125.900000 -2.488621 0.000000 5C4225714 17 -84 
1721289695276 1721289695306 30 329056.740000 3463125.900000 -2.488621 0.000000 5C4225714 17 -84 
1721289695331 1721289695381 50 329056.740000 3463125.900000 -2.488621 0.000000 5C4225714 17 -84 
1721289695386 1721289695420 34 329056.740000 3463125.900000 -2.487531 0.000000 5C4225714 17 -84 
1721289695446 1721289695477 31 329056.740000 3463125.900000 -2.487531 0.000000 5C4225714 17 -84 
1721289695501 1721289695523 22 329056.740000 3463125.900000 -2.487531 0.000000 5C4225714 17 -84 
1721289695557 1721289695597 40 329056.740000 3463125.900000 -2.487531 0.000000 5C4225714 17 -84 
1721289695612 1721289695643 31 329056.740000 3463125.900000 -2.490367 0.000000 5C4225714 17 -84 
1721289695667 1721289695973 306 329056.740000 3463125.900000 -2.490367 0.000000 5C4225714 17 -84 
1721289695721 1721289695973 252 329056.740000 3463125.900000 -2.490367 0.000000 5C4225714 17 -84 
1721289695776 1721289695973 197 329056.740000 3463125.890000 -2.489494 0.000000 5C4225714 17 -84 
1721289695831 1721289695973 142 329056.740000 3463125.900000 -2.489494 0.000000 5C4225714 17 -84 
1721289695886 1721289695973 87 329056.740000 3463125.900000 -2.489494 0.000000 5C4225714 17 -84 
1721289695941 1721289695973 32 329056.750000 3463125.900000 -2.489276 0.000000 5C4225714 17 -84 
1721289695996 1721289696020 24 329056.750000 3463125.900000 -2.489276 0.000000 5C4225714 17 -84 
1721289696051 1721289696071 20 329056.740000 3463125.890000 -2.489276 0.000000 5C4225714 17 -84 
1721289696106 1721289696146 40 329056.740000 3463125.900000 -2.489276 0.000000 5C4225714 17 -84 
1721289696162 1721289696189 27 329056.740000 3463125.890000 -2.488621 0.000000 5C4225714 17 -84 
1721289696218 1721289696245 27 329056.740000 3463125.900000 -2.488621 0.000000 5C4225714 17 -84 
1721289696278 1721289696313 35 329056.740000 3463125.900000 -2.488621 0.000000 5C4225714 17 -84 
1721289696332 1721289696357 25 329056.750000 3463125.900000 -2.489058 0.000000 5C4225714 17 -84 
1721289696389 1721289696412 23 329056.740000 3463125.890000 -2.489058 0.000000 5C4225714 17 -84 
1721289696445 1721289696465 20 329056.740000 3463125.900000 -2.489058 0.000000 5C4225714 17 -84 
1721289696500 1721289696535 35 329056.740000 3463125.900000 -2.489058 0.000000 5C4225714 17 -84 
1721289696554 1721289696585 31 329056.750000 3463125.900000 -2.489058 0.000000 5C4225714 17 -84 
1721289696609 1721289696643 34 329056.750000 3463125.900000 -2.489058 0.000000 5C4225714 17 -84 
1721289696664 1721289696695 31 329056.740000 3463125.900000 -2.489058 0.000000 5C4225714 17 -84 
1721289696719 1721289696744 25 329056.750000 3463125.900000 -2.488621 0.000000 5C4225714 17 -84 
1721289696773 1721289696803 30 329056.740000 3463125.890000 -2.488621 0.000000 5C4225714 17 -84 
1721289696828 1721289696863 35 329056.740000 3463125.900000 -2.488621 0.000000 5C4225714 17 -84 
1721289696883 1721289696913 30 329056.740000 3463125.900000 -2.488621 0.000000 5C4225714 17 -84 
1721289696938 1721289696963 25 329056.750000 3463125.900000 -2.488621 0.000000 5C4225714 17 -84 
1721289696993 1721289697027 34 329056.740000 3463125.890000 -2.488185 0.000000 5C4225714 17 -84 
1721289697048 1721289697077 29 329056.740000 3463125.900000 -2.488185 0.000000 5C4225714 17 -84 
1721289697103 1721289697156 53 329056.740000 3463125.900000 -2.488185 0.000000 5C4225714 17 -84 
1721289697159 1721289697192 33 329056.750000 3463125.900000 -2.486658 0.000000 5C4225714 17 -84 
1721289697214 1721289697255 41 329056.740000 3463125.900000 -2.486658 0.000000 5C4225714 17 -84 
1721289697269 1721289697288 19 329056.740000 3463125.900000 -2.486658 0.000000 5C4225714 17 -84 
1721289697326 1721289697351 25 329056.740000 3463125.900000 -2.486658 0.000000 5C4225714 17 -84 
1721289697385 1721289697408 23 329056.740000 3463125.900000 -2.488185 0.000000 5C4225714 17 -84 
1721289697440 1721289697473 33 329056.740000 3463125.900000 -2.488185 0.000000 5C4225714 17 -84 
1721289697494 1721289697525 31 329056.740000 3463125.900000 -2.488185 0.000000 5C4225714 17 -84 
1721289697555 1721289697607 52 329056.740000 3463125.900000 -2.488840 0.000000 5C4225714 17 -84 
1721289697610 1721289697643 33 329056.740000 3463125.890000 -2.488840 0.000000 5C4225714 17 -84 
1721289697665 1721289697695 30 329056.740000 3463125.900000 -2.488840 0.000000 5C4225714 17 -84 
1721289697720 1721289697745 25 329056.740000 3463125.900000 -2.488840 0.000000 5C4225714 17 -84 
1721289697775 1721289697809 34 329056.740000 3463125.900000 -2.488621 0.000000 5C4225714 17 -84 
1721289697829 1721289697861 32 329056.740000 3463125.890000 -2.488621 0.000000 5C4225714 17 -84 
1721289697884 1721289697909 25 329056.740000 3463125.900000 -2.488621 0.000000 5C4225714 17 -84 
1721289697939 1721289697975 36 329056.740000 3463125.900000 -2.487094 0.000000 5C4225714 17 -84 
1721289697994 1721289698015 21 329056.740000 3463125.890000 -2.487094 0.000000 5C4225714 17 -84 
1721289698049 1721289698073 24 329056.740000 3463125.900000 -2.487094 0.000000 5C4225714 17 -84 
1721289698105 1721289698134 29 329056.740000 3463125.900000 -2.487094 0.000000 5C4225714 17 -84 
1721289698160 1721289698178 18 329056.740000 3463125.900000 -2.488403 0.000000 5C4225714 17 -84 
1721289698215 1721289698240 25 329056.740000 3463125.890000 -2.488403 0.000000 5C4225714 17 -84 
1721289698269 1721289698299 30 329056.740000 3463125.900000 -2.488403 0.000000 5C4225714 17 -84 
1721289698324 1721289698342 18 329056.740000 3463125.900000 -2.488403 0.000000 5C4225714 17 -84 
1721289698378 1721289698398 20 329056.740000 3463125.900000 -2.488403 0.000000 5C4225714 17 -84 
1721289698437 1721289698460 23 329056.740000 3463125.900000 -2.488403 0.000000 5C4225714 17 -84 
1721289698492 1721289698516 24 329056.740000 3463125.900000 -2.488403 0.000000 5C4225714 17 -84 
1721289698547 1721289698572 25 329056.740000 3463125.900000 -2.488403 0.000000 5C4225714 17 -84 
1721289698602 1721289698622 20 329056.740000 3463125.890000 -2.488403 0.000000 5C4225714 17 -84 
1721289698656 1721289698693 37 329056.740000 3463125.900000 -2.488403 0.000000 5C4225714 17 -84 
1721289698711 1721289698739 28 329056.740000 3463125.900000 -2.488403 0.000000 5C4225714 17 -84 
1721289698766 1721289698797 31 329056.740000 3463125.890000 -2.489058 0.000000 5C4225714 17 -84 
1721289698821 1721289699403 582 329056.740000 3463125.890000 -2.489058 0.000000 5C4225714 17 -84 
1721289698876 1721289699403 527 329056.740000 3463125.890000 -2.489058 0.000000 5C4225714 17 -84 
1721289698932 1721289699403 471 329056.750000 3463125.900000 -2.489058 0.000000 5C4225714 17 -84 
1721289698987 1721289699403 416 329056.750000 3463125.900000 -2.487749 0.000000 5C4225714 17 -84 
1721289699041 1721289699403 362 329056.740000 3463125.900000 -2.487749 0.000000 5C4225714 17 -84 
1721289699096 1721289699426 330 329056.750000 3463125.900000 -2.487749 0.000000 5C4225714 17 -84 
1721289699151 1721289699426 275 329056.750000 3463125.900000 -2.487749 0.000000 5C4225714 17 -84 
1721289699206 1721289699426 220 329056.740000 3463125.890000 -2.489930 0.000000 5C4225714 17 -84 
1721289699261 1721289699426 165 329056.740000 3463125.890000 -2.489930 0.000000 5C4225714 17 -84 
1721289699315 1721289699426 111 329056.750000 3463125.890000 -2.489930 0.000000 5C4225714 17 -84 
1721289699371 1721289699427 56 329056.750000 3463125.900000 -2.489930 0.000000 5C4225714 17 -84 
1721289699427 1721289699448 21 329056.740000 3463125.890000 -2.489930 0.000000 5C4225714 17 -84 
1721289699481 1721289699498 17 329056.740000 3463125.890000 -2.489930 0.000000 5C4225714 17 -84 
1721289699540 1721289699580 40 329056.740000 3463125.890000 -2.489930 0.000000 5C4225714 17 -84 
1721289699594 1721289699626 32 329056.750000 3463125.900000 -2.489494 0.000000 5C4225714 17 -84 
1721289699649 1721289699678 29 329056.740000 3463125.890000 -2.489494 0.000000 5C4225714 17 -84 
1721289699704 1721289699728 24 329056.740000 3463125.890000 -2.489494 0.000000 5C4225714 17 -84 
1721289699759 1721289699778 19 329056.740000 3463125.890000 -2.488403 0.000000 5C4225714 17 -84 
1721289699813 1721289699841 28 329056.740000 3463125.890000 -2.488403 0.000000 5C4225714 17 -84 
1721289699868 1721289699885 17 329056.740000 3463125.890000 -2.488403 0.000000 5C4225714 17 -84 
1721289699922 1721289699945 23 329056.740000 3463125.890000 -2.488403 0.000000 5C4225714 17 -84 
1721289699977 1721289699995 18 329056.740000 3463125.900000 -2.488621 0.000000 5C4225714 17 -84 
1721289700032 1721289700057 25 329056.740000 3463125.890000 -2.488621 0.000000 5C4225714 17 -84 
1721289700087 1721289700108 21 329056.740000 3463125.890000 -2.488621 0.000000 5C4225714 17 -84 
1721289700142 1721289700169 27 329056.740000 3463125.890000 -2.488621 0.000000 5C4225714 17 -84 
1721289700197 1721289700214 17 329056.740000 3463125.890000 -2.488621 0.000000 5C4225714 17 -84 
1721289700252 1721289700269 17 329056.740000 3463125.890000 -2.488621 0.000000 5C4225714 17 -84 
1721289700307 1721289700333 26 329056.740000 3463125.890000 -2.488621 0.000000 5C4225714 17 -84 
1721289700362 1721289700391 29 329056.740000 3463125.890000 -2.487312 0.000000 5C4225714 17 -84 
1721289700418 1721289700443 25 329056.740000 3463125.890000 -2.487312 0.000000 5C4225714 17 -84 
1721289700473 1721289700499 26 329056.740000 3463125.890000 -2.487312 0.000000 5C4225714 17 -84 
1721289700529 1721289700548 19 329056.740000 3463125.890000 -2.487312 0.000000 5C4225714 17 -84 
1721289700592 1721289700629 37 329056.740000 3463125.890000 -2.488840 0.000000 5C4225714 17 -84 
1721289700660 1721289700682 22 329056.740000 3463125.890000 -2.488840 0.000000 5C4225714 17 -84 
1721289700728 1721289700744 16 329056.740000 3463125.890000 -2.489494 0.000000 5C4225714 17 -84 
1721289700782 1721289700800 18 329056.730000 3463125.890000 -2.489494 0.000000 5C4225714 17 -84 
1721289700837 1721289700856 19 329056.740000 3463125.890000 -2.489494 0.000000 5C4225714 17 -84 
1721289700892 1721289700916 24 329056.740000 3463125.890000 -2.489494 0.000000 5C4225714 17 -84 
1721289700947 1721289700972 25 329056.740000 3463125.890000 -2.489494 0.000000 5C4225714 17 -84 
1721289701002 1721289701029 27 329056.730000 3463125.890000 -2.488840 0.000000 5C4225714 17 -84 
1721289701057 1721289701083 26 329056.730000 3463125.890000 -2.488840 0.000000 5C4225714 17 -84 
1721289701112 1721289701133 21 329056.730000 3463125.890000 -2.488840 0.000000 5C4225714 17 -84 
1721289701167 1721289701189 22 329056.730000 3463125.890000 -2.488621 0.000000 5C4225714 17 -84 
1721289701221 1721289701249 28 329056.730000 3463125.890000 -2.488621 0.000000 5C4225714 17 -84 
1721289701276 1721289701301 25 329056.730000 3463125.890000 -2.488621 0.000000 5C4225714 17 -84 
1721289701330 1721289701361 31 329056.730000 3463125.890000 -2.488621 0.000000 5C4225714 17 -84 
1721289701385 1721289701419 34 329056.730000 3463125.890000 -2.488621 0.000000 5C4225714 17 -84 
1721289701440 1721289701475 35 329056.730000 3463125.890000 -2.488621 0.000000 5C4225714 17 -84 
1721289701495 1721289701517 22 329056.730000 3463125.890000 -2.488621 0.000000 5C4225714 17 -84 
1721289701550 1721289701575 25 329056.740000 3463125.890000 -2.488185 0.000000 5C4225714 17 -84 
1721289701606 1721289701623 17 329056.730000 3463125.890000 -2.488185 0.000000 5C4225714 17 -84 
1721289701661 1721289701685 24 329056.740000 3463125.890000 -2.488185 0.000000 5C4225714 17 -84 
1721289701724 1721289701746 22 329056.740000 3463125.890000 -2.488185 0.000000 5C4225714 17 -84 
1721289701779 1721289701796 17 329056.740000 3463125.890000 -2.489058 0.000000 5C4225714 17 -84 
1721289701834 1721289701852 18 329056.740000 3463125.890000 -2.489058 0.000000 5C4225714 17 -84 
1721289701888 1721289701908 20 329056.740000 3463125.890000 -2.489058 0.000000 5C4225714 17 -84 
1721289701943 1721289701960 17 329056.740000 3463125.900000 -2.489930 0.000000 5C4225714 17 -84 
1721289701998 1721289702022 24 329056.740000 3463125.890000 -2.489930 0.000000 5C4225714 17 -84 
1721289702053 1721289702079 26 329056.740000 3463125.890000 -2.489930 0.000000 5C4225714 17 -84 
1721289702109 1721289702133 24 329056.740000 3463125.890000 -2.489930 0.000000 5C4225714 17 -84 
1721289702164 1721289702195 31 329056.740000 3463125.900000 -2.488185 0.000000 5C4225714 17 -84 
1721289702218 1721289702243 25 329056.740000 3463125.890000 -2.488185 0.000000 5C4225714 17 -84 
1721289702273 1721289702297 24 329056.740000 3463125.890000 -2.488185 0.000000 5C4225714 17 -84 
1721289702328 1721289702345 17 329056.740000 3463125.900000 -2.488185 0.000000 5C4225714 17 -84 
1721289702383 1721289702421 38 329056.740000 3463125.900000 -2.490585 0.000000 5C4225714 17 -84 
1721289702438 1721289702473 35 329056.740000 3463125.900000 -2.490585 0.000000 5C4225714 17 -84 
1721289702493 1721289702520 27 329056.740000 3463125.890000 -2.490585 0.000000 5C4225714 17 -84 
1721289702548 1721289702580 32 329056.740000 3463125.900000 -2.487531 0.000000 5C4225714 17 -84 
1721289702602 1721289702635 33 329056.740000 3463125.890000 -2.487531 0.000000 5C4225714 17 -84 
1721289702657 1721289702683 26 329056.740000 3463125.900000 -2.487531 0.000000 5C4225714 17 -84 
1721289702712 1721289702729 17 329056.740000 3463125.900000 -2.487531 0.000000 5C4225714 17 -84 
1721289702767 1721289702789 22 329056.740000 3463125.900000 -2.489494 0.000000 5C4225714 17 -84 
1721289702826 1721289702845 19 329056.740000 3463125.890000 -2.489494 0.000000 5C4225714 17 -84 
1721289702881 1721289702898 17 329056.740000 3463125.900000 -2.489494 0.000000 5C4225714 17 -84 
1721289702936 1721289702952 16 329056.740000 3463125.900000 -2.489494 0.000000 5C4225714 17 -84 
1721289702991 1721289703016 25 329056.740000 3463125.900000 -2.486876 0.000000 5C4225714 17 -84 
1721289703046 1721289703071 25 329056.740000 3463125.900000 -2.486876 0.000000 5C4225714 17 -84 
1721289703101 1721289703124 23 329056.740000 3463125.900000 -2.486876 0.000000 5C4225714 17 -84 
1721289703156 1721289703176 20 329056.740000 3463125.900000 -2.486658 0.000000 5C4225714 17 -84 
1721289703211 1721289703239 28 329056.740000 3463125.900000 -2.486658 0.000000 5C4225714 17 -84 
1721289703266 1721289703292 26 329056.740000 3463125.900000 -2.486658 0.000000 5C4225714 17 -84 
1721289703321 1721289703335 14 329056.740000 3463125.900000 -2.486658 0.000000 5C4225714 17 -84 
1721289703375 1721289703392 17 329056.740000 3463125.890000 -2.487312 0.000000 5C4225714 17 -84 
1721289703431 1721289703447 16 329056.740000 3463125.900000 -2.487312 0.000000 5C4225714 17 -84 
1721289703486 1721289703509 23 329056.740000 3463125.900000 -2.487312 0.000000 5C4225714 17 -84 
1721289703540 1721289703572 32 329056.740000 3463125.900000 -2.487312 0.000000 5C4225714 17 -84 
1721289703596 1721289703613 17 329056.740000 3463125.900000 -2.489276 0.000000 5C4225714 17 -84 
1721289703651 1721289703675 24 329056.740000 3463125.900000 -2.489276 0.000000 5C4225714 17 -84 
1721289703705 1721289703723 18 329056.740000 3463125.900000 -2.489276 0.000000 5C4225714 17 -84 
1721289703760 1721289703777 17 329056.750000 3463125.900000 -2.488840 0.000000 5C4225714 17 -84 
1721289703815 1721289703843 28 329056.740000 3463125.900000 -2.488840 0.000000 5C4225714 17 -84 
1721289703871 1721289703895 24 329056.740000 3463125.900000 -2.488840 0.000000 5C4225714 17 -84 
1721289703930 1721289703955 25 329056.750000 3463125.900000 -2.488403 0.000000 5C4225714 17 -84 
1721289703985 1721289704020 35 329056.750000 3463125.900000 -2.488403 0.000000 5C4225714 17 -84 
1721289704040 1721289704067 27 329056.740000 3463125.890000 -2.488403 0.000000 5C4225714 17 -84 
1721289704095 1721289704629 534 329056.740000 3463125.900000 -2.488403 0.000000 5C4225714 17 -84 
1721289704150 1721289704629 479 329056.750000 3463125.900000 -2.488403 0.000000 5C4225714 17 -84 
1721289704205 1721289704629 424 329056.740000 3463125.890000 -2.489276 0.000000 5C4225714 17 -84 
1721289704260 1721289704629 369 329056.740000 3463125.890000 -2.489276 0.000000 5C4225714 17 -84 
1721289704315 1721289704629 314 329056.750000 3463125.890000 -2.489276 0.000000 5C4225714 17 -84 
1721289704370 1721289704629 259 329056.740000 3463125.890000 -2.489712 0.000000 5C4225714 17 -84 
1721289704426 1721289704629 203 329056.750000 3463125.890000 -2.489712 0.000000 5C4225714 17 -84 
1721289704486 1721289704629 143 329056.750000 3463125.890000 -2.489712 0.000000 5C4225714 17 -84 
1721289704544 1721289704629 85 329056.750000 3463125.900000 -2.489930 0.000000 5C4225714 17 -84 
1721289704599 1721289704642 43 329056.750000 3463125.900000 -2.489930 0.000000 5C4225714 17 -84 
1721289704654 1721289704720 66 329056.750000 3463125.890000 -2.489930 0.000000 5C4225714 17 -84 
1721289704709 1721289704744 35 329056.750000 3463125.890000 -2.489930 0.000000 5C4225714 17 -84 
1721289704764 1721289704795 31 329056.750000 3463125.890000 -2.489058 0.000000 5C4225714 17 -84 
1721289704819 1721289704855 36 329056.750000 3463125.890000 -2.489058 0.000000 5C4225714 17 -84 
1721289704874 1721289704913 39 329056.750000 3463125.890000 -2.489058 0.000000 5C4225714 17 -84 
1721289704929 1721289704955 26 329056.750000 3463125.900000 -2.489058 0.000000 5C4225714 17 -84 
1721289704987 1721289705009 22 329056.750000 3463125.890000 -2.489276 0.000000 5C4225714 17 -84 
1721289705042 1721289705059 17 329056.750000 3463125.890000 -2.489276 0.000000 5C4225714 17 -84 
1721289705097 1721289705119 22 329056.750000 3463125.890000 -2.489276 0.000000 5C4225714 17 -84 
1721289705152 1721289705183 31 329056.750000 3463125.900000 -2.489276 0.000000 5C4225714 17 -84 
1721289705207 1721289705239 32 329056.750000 3463125.890000 -2.489276 0.000000 5C4225714 17 -84 
1721289705261 1721289705282 21 329056.750000 3463125.890000 -2.489276 0.000000 5C4225714 17 -84 
1721289705316 1721289705332 16 329056.750000 3463125.890000 -2.489276 0.000000 5C4225714 17 -84 
1721289705371 1721289705400 29 329056.750000 3463125.900000 -2.488403 0.000000 5C4225714 17 -84 
1721289705426 1721289705444 18 329056.750000 3463125.890000 -2.488403 0.000000 5C4225714 17 -84 
1721289705481 1721289705511 30 329056.750000 3463125.890000 -2.488403 0.000000 5C4225714 17 -84 
1721289705536 1721289705558 22 329056.750000 3463125.900000 -2.488185 0.000000 5C4225714 17 -84 
1721289705591 1721289705608 17 329056.750000 3463125.890000 -2.488185 0.000000 5C4225714 17 -84 
1721289705646 1721289705664 18 329056.750000 3463125.890000 -2.488185 0.000000 5C4225714 17 -84 
1721289705701 1721289705721 20 329056.750000 3463125.900000 -2.488185 0.000000 5C4225714 17 -84 
1721289705756 1721289705783 27 329056.750000 3463125.900000 -2.489494 0.000000 5C4225714 17 -84 
1721289705810 1721289705833 23 329056.750000 3463125.890000 -2.489494 0.000000 5C4225714 17 -84 
1721289705869 1721289705889 20 329056.750000 3463125.900000 -2.489494 0.000000 5C4225714 17 -84 
1721289705924 1721289705952 28 329056.750000 3463125.900000 -2.489494 0.000000 5C4225714 17 -84 
1721289705979 1721289706009 30 329056.740000 3463125.890000 -2.489058 0.000000 5C4225714 17 -84 
1721289706035 1721289706053 18 329056.740000 3463125.890000 -2.489058 0.000000 5C4225714 17 -84 
1721289706095 1721289706127 32 329056.750000 3463125.900000 -2.489058 0.000000 5C4225714 17 -84 
1721289706166 1721289706189 23 329056.750000 3463125.900000 -2.489276 0.000000 5C4225714 17 -85 
1721289706222 1721289706239 17 329056.740000 3463125.890000 -2.489276 0.000000 5C4225714 23 -85 
1721289706276 1721289706301 25 329056.740000 3463125.900000 -2.489276 0.000000 5C4225714 23 -85 
1721289706331 1721289706360 29 329056.750000 3463125.900000 -2.489276 0.000000 5C4225714 23 -85 
1721289706386 1721289706403 17 329056.740000 3463125.890000 -2.488840 0.000000 5C4225714 23 -85 
1721289706441 1721289706461 20 329056.740000 3463125.890000 -2.488840 0.000000 5C4225714 23 -85 
1721289706496 1721289706512 16 329056.740000 3463125.900000 -2.488840 0.000000 5C4225714 23 -85 
1721289706550 1721289706568 18 329056.750000 3463125.900000 -2.489494 0.000000 5C4225714 23 -85 
1721289706605 1721289706628 23 329056.740000 3463125.890000 -2.489494 0.000000 5C4225714 23 -85 
1721289706660 1721289706678 18 329056.740000 3463125.900000 -2.489494 0.000000 5C4225714 23 -85 
1721289706715 1721289706744 29 329056.740000 3463125.900000 -2.489494 0.000000 5C4225714 23 -85 
1721289706770 1721289706796 26 329056.740000 3463125.900000 -2.487094 0.000000 5C4225714 23 -85 
1721289706825 1721289706846 21 329056.740000 3463125.890000 -2.487094 0.000000 5C4225714 23 -85 
1721289706880 1721289706896 16 329056.740000 3463125.900000 -2.487094 0.000000 5C4225714 23 -85 
1721289706935 1721289706952 17 329056.740000 3463125.900000 -2.487094 0.000000 5C4225714 23 -85 
1721289706989 1721289707019 30 329056.740000 3463125.890000 -2.487967 0.000000 5C4225714 23 -85 
1721289707044 1721289707070 26 329056.740000 3463125.900000 -2.487967 0.000000 5C4225714 23 -85 
1721289707099 1721289707121 22 329056.740000 3463125.900000 -2.487967 0.000000 5C4225714 23 -85 
1721289707153 1721289707180 27 329056.740000 3463125.900000 -2.487967 0.000000 5C4225714 23 -85 
1721289707208 1721289707235 27 329056.740000 3463125.890000 -2.488403 0.000000 5C4225714 23 -85 
1721289707263 1721289707300 37 329056.740000 3463125.890000 -2.488403 0.000000 5C4225714 23 -85 
1721289707318 1721289707343 25 329056.740000 3463125.900000 -2.488403 0.000000 5C4225714 23 -85 
1721289707372 1721289707393 21 329056.740000 3463125.890000 -2.488840 0.000000 5C4225714 23 -85 
1721289707427 1721289707452 25 329056.740000 3463125.890000 -2.488840 0.000000 5C4225714 23 -85 
1721289707482 1721289707515 33 329056.740000 3463125.890000 -2.488840 0.000000 5C4225714 23 -85 
1721289707537 1721289707563 26 329056.740000 3463125.900000 -2.488840 0.000000 5C4225714 23 -85 
1721289707592 1721289707613 21 329056.740000 3463125.890000 -2.490149 0.000000 5C4225714 23 -85 
1721289707647 1721289707669 22 329056.740000 3463125.890000 -2.490149 0.000000 5C4225714 23 -85 
1721289707702 1721289707724 22 329056.740000 3463125.900000 -2.490149 0.000000 5C4225714 23 -85 
1721289707757 1721289707780 23 329056.740000 3463125.900000 -2.488185 0.000000 5C4225714 23 -85 
1721289707811 1721289707832 21 329056.740000 3463125.890000 -2.488185 0.000000 5C4225714 23 -85 
1721289707866 1721289707888 22 329056.740000 3463125.890000 -2.488185 0.000000 5C4225714 23 -85 
1721289707921 1721289707938 17 329056.740000 3463125.900000 -2.488185 0.000000 5C4225714 23 -85 
1721289707976 1721289708000 24 329056.740000 3463125.900000 -2.488621 0.000000 5C4225714 23 -85 
1721289708031 1721289708059 28 329056.740000 3463125.890000 -2.488621 0.000000 5C4225714 23 -85 
1721289708086 1721289708102 16 329056.740000 3463125.890000 -2.488621 0.000000 5C4225714 23 -85 
1721289708141 1721289708165 24 329056.740000 3463125.900000 -2.488621 0.000000 5C4225714 23 -85 
1721289708196 1721289708223 27 329056.740000 3463125.900000 -2.489058 0.000000 5C4225714 23 -85 
1721289708251 1721289708273 22 329056.740000 3463125.890000 -2.489058 0.000000 5C4225714 23 -85 
1721289708306 1721289708329 23 329056.740000 3463125.900000 -2.489058 0.000000 5C4225714 23 -85 
1721289708365 1721289708385 20 329056.740000 3463125.890000 -2.489058 0.000000 5C4225714 23 -85 
1721289708419 1721289708441 22 329056.740000 3463125.890000 -2.489058 0.000000 5C4225714 23 -85 
1721289708474 1721289708509 35 329056.740000 3463125.900000 -2.489058 0.000000 5C4225714 23 -85 
1721289708529 1721289708560 31 329056.740000 3463125.900000 -2.489058 0.000000 5C4225714 23 -85 
1721289708584 1721289708603 19 329056.740000 3463125.900000 -2.488840 0.000000 5C4225714 23 -85 
1721289708639 1721289708667 28 329056.740000 3463125.890000 -2.488840 0.000000 5C4225714 23 -85 
1721289708694 1721289708721 27 329056.740000 3463125.900000 -2.488840 0.000000 5C4225714 23 -85 
1721289708749 1721289708765 16 329056.740000 3463125.900000 -2.490149 0.000000 5C4225714 23 -85 
1721289708804 1721289708827 23 329056.740000 3463125.890000 -2.490149 0.000000 5C4225714 23 -85 
1721289708859 1721289708882 23 329056.740000 3463125.900000 -2.490149 0.000000 5C4225714 23 -85 
1721289708914 1721289708932 18 329056.740000 3463125.900000 -2.490149 0.000000 5C4225714 23 -85 
1721289708969 1721289708988 19 329056.740000 3463125.900000 -2.490149 0.000000 5C4225714 23 -85 
1721289709024 1721289709058 34 329056.740000 3463125.900000 -2.489712 0.000000 5C4225714 23 -85 
1721289709079 1721289709102 23 329056.740000 3463125.900000 -2.489712 0.000000 5C4225714 23 -85 
1721289709134 1721289709152 18 329056.740000 3463125.900000 -2.489712 0.000000 5C4225714 23 -85 
1721289709189 1721289709214 25 329056.740000 3463125.900000 -2.489712 0.000000 5C4225714 23 -85 
1721289709244 1721289709271 27 329056.740000 3463125.900000 -2.489712 0.000000 5C4225714 23 -85 
1721289709298 1721289709321 23 329056.740000 3463125.900000 -2.489712 0.000000 5C4225714 23 -85 
1721289709354 1721289709386 32 329056.740000 3463125.900000 -2.488621 0.000000 5C4225714 23 -85 
1721289709413 1721289709437 24 329056.740000 3463125.900000 -2.488621 0.000000 5C4225714 23 -85 
1721289709467 1721289709492 25 329056.740000 3463125.900000 -2.488621 0.000000 5C4225714 23 -85 
1721289709522 1721289709550 28 329056.740000 3463125.900000 -2.489058 0.000000 5C4225714 23 -85 
1721289709577 1721289709605 28 329056.740000 3463125.900000 -2.489058 0.000000 5C4225714 23 -85 
1721289709636 1721289709667 31 329056.740000 3463125.900000 -2.489058 0.000000 5C4225714 23 -85 
1721289709691 1721289709720 29 329056.740000 3463125.900000 -2.489058 0.000000 5C4225714 23 -85 
1721289709746 1721289709769 23 329056.740000 3463125.900000 -2.489712 0.000000 5C4225714 23 -85 
1721289709801 1721289709827 26 329056.740000 3463125.890000 -2.489712 0.000000 5C4225714 23 -85 
1721289709856 1721289709877 21 329056.740000 3463125.900000 -2.489712 0.000000 5C4225714 23 -85 
1721289709910 1721289709937 27 329056.740000 3463125.900000 -2.489712 0.000000 5C4225714 23 -85 
1721289709965 1721289710000 35 329056.740000 3463125.900000 -2.489712 0.000000 5C4225714 23 -85 
1721289710020 1721289710044 24 329056.750000 3463125.900000 -2.491021 0.000000 5C4225714 23 -85 
1721289710074 1721289710101 27 329056.740000 3463125.900000 -2.491021 0.000000 5C4225714 23 -85 
1721289710130 1721289710167 37 329056.750000 3463125.900000 -2.487967 0.000000 5C4225714 23 -85 
1721289710185 1721289710202 17 329056.740000 3463125.890000 -2.487967 0.000000 5C4225714 23 -85 
1721289710240 1721289710266 26 329056.740000 3463125.900000 -2.487967 0.000000 5C4225714 23 -85 
1721289710294 1721289710324 30 329056.740000 3463125.900000 -2.487967 0.000000 5C4225714 23 -85 
1721289710350 1721289710376 26 329056.750000 3463125.900000 -2.489930 0.000000 5C4225714 23 -85 
1721289710404 1721289710436 32 329056.740000 3463125.890000 -2.489930 0.000000 5C4225714 23 -85 
1721289710463 1721289710493 30 329056.740000 3463125.890000 -2.489930 0.000000 5C4225714 23 -85 
1721289710522 1721289710546 24 329056.740000 3463125.900000 -2.489930 0.000000 5C4225714 23 -85 
1721289710576 1721289710601 25 329056.750000 3463125.900000 -2.489058 0.000000 5C4225714 23 -85 
1721289710631 1721289710657 26 329056.740000 3463125.890000 -2.489058 0.000000 5C4225714 23 -85 
1721289710685 1721289710713 28 329056.740000 3463125.890000 -2.489058 0.000000 5C4225714 23 -85 
1721289710740 1721289710763 23 329056.740000 3463125.890000 -2.489276 0.000000 5C4225714 23 -85 
1721289710794 1721289710817 23 329056.740000 3463125.890000 -2.489276 0.000000 5C4225714 23 -85 
1721289710849 1721289710874 25 329056.740000 3463125.890000 -2.489276 0.000000 5C4225714 23 -85 
1721289710908 1721289710935 27 329056.740000 3463125.890000 -2.489276 0.000000 5C4225714 23 -85 
1721289710976 1721289710997 21 329056.740000 3463125.900000 -2.489058 0.000000 5C4225714 23 -85 
1721289711030 1721289711061 31 329056.740000 3463125.890000 -2.489058 0.000000 5C4225714 23 -85 
1721289711085 1721289711112 27 329056.740000 3463125.890000 -2.489058 0.000000 5C4225714 23 -85 
1721289711140 1721289711165 25 329056.740000 3463125.890000 -2.489058 0.000000 5C4225714 23 -85 
1721289711195 1721289711223 28 329056.740000 3463125.890000 -2.489930 0.000000 5C4225714 23 -85 
1721289711250 1721289711274 24 329056.740000 3463125.890000 -2.489930 0.000000 5C4225714 23 -85 
1721289711305 1721289711328 23 329056.740000 3463125.890000 -2.489930 0.000000 5C4225714 23 -85 
1721289711359 1721289711379 20 329056.740000 3463125.890000 -2.488621 0.000000 5C4225714 23 -85 
1721289711414 1721289711436 22 329056.740000 3463125.890000 -2.488621 0.000000 5C4225714 23 -85 
1721289711469 1721289711492 23 329056.740000 3463125.890000 -2.488621 0.000000 5C4225714 23 -85 
1721289711524 1721289711548 24 329056.740000 3463125.890000 -2.488621 0.000000 5C4225714 23 -85 
1721289711578 1721289711604 26 329056.740000 3463125.890000 -2.489930 0.000000 5C4225714 23 -85 
1721289711634 1721289711663 29 329056.740000 3463125.890000 -2.489930 0.000000 5C4225714 23 -85 
1721289711689 1721289711712 23 329056.740000 3463125.890000 -2.489930 0.000000 5C4225714 23 -85 
1721289711743 1721289711769 26 329056.740000 3463125.890000 -2.489930 0.000000 5C4225714 23 -85 
1721289711798 1721289711819 21 329056.740000 3463125.890000 -2.490149 0.000000 5C4225714 23 -85 
1721289711853 1721289711883 30 329056.740000 3463125.890000 -2.490149 0.000000 5C4225714 23 -85 
1721289711922 1721289711939 17 329056.740000 3463125.890000 -2.490149 0.000000 5C4225714 23 -85 
1721289711977 1721289711995 18 329056.740000 3463125.890000 -2.489930 0.000000 5C4225714 23 -85 
1721289712032 1721289712057 25 329056.740000 3463125.890000 -2.489930 0.000000 5C4225714 23 -85 
1721289712087 1721289712122 35 329056.740000 3463125.890000 -2.489930 0.000000 5C4225714 23 -85 
1721289712142 1721289712165 23 329056.740000 3463125.890000 -2.489930 0.000000 5C4225714 23 -85 
1721289712196 1721289712221 25 329056.740000 3463125.890000 -2.488621 0.000000 5C4225714 23 -85 
1721289712251 1721289712277 26 329056.740000 3463125.890000 -2.488621 0.000000 5C4225714 23 -85 
1721289712306 1721289712333 27 329056.740000 3463125.890000 -2.488621 0.000000 5C4225714 23 -85 
1721289712361 1721289712400 39 329056.730000 3463125.890000 -2.490585 0.000000 5C4225714 23 -85 
1721289712416 1721289712440 24 329056.730000 3463125.890000 -2.490585 0.000000 5C4225714 23 -85 
1721289712471 1721289712502 31 329056.740000 3463125.890000 -2.490585 0.000000 5C4225714 23 -85 
1721289712526 1721289712544 18 329056.740000 3463125.890000 -2.487312 0.000000 5C4225714 23 -85 
1721289712581 1721289712596 15 329056.730000 3463125.890000 -2.487312 0.000000 5C4225714 23 -85 
1721289712637 1721289712652 15 329056.730000 3463125.890000 -2.487312 0.000000 5C4225714 23 -85 
1721289712696 1721289712767 71 329056.730000 3463125.890000 -2.487312 0.000000 5C4225714 23 -85 
1721289712750 1721289712794 44 329056.740000 3463125.890000 -2.487312 0.000000 5C4225714 23 -85 
1721289712805 1721289712835 30 329056.730000 3463125.890000 -2.488621 0.000000 5C4225714 23 -85 
1721289712860 1721289712884 24 329056.730000 3463125.890000 -2.488621 0.000000 5C4225714 23 -85 
1721289712914 1721289712935 21 329056.730000 3463125.890000 -2.488621 0.000000 5C4225714 23 -85 
1721289712969 1721289713013 44 329056.730000 3463125.890000 -2.488621 0.000000 5C4225714 23 -85 
1721289713024 1721289713049 25 329056.730000 3463125.890000 -2.489276 0.000000 5C4225714 23 -85 
1721289713079 1721289713105 26 329056.730000 3463125.890000 -2.489276 0.000000 5C4225714 23 -85 
1721289713134 1721289713154 20 329056.730000 3463125.890000 -2.487749 0.000000 5C4225714 23 -85 
1721289713189 1721289713212 23 329056.730000 3463125.890000 -2.487749 0.000000 5C4225714 23 -85 
1721289713244 1721289713295 51 329056.730000 3463125.890000 -2.487749 0.000000 5C4225714 23 -85 
1721289713299 1721289713340 41 329056.730000 3463125.890000 -2.487749 0.000000 5C4225714 23 -85 
1721289713353 1721289713401 48 329056.730000 3463125.890000 -2.487749 0.000000 5C4225714 23 -85 
1721289713408 1721289713432 24 329056.730000 3463125.890000 -2.490149 0.000000 5C4225714 23 -85 
1721289713463 1721289713495 32 329056.730000 3463125.890000 -2.490149 0.000000 5C4225714 23 -85 
1721289713518 1721289713537 19 329056.740000 3463125.890000 -2.489712 0.000000 5C4225714 23 -85 
1721289713573 1721289713612 39 329056.740000 3463125.890000 -2.489712 0.000000 5C4225714 23 -85 
1721289713628 1721289713656 28 329056.740000 3463125.890000 -2.489712 0.000000 5C4225714 23 -85 
1721289713683 1721289713700 17 329056.740000 3463125.890000 -2.489712 0.000000 5C4225714 23 -85 
1721289713738 1721289713756 18 329056.740000 3463125.890000 -2.488185 0.000000 5C4225714 23 -85 
1721289713795 1721289713818 23 329056.740000 3463125.890000 -2.488185 0.000000 5C4225714 23 -85 
1721289713850 1721289713874 24 329056.740000 3463125.890000 -2.488185 0.000000 5C4225714 23 -85 
1721289713904 1721289713932 28 329056.740000 3463125.890000 -2.488185 0.000000 5C4225714 23 -85 
1721289713959 1721289713980 21 329056.740000 3463125.890000 -2.489276 0.000000 5C4225714 23 -85 
1721289714014 1721289714039 25 329056.740000 3463125.890000 -2.489276 0.000000 5C4225714 23 -85 
1721289714069 1721289714089 20 329056.740000 3463125.890000 -2.489276 0.000000 5C4225714 23 -85 
1721289714124 1721289714143 19 329056.740000 3463125.890000 -2.489276 0.000000 5C4225714 23 -85 
1721289714178 1721289714197 19 329056.740000 3463125.890000 -2.489930 0.000000 5C4225714 23 -85 
1721289714233 1721289714257 24 329056.740000 3463125.890000 -2.489930 0.000000 5C4225714 23 -85 
1721289714288 1721289714320 32 329056.740000 3463125.890000 -2.489930 0.000000 5C4225714 23 -85 
1721289714343 1721289714361 18 329056.740000 3463125.890000 -2.489058 0.000000 5C4225714 23 -85 
1721289714398 1721289714421 23 329056.740000 3463125.890000 -2.489058 0.000000 5C4225714 23 -85 
1721289714453 1721289714475 22 329056.740000 3463125.890000 -2.489058 0.000000 5C4225714 23 -85 
1721289714508 1721289714529 21 329056.740000 3463125.890000 -2.489058 0.000000 5C4225714 23 -85 
1721289714563 1721289714583 20 329056.740000 3463125.890000 -2.489276 0.000000 5C4225714 23 -85 
1721289714618 1721289714637 19 329056.740000 3463125.890000 -2.489276 0.000000 5C4225714 23 -85 
1721289714673 1721289714689 16 329056.740000 3463125.890000 -2.489276 0.000000 5C4225714 23 -85 
1721289714744 1721289714774 30 329056.740000 3463125.890000 -2.489494 0.000000 5C4225714 23 -85 
1721289714799 1721289714821 22 329056.740000 3463125.890000 -2.489494 0.000000 5C4225714 23 -85 
1721289714858 1721289714876 18 329056.740000 3463125.890000 -2.489494 0.000000 5C4225714 23 -85 
1721289714913 1721289714934 21 329056.740000 3463125.890000 -2.489494 0.000000 5C4225714 23 -85 
1721289714967 1721289714992 25 329056.740000 3463125.890000 -2.489494 0.000000 5C4225714 23 -85 
1721289715022 1721289715062 40 329056.740000 3463125.890000 -2.489494 0.000000 5C4225714 23 -85 
1721289715077 1721289715114 37 329056.740000 3463125.890000 -2.489494 0.000000 5C4225714 23 -85 
1721289715132 1721289715162 30 329056.740000 3463125.890000 -2.489494 0.000000 5C4225714 23 -85 
1721289715187 1721289715227 40 329056.740000 3463125.890000 -2.488403 0.000000 5C4225714 23 -85 
1721289715242 1721289715275 33 329056.740000 3463125.890000 -2.488403 0.000000 5C4225714 23 -85 
1721289715297 1721289715327 30 329056.740000 3463125.890000 -2.488403 0.000000 5C4225714 23 -85 
1721289715352 1721289715380 28 329056.740000 3463125.890000 -2.488621 0.000000 5C4225714 23 -85 
1721289715407 1721289715433 26 329056.740000 3463125.890000 -2.488621 0.000000 5C4225714 23 -85 
1721289715461 1721289715479 18 329056.740000 3463125.890000 -2.488621 0.000000 5C4225714 23 -85 
1721289715516 1721289715533 17 329056.740000 3463125.890000 -2.488621 0.000000 5C4225714 23 -85 
1721289715571 1721289715603 32 329056.740000 3463125.890000 -2.490149 0.000000 5C4225714 23 -85 
1721289715627 1721289715643 16 329056.740000 3463125.890000 -2.490149 0.000000 5C4225714 23 -85 
1721289715682 1721289715723 41 329056.740000 3463125.890000 -2.490149 0.000000 5C4225714 23 -85 
1721289715736 1721289715763 27 329056.740000 3463125.890000 -2.490149 0.000000 5C4225714 23 -85 
1721289715791 1721289715809 18 329056.740000 3463125.890000 -2.489930 0.000000 5C4225714 23 -85 
1721289715846 1721289715883 37 329056.740000 3463125.890000 -2.489930 0.000000 5C4225714 23 -85 
1721289715902 1721289715929 27 329056.740000 3463125.890000 -2.489930 0.000000 5C4225714 23 -85 
1721289715962 1721289715981 19 329056.740000 3463125.890000 -2.488840 0.000000 5C4225714 23 -85 
1721289716018 1721289716041 23 329056.740000 3463125.890000 -2.488840 0.000000 5C4225714 23 -85 
1721289716077 1721289716092 15 329056.740000 3463125.890000 -2.488840 0.000000 5C4225714 23 -85 
1721289716136 1721289716162 26 329056.740000 3463125.890000 -2.488840 0.000000 5C4225714 23 -85 
1721289716191 1721289716214 23 329056.740000 3463125.890000 -2.488840 0.000000 5C4225714 23 -85 
1721289716245 1721289716272 27 329056.740000 3463125.890000 -2.488840 0.000000 5C4225714 23 -85 
1721289716300 1721289716318 18 329056.740000 3463125.890000 -2.488840 0.000000 5C4225714 23 -85 
1721289716355 1721289716378 23 329056.740000 3463125.890000 -2.487749 0.000000 5C4225714 23 -85 
1721289716410 1721289716435 25 329056.740000 3463125.890000 -2.487749 0.000000 5C4225714 23 -85 
1721289716466 1721289716500 34 329056.740000 3463125.890000 -2.487749 0.000000 5C4225714 23 -85 
1721289716521 1721289716537 16 329056.740000 3463125.890000 -2.487749 0.000000 5C4225714 23 -85 
1721289716576 1721289716600 24 329056.740000 3463125.890000 -2.488185 0.000000 5C4225714 23 -85 
1721289716631 1721289716653 22 329056.740000 3463125.890000 -2.488185 0.000000 5C4225714 23 -85 
1721289716686 1721289716723 37 329056.740000 3463125.890000 -2.488185 0.000000 5C4225714 23 -85 
1721289716740 1721289716759 19 329056.740000 3463125.890000 -2.488185 0.000000 5C4225714 23 -85 
1721289716795 1721289716819 24 329056.740000 3463125.890000 -2.491021 0.000000 5C4225714 23 -85 
1721289716850 1721289716875 25 329056.740000 3463125.890000 -2.491021 0.000000 5C4225714 23 -85 
1721289716905 1721289716927 22 329056.740000 3463125.890000 -2.491021 0.000000 5C4225714 23 -85 
1721289716959 1721289716979 20 329056.740000 3463125.890000 -2.489494 0.000000 5C4225714 23 -85 
1721289717014 1721289717034 20 329056.740000 3463125.890000 -2.489494 0.000000 5C4225714 23 -85 
1721289717073 1721289717100 27 329056.740000 3463125.890000 -2.489494 0.000000 5C4225714 23 -85 
1721289717128 1721289717163 35 329056.740000 3463125.890000 -2.489494 0.000000 5C4225714 23 -85 
1721289717183 1721289717229 46 329056.740000 3463125.890000 -2.490149 0.000000 5C4225714 23 -85 
1721289717238 1721289717274 36 329056.740000 3463125.890000 -2.490149 0.000000 5C4225714 23 -85 
1721289717293 1721289717312 19 329056.740000 3463125.890000 -2.490149 0.000000 5C4225714 23 -85 
1721289717348 1721289717382 34 329056.740000 3463125.890000 -2.490149 0.000000 5C4225714 23 -85 
1721289717403 1721289717440 37 329056.740000 3463125.890000 -2.487749 0.000000 5C4225714 23 -85 
1721289717458 1721289717492 34 329056.740000 3463125.890000 -2.487749 0.000000 5C4225714 23 -85 
1721289717513 1721289717539 26 329056.740000 3463125.890000 -2.487749 0.000000 5C4225714 23 -85 
1721289717568 1721289717594 26 329056.740000 3463125.890000 -2.490149 0.000000 5C4225714 23 -85 
1721289717623 1721289717653 30 329056.740000 3463125.890000 -2.490149 0.000000 5C4225714 23 -85 
1721289717677 1721289717703 26 329056.740000 3463125.890000 -2.490149 0.000000 5C4225714 23 -85 
1721289717732 1721289717753 21 329056.740000 3463125.890000 -2.490149 0.000000 5C4225714 23 -85 
1721289717787 1721289717810 23 329056.740000 3463125.890000 -2.489494 0.000000 5C4225714 23 -85 
1721289717842 1721289717859 17 329056.740000 3463125.890000 -2.489494 0.000000 5C4225714 23 -85 
1721289717897 1721289717921 24 329056.740000 3463125.890000 -2.489494 0.000000 5C4225714 23 -85 
1721289717951 1721289717987 36 329056.740000 3463125.890000 -2.490149 0.000000 5C4225714 23 -85 
1721289718006 1721289718037 31 329056.740000 3463125.890000 -2.490149 0.000000 5C4225714 23 -85 
1721289718061 1721289718077 16 329056.740000 3463125.890000 -2.490149 0.000000 5C4225714 23 -85 
1721289718115 1721289718137 22 329056.740000 3463125.890000 -2.487967 0.000000 5C4225714 23 -85 
1721289718171 1721289718189 18 329056.740000 3463125.890000 -2.487967 0.000000 5C4225714 23 -85 
1721289718225 1721289718243 18 329056.740000 3463125.890000 -2.487967 0.000000 5C4225714 23 -85 
1721289718280 1721289718297 17 329056.740000 3463125.890000 -2.487967 0.000000 5C4225714 23 -85 
1721289718335 1721289718360 25 329056.740000 3463125.890000 -2.488621 0.000000 5C4225714 23 -85 
1721289718390 1721289718413 23 329056.740000 3463125.890000 -2.488621 0.000000 5C4225714 23 -85 
1721289718444 1721289718474 30 329056.740000 3463125.890000 -2.488621 0.000000 5C4225714 23 -85 
1721289718499 1721289718522 23 329056.740000 3463125.890000 -2.488621 0.000000 5C4225714 23 -85 
1721289718553 1721289718568 15 329056.740000 3463125.890000 -2.489494 0.000000 5C4225714 23 -85 
1721289718608 1721289718632 24 329056.740000 3463125.890000 -2.489494 0.000000 5C4225714 23 -85 
1721289718663 1721289718682 19 329056.740000 3463125.890000 -2.489494 0.000000 5C4225714 23 -85 
1721289718718 1721289718736 18 329056.740000 3463125.890000 -2.489494 0.000000 5C4225714 23 -85 
1721289718773 1721289718804 31 329056.740000 3463125.890000 -2.488185 0.000000 5C4225714 23 -85 
1721289718828 1721289718855 27 329056.740000 3463125.890000 -2.488185 0.000000 5C4225714 23 -85 
1721289718883 1721289718909 26 329056.740000 3463125.890000 -2.488185 0.000000 5C4225714 23 -85 
1721289718937 1721289718957 20 329056.740000 3463125.890000 -2.488185 0.000000 5C4225714 23 -85 
1721289718992 1721289719015 23 329056.740000 3463125.890000 -2.489712 0.000000 5C4225714 23 -85 
1721289719047 1721289719446 399 329056.740000 3463125.890000 -2.489712 0.000000 5C4225714 23 -85 
1721289719102 1721289719446 344 329056.740000 3463125.890000 -2.489712 0.000000 5C4225714 23 -85 
1721289719157 1721289719447 290 329056.740000 3463125.890000 -2.487967 0.000000 5C4225714 23 -85 
1721289719211 1721289719447 236 329056.740000 3463125.890000 -2.487967 0.000000 5C4225714 23 -85 
1721289719266 1721289719447 181 329056.740000 3463125.890000 -2.487967 0.000000 5C4225714 23 -85 
1721289719322 1721289719447 125 329056.740000 3463125.890000 -2.487967 0.000000 5C4225714 23 -85 
1721289719376 1721289719447 71 329056.740000 3463125.890000 -2.487967 0.000000 5C4225714 23 -85 
1721289719431 1721289719457 26 329056.740000 3463125.890000 -2.487967 0.000000 5C4225714 23 -85 
1721289719486 1721289719513 27 329056.740000 3463125.890000 -2.487967 0.000000 5C4225714 23 -85 
1721289719541 1721289719565 24 329056.740000 3463125.890000 -2.491021 0.000000 5C4225714 23 -85 
1721289719596 1721289719621 25 329056.740000 3463125.890000 -2.491021 0.000000 5C4225714 23 -85 
1721289719651 1721289719676 25 329056.740000 3463125.890000 -2.491021 0.000000 5C4225714 23 -85 
1721289719706 1721289719734 28 329056.740000 3463125.890000 -2.491021 0.000000 5C4225714 23 -85 
1721289719761 1721289719782 21 329056.740000 3463125.890000 -2.489058 0.000000 5C4225714 23 -85 
1721289719816 1721289719832 16 329056.740000 3463125.890000 -2.489058 0.000000 5C4225714 23 -85 
1721289719875 1721289720289 414 329056.740000 3463125.890000 -2.489058 0.000000 5C4225714 23 -85 
1721289719934 1721289720289 355 329056.740000 3463125.890000 -2.489058 0.000000 5C4225714 23 -85 
1721289719993 1721289720289 296 329056.740000 3463125.890000 -2.488621 0.000000 5C4225714 23 -85 
1721289720047 1721289720289 242 329056.740000 3463125.890000 -2.488621 0.000000 5C4225714 23 -85 
1721289720106 1721289720289 183 329056.740000 3463125.890000 -2.488621 0.000000 5C4225714 23 -85 
1721289720165 1721289720289 124 329056.740000 3463125.890000 -2.490149 0.000000 5C4225714 23 -85 
1721289720219 1721289720290 71 329056.740000 3463125.890000 -2.490149 0.000000 5C4225714 23 -85 
1721289720278 1721289720301 23 329056.740000 3463125.890000 -2.490149 0.000000 5C4225714 23 -85 
1721289720336 1721289720367 31 329056.740000 3463125.890000 -2.490149 0.000000 5C4225714 23 -85 
1721289720391 1721289720409 18 329056.740000 3463125.890000 -2.488403 0.000000 5C4225714 23 -85 
1721289720450 1721289720469 19 329056.740000 3463125.890000 -2.488403 0.000000 5C4225714 23 -85 
1721289720509 1721289720525 16 329056.740000 3463125.890000 -2.488403 0.000000 5C4225714 23 -85 
1721289720563 1721289720587 24 329056.740000 3463125.890000 -2.488840 0.000000 5C4225714 23 -85 
1721289720622 1721289720646 24 329056.740000 3463125.890000 -2.488840 0.000000 5C4225714 23 -85 
1721289720681 1721289720699 18 329056.740000 3463125.890000 -2.488840 0.000000 5C4225714 23 -85 
1721289720735 1721289720754 19 329056.740000 3463125.890000 -2.488840 0.000000 5C4225714 23 -85 
1721289720795 1721289720813 18 329056.740000 3463125.890000 -2.488403 0.000000 5C4225714 23 -85 
1721289720853 1721289720871 18 329056.740000 3463125.890000 -2.488403 0.000000 5C4225714 23 -85 
1721289720912 1721289720929 17 329056.740000 3463125.890000 -2.488403 0.000000 5C4225714 23 -85 
1721289720966 1721289720992 26 329056.740000 3463125.890000 -2.489276 0.000000 5C4225714 23 -85 
1721289721024 1721289721040 16 329056.740000 3463125.890000 -2.489276 0.000000 5C4225714 23 -85 
1721289721079 1721289721094 15 329056.740000 3463125.890000 -2.489276 0.000000 5C4225714 23 -85 
1721289721138 1721289721156 18 329056.740000 3463125.890000 -2.489276 0.000000 5C4225714 23 -85 
1721289721197 1721289721221 24 329056.740000 3463125.890000 -2.489058 0.000000 5C4225714 23 -85 
1721289721264 1721289721283 19 329056.740000 3463125.890000 -2.489058 0.000000 5C4225714 23 -85 
1721289721332 1721289721355 23 329056.740000 3463125.890000 -2.489276 0.000000 5C4225714 23 -85 
1721289721387 1721289721403 16 329056.740000 3463125.890000 -2.489276 0.000000 5C4225714 23 -85 
1721289721446 1721289721463 17 329056.740000 3463125.890000 -2.489276 0.000000 5C4225714 23 -85 
1721289721504 1721289721523 19 329056.740000 3463125.890000 -2.489276 0.000000 5C4225714 23 -85 
1721289721574 1721289721594 20 329056.740000 3463125.890000 -2.488621 0.000000 5C4225714 23 -85 
1721289721636 1721289721667 31 329056.740000 3463125.890000 -2.488621 0.000000 5C4225714 23 -85 
1721289721691 1721289721709 18 329056.740000 3463125.890000 -2.488621 0.000000 5C4225714 23 -85 
1721289721749 1721289721766 17 329056.740000 3463125.890000 -2.490367 0.000000 5C4225714 23 -85 
1721289721803 1721289721833 30 329056.740000 3463125.890000 -2.490367 0.000000 5C4225714 23 -85 
1721289721862 1721289721880 18 329056.740000 3463125.890000 -2.490367 0.000000 5C4225714 23 -85 
1721289721921 1721289721949 28 329056.740000 3463125.890000 -2.489276 0.000000 5C4225714 23 -85 
1721289721975 1721289722005 30 329056.740000 3463125.890000 -2.489276 0.000000 5C4225714 23 -85 
1721289722034 1721289722059 25 329056.740000 3463125.890000 -2.489276 0.000000 5C4225714 23 -85 
1721289722092 1721289722113 21 329056.740000 3463125.890000 -2.489276 0.000000 5C4225714 23 -85 
1721289722160 1721289722182 22 329056.740000 3463125.890000 -2.490367 0.000000 5C4225714 23 -85 
1721289722215 1721289722239 24 329056.740000 3463125.890000 -2.490367 0.000000 5C4225714 23 -85 
1721289722274 1721289722299 25 329056.740000 3463125.890000 -2.490367 0.000000 5C4225714 23 -85 
1721289722332 1721289722352 20 329056.740000 3463125.890000 -2.488185 0.000000 5C4225714 23 -85 
1721289722386 1721289722412 26 329056.740000 3463125.890000 -2.488185 0.000000 5C4225714 23 -85 
1721289722445 1721289722472 27 329056.740000 3463125.890000 -2.488185 0.000000 5C4225714 23 -85 
1721289722500 1721289722517 17 329056.740000 3463125.890000 -2.488185 0.000000 5C4225714 23 -85 
1721289722554 1721289722580 26 329056.740000 3463125.890000 -2.488185 0.000000 5C4225714 23 -85 
1721289722612 1721289722637 25 329056.740000 3463125.890000 -2.489930 0.000000 5C4225714 23 -85 
1721289722667 1721289722695 28 329056.740000 3463125.890000 -2.489930 0.000000 5C4225714 23 -85 
1721289722730 1721289722755 25 329056.740000 3463125.890000 -2.490803 0.000000 5C4225714 23 -85 
1721289722789 1721289722813 24 329056.740000 3463125.890000 -2.490803 0.000000 5C4225714 23 -85 
1721289722843 1721289722881 38 329056.740000 3463125.890000 -2.490803 0.000000 5C4225714 23 -85 
1721289722902 1721289722936 34 329056.740000 3463125.890000 -2.490803 0.000000 5C4225714 23 -85 
1721289722961 1721289722979 18 329056.740000 3463125.890000 -2.490803 0.000000 5C4225714 23 -85 
1721289723016 1721289723040 24 329056.740000 3463125.890000 -2.489494 0.000000 5C4225714 23 -85 
1721289723071 1721289723095 24 329056.740000 3463125.890000 -2.489494 0.000000 5C4225714 23 -85 
1721289723126 1721289723145 19 329056.740000 3463125.890000 -2.489494 0.000000 5C4225714 23 -85 
1721289723180 1721289723205 25 329056.740000 3463125.890000 -2.487749 0.000000 5C4225714 23 -85 
1721289723235 1721289723259 24 329056.740000 3463125.890000 -2.487749 0.000000 5C4225714 23 -85 
1721289723290 1721289723312 22 329056.740000 3463125.890000 -2.487749 0.000000 5C4225714 23 -85 
1721289723345 1721289723372 27 329056.740000 3463125.890000 -2.489494 0.000000 5C4225714 23 -85 
1721289723400 1721289723416 16 329056.740000 3463125.890000 -2.489494 0.000000 5C4225714 23 -85 
1721289723455 1721289723482 27 329056.740000 3463125.890000 -2.489494 0.000000 5C4225714 23 -85 
1721289723510 1721289723535 25 329056.740000 3463125.890000 -2.489494 0.000000 5C4225714 23 -85 
1721289723565 1721289723592 27 329056.740000 3463125.890000 -2.488840 0.000000 5C4225714 23 -85 
1721289723620 1721289723641 21 329056.740000 3463125.890000 -2.488840 0.000000 5C4225714 23 -85 
1721289723675 1721289723701 26 329056.740000 3463125.890000 -2.488840 0.000000 5C4225714 23 -85 
1721289723730 1721289723753 23 329056.740000 3463125.900000 -2.488840 0.000000 5C4225714 23 -85 
1721289723785 1721289723815 30 329056.740000 3463125.900000 -2.489930 0.000000 5C4225714 23 -85 
1721289723844 1721289723873 29 329056.740000 3463125.890000 -2.489930 0.000000 5C4225714 23 -85 
1721289723899 1721289723921 22 329056.740000 3463125.900000 -2.489930 0.000000 5C4225714 23 -85 
1721289723954 1721289723987 33 329056.740000 3463125.900000 -2.489930 0.000000 5C4225714 23 -85 
1721289724008 1721289724043 35 329056.740000 3463125.890000 -2.489058 0.000000 5C4225714 23 -85 
1721289724063 1721289724103 40 329056.740000 3463125.890000 -2.489058 0.000000 5C4225714 23 -85 
1721289724118 1721289724143 25 329056.740000 3463125.900000 -2.489058 0.000000 5C4225714 23 -85 
1721289724174 1721289724189 15 329056.740000 3463125.900000 -2.488621 0.000000 5C4225714 23 -85 
1721289724228 1721289724245 17 329056.740000 3463125.890000 -2.488621 0.000000 5C4225714 23 -85 
1721289724283 1721289724313 30 329056.740000 3463125.890000 -2.488621 0.000000 5C4225714 23 -85 
1721289724338 1721289724355 17 329056.740000 3463125.900000 -2.488621 0.000000 5C4225714 23 -85 
1721289724393 1721289724417 24 329056.740000 3463125.890000 -2.488840 0.000000 5C4225714 23 -85 
1721289724448 1721289724474 26 329056.740000 3463125.900000 -2.488840 0.000000 5C4225714 23 -85 
1721289724503 1721289724528 25 329056.740000 3463125.900000 -2.488840 0.000000 5C4225714 23 -85 
1721289724558 1721289724582 24 329056.740000 3463125.900000 -2.490149 0.000000 5C4225714 23 -85 
1721289724613 1721289724634 21 329056.730000 3463125.890000 -2.490149 0.000000 5C4225714 23 -85 
1721289724668 1721289724701 33 329056.740000 3463125.900000 -2.490149 0.000000 5C4225714 23 -85 
1721289724723 1721289724749 26 329056.740000 3463125.900000 -2.490149 0.000000 5C4225714 23 -85 
1721289724778 1721289724795 17 329056.730000 3463125.890000 -2.490585 0.000000 5C4225714 23 -85 
1721289724832 1721289724855 23 329056.730000 3463125.890000 -2.490585 0.000000 5C4225714 23 -85 
1721289724887 1721289724915 28 329056.740000 3463125.900000 -2.490585 0.000000 5C4225714 23 -85 
1721289724946 1721289724973 27 329056.740000 3463125.900000 -2.490585 0.000000 5C4225714 23 -85 
1721289725001 1721289725027 26 329056.730000 3463125.890000 -2.488621 0.000000 5C4225714 23 -85 
1721289725056 1721289725077 21 329056.740000 3463125.900000 -2.488621 0.000000 5C4225714 23 -85 
1721289725110 1721289725135 25 329056.740000 3463125.900000 -2.488621 0.000000 5C4225714 23 -85 
1721289725165 1721289725189 24 329056.740000 3463125.900000 -2.488840 0.000000 5C4225714 23 -85 
1721289725220 1721289725239 19 329056.730000 3463125.890000 -2.488840 0.000000 5C4225714 23 -85 
1721289725275 1721289725300 25 329056.730000 3463125.900000 -2.488840 0.000000 5C4225714 23 -85 
1721289725330 1721289725363 33 329056.740000 3463125.900000 -2.489276 0.000000 5C4225714 23 -85 
1721289725385 1721289725412 27 329056.730000 3463125.890000 -2.489276 0.000000 5C4225714 23 -85 
1721289725440 1721289725470 30 329056.730000 3463125.890000 -2.489276 0.000000 5C4225714 23 -85 
1721289725494 1721289725514 20 329056.730000 3463125.890000 -2.489276 0.000000 5C4225714 23 -85 
1721289725549 1721289725568 19 329056.740000 3463125.900000 -2.489494 0.000000 5C4225714 23 -85 
1721289725604 1721289725631 27 329056.730000 3463125.890000 -2.489494 0.000000 5C4225714 23 -85 
1721289725658 1721289725674 16 329056.730000 3463125.890000 -2.489494 0.000000 5C4225714 23 -85 
1721289725713 1721289725729 16 329056.730000 3463125.890000 -2.489494 0.000000 5C4225714 23 -85 
1721289725767 1721289725786 19 329056.730000 3463125.890000 -2.489494 0.000000 5C4225714 23 -85 
1721289725822 1721289725841 19 329056.730000 3463125.890000 -2.489494 0.000000 5C4225714 23 -85 
1721289725876 1721289725892 16 329056.730000 3463125.890000 -2.489494 0.000000 5C4225714 23 -85 
1721289725931 1721289725948 17 329056.730000 3463125.890000 -2.489494 0.000000 5C4225714 23 -85 
1721289725990 1721289726020 30 329056.730000 3463125.890000 -2.490585 0.000000 5C4225714 23 -85 
1721289726045 1721289726065 20 329056.730000 3463125.890000 -2.490585 0.000000 5C4225714 23 -85 
1721289726100 1721289726127 27 329056.730000 3463125.890000 -2.490585 0.000000 5C4225714 23 -85 
1721289726155 1721289726172 17 329056.730000 3463125.890000 -2.490585 0.000000 5C4225714 23 -85 
1721289726210 1721289726237 27 329056.730000 3463125.890000 -2.489494 0.000000 5C4225714 23 -85 
1721289726265 1721289726287 22 329056.730000 3463125.890000 -2.489494 0.000000 5C4225714 23 -85 
1721289726319 1721289726340 21 329056.730000 3463125.890000 -2.489930 0.000000 5C4225714 23 -85 
1721289726374 1721289726392 18 329056.730000 3463125.890000 -2.489930 0.000000 5C4225714 23 -85 
1721289726433 1721289726452 19 329056.730000 3463125.890000 -2.489930 0.000000 5C4225714 23 -85 
1721289726487 1721289726506 19 329056.730000 3463125.890000 -2.489930 0.000000 5C4225714 23 -85 
1721289726542 1721289726558 16 329056.730000 3463125.890000 -2.489494 0.000000 5C4225714 23 -85 
1721289726597 1721289726614 17 329056.730000 3463125.890000 -2.489494 0.000000 5C4225714 23 -85 
1721289726651 1721289726667 16 329056.730000 3463125.890000 -2.489494 0.000000 5C4225714 23 -85 
1721289726706 1721289726726 20 329056.730000 3463125.890000 -2.489494 0.000000 5C4225714 23 -85 
1721289726761 1721289726779 18 329056.730000 3463125.890000 -2.490149 0.000000 5C4225714 23 -85 
1721289726815 1721289726833 18 329056.730000 3463125.890000 -2.490149 0.000000 5C4225714 23 -85 
1721289726870 1721289726891 21 329056.740000 3463125.890000 -2.490149 0.000000 5C4225714 23 -85 
1721289726925 1721289726939 14 329056.740000 3463125.890000 -2.488621 0.000000 5C4225714 23 -85 
1721289726980 1721289726998 18 329056.730000 3463125.890000 -2.488621 0.000000 5C4225714 23 -85 
1721289727035 1721289727053 18 329056.730000 3463125.890000 -2.488621 0.000000 5C4225714 23 -85 
1721289727094 1721289727113 19 329056.740000 3463125.890000 -2.488621 0.000000 5C4225714 23 -85 
1721289727149 1721289727166 17 329056.740000 3463125.890000 -2.488403 0.000000 5C4225714 23 -85 
1721289727204 1721289727219 15 329056.730000 3463125.890000 -2.488403 0.000000 5C4225714 23 -85 
1721289727259 1721289727280 21 329056.740000 3463125.890000 -2.488403 0.000000 5C4225714 23 -85 
1721289727314 1721289727334 20 329056.740000 3463125.890000 -2.488403 0.000000 5C4225714 23 -85 
1721289727369 1721289727385 16 329056.740000 3463125.890000 -2.488840 0.000000 5C4225714 23 -85 
1721289727423 1721289727439 16 329056.730000 3463125.890000 -2.488840 0.000000 5C4225714 23 -85 
1721289727478 1721289727497 19 329056.740000 3463125.890000 -2.488840 0.000000 5C4225714 23 -85 
1721289727533 1721289727552 19 329056.740000 3463125.890000 -2.488185 0.000000 5C4225714 23 -85 
1721289727587 1721289727606 19 329056.740000 3463125.890000 -2.488185 0.000000 5C4225714 23 -85 
1721289727643 1721289727667 24 329056.740000 3463125.890000 -2.488185 0.000000 5C4225714 23 -85 
1721289727698 1721289727722 24 329056.740000 3463125.890000 -2.488185 0.000000 5C4225714 23 -85 
1721289727753 1721289727769 16 329056.740000 3463125.890000 -2.488621 0.000000 5C4225714 23 -85 
1721289727807 1721289727828 21 329056.740000 3463125.890000 -2.488621 0.000000 5C4225714 23 -85 
1721289727862 1721289727884 22 329056.740000 3463125.890000 -2.488621 0.000000 5C4225714 23 -85 
1721289727917 1721289727952 35 329056.740000 3463125.890000 -2.488621 0.000000 5C4225714 23 -85 
1721289727972 1721289727990 18 329056.740000 3463125.890000 -2.489930 0.000000 5C4225714 23 -85 
1721289728027 1721289728049 22 329056.740000 3463125.890000 -2.489930 0.000000 5C4225714 23 -85 
1721289728082 1721289728107 25 329056.740000 3463125.890000 -2.489930 0.000000 5C4225714 23 -85 
1721289728152 1721289728169 17 329056.740000 3463125.890000 -2.489276 0.000000 5C4225714 23 -85 
1721289728206 1721289728224 18 329056.740000 3463125.890000 -2.489276 0.000000 5C4225714 23 -85 
1721289728261 1721289728289 28 329056.740000 3463125.890000 -2.489276 0.000000 5C4225714 23 -85 
1721289728316 1721289728343 27 329056.740000 3463125.890000 -2.489276 0.000000 5C4225714 23 -85 
1721289728371 1721289728393 22 329056.740000 3463125.890000 -2.489276 0.000000 5C4225714 23 -85 
1721289728426 1721289728445 19 329056.740000 3463125.890000 -2.489276 0.000000 5C4225714 23 -85 
1721289728481 1721289728513 32 329056.740000 3463125.890000 -2.489276 0.000000 5C4225714 23 -85 
1721289728536 1721289728555 19 329056.740000 3463125.890000 -2.489276 0.000000 5C4225714 23 -85 
1721289728591 1721289728609 18 329056.740000 3463125.890000 -2.489494 0.000000 5C4225714 23 -85 
1721289728646 1721289728676 30 329056.740000 3463125.890000 -2.489494 0.000000 5C4225714 23 -85 
1721289728700 1721289728717 17 329056.740000 3463125.890000 -2.489494 0.000000 5C4225714 23 -85 
1721289728755 1721289728777 22 329056.740000 3463125.890000 -2.488840 0.000000 5C4225714 23 -85 
1721289728809 1721289728843 34 329056.740000 3463125.890000 -2.488840 0.000000 5C4225714 23 -85 
1721289728865 1721289728890 25 329056.740000 3463125.890000 -2.488840 0.000000 5C4225714 23 -85 
1721289728919 1721289728939 20 329056.740000 3463125.890000 -2.488840 0.000000 5C4225714 23 -85 
1721289728974 1721289729003 29 329056.740000 3463125.890000 -2.488840 0.000000 5C4225714 23 -85 
1721289729029 1721289729051 22 329056.740000 3463125.890000 -2.489930 0.000000 5C4225714 23 -85 
1721289729086 1721289729107 21 329056.740000 3463125.890000 -2.489930 0.000000 5C4225714 23 -85 
1721289729142 1721289729160 18 329056.740000 3463125.890000 -2.489930 0.000000 5C4225714 23 -85 
1721289729198 1721289729215 17 329056.740000 3463125.890000 -2.489058 0.000000 5C4225714 23 -85 
1721289729261 1721289729289 28 329056.740000 3463125.890000 -2.489058 0.000000 5C4225714 23 -85 
1721289729315 1721289729332 17 329056.740000 3463125.890000 -2.489058 0.000000 5C4225714 23 -85 
1721289729370 1721289729389 19 329056.740000 3463125.890000 -2.488403 0.000000 5C4225714 23 -85 
1721289729427 1721289729451 24 329056.740000 3463125.890000 -2.488403 0.000000 5C4225714 23 -85 
1721289729482 1721289729503 21 329056.740000 3463125.890000 -2.488403 0.000000 5C4225714 23 -85 
1721289729539 1721289729559 20 329056.740000 3463125.890000 -2.488403 0.000000 5C4225714 23 -85 
1721289729594 1721289729617 23 329056.740000 3463125.900000 -2.487749 0.000000 5C4225714 23 -85 
1721289729649 1721289729673 24 329056.740000 3463125.890000 -2.487749 0.000000 5C4225714 23 -85 
1721289729703 1721289729719 16 329056.740000 3463125.900000 -2.487749 0.000000 5C4225714 23 -85 
1721289729758 1721289729781 23 329056.730000 3463125.890000 -2.488840 0.000000 5C4225714 23 -85 
1721289729815 1721289729833 18 329056.740000 3463125.890000 -2.488840 0.000000 5C4225714 23 -85 
1721289729872 1721289729891 19 329056.740000 3463125.890000 -2.488840 0.000000 5C4225714 23 -85 
1721289729927 1721289729946 19 329056.740000 3463125.900000 -2.488840 0.000000 5C4225714 23 -85 
1721289729982 1721289730353 371 329056.740000 3463125.900000 -2.489930 0.000000 5C4225714 23 -85 
1721289730037 1721289730354 317 329056.740000 3463125.890000 -2.489930 0.000000 5C4225714 23 -85 
1721289730092 1721289730354 262 329056.740000 3463125.900000 -2.489930 0.000000 5C4225714 23 -85 
1721289730147 1721289730354 207 329056.740000 3463125.900000 -2.489930 0.000000 5C4225714 23 -85 
1721289730202 1721289730354 152 329056.740000 3463125.900000 -2.488403 0.000000 5C4225714 23 -85 
1721289730257 1721289730354 97 329056.740000 3463125.890000 -2.488403 0.000000 5C4225714 23 -85 
1721289730311 1721289730354 43 329056.740000 3463125.900000 -2.488403 0.000000 5C4225714 23 -85 
1721289730370 1721289730389 19 329056.730000 3463125.890000 -2.489712 0.000000 5C4225714 23 -85 
1721289730425 1721289730444 19 329056.740000 3463125.890000 -2.489712 0.000000 5C4225714 23 -85 
1721289730481 1721289730504 23 329056.740000 3463125.890000 -2.489712 0.000000 5C4225714 23 -85 
1721289730535 1721289730555 20 329056.740000 3463125.900000 -2.489712 0.000000 5C4225714 23 -85 
1721289730590 1721289730607 17 329056.730000 3463125.890000 -2.488840 0.000000 5C4225714 23 -85 
1721289730645 1721289730671 26 329056.730000 3463125.890000 -2.488840 0.000000 5C4225714 23 -85 
1721289730701 1721289730716 15 329056.740000 3463125.890000 -2.488840 0.000000 5C4225714 23 -85 
1721289730756 1721289730775 19 329056.740000 3463125.900000 -2.489276 0.000000 5C4225714 23 -85 
1721289730811 1721289730831 20 329056.730000 3463125.890000 -2.489276 0.000000 5C4225714 23 -85 
1721289730866 1721289730883 17 329056.730000 3463125.890000 -2.489276 0.000000 5C4225714 23 -85 
1721289730922 1721289730938 16 329056.730000 3463125.890000 -2.489276 0.000000 5C4225714 23 -85 
1721289730978 1721289730994 16 329056.730000 3463125.890000 -2.490585 0.000000 5C4225714 23 -85 
1721289731034 1721289731057 23 329056.740000 3463125.890000 -2.490585 0.000000 5C4225714 23 -85 
1721289731088 1721289731109 21 329056.740000 3463125.890000 -2.490585 0.000000 5C4225714 23 -85 
1721289731143 1721289731165 22 329056.740000 3463125.890000 -2.490585 0.000000 5C4225714 23 -85 
1721289731197 1721289731215 18 329056.730000 3463125.890000 -2.488840 0.000000 5C4225714 23 -85 
1721289731253 1721289731272 19 329056.740000 3463125.890000 -2.488840 0.000000 5C4225714 23 -85 
1721289731308 1721289731333 25 329056.740000 3463125.890000 -2.488840 0.000000 5C4225714 23 -85 
1721289731363 1721289731387 24 329056.740000 3463125.890000 -2.489276 0.000000 5C4225714 23 -85 
1721289731422 1721289731439 17 329056.730000 3463125.890000 -2.489276 0.000000 5C4225714 23 -85 
1721289731477 1721289731493 16 329056.740000 3463125.890000 -2.489276 0.000000 5C4225714 23 -85 
1721289731531 1721289731552 21 329056.740000 3463125.890000 -2.489276 0.000000 5C4225714 23 -85 
1721289731591 1721289731608 17 329056.730000 3463125.890000 -2.489712 0.000000 5C4225714 23 -85 
1721289731647 1721289731674 27 329056.730000 3463125.890000 -2.489712 0.000000 5C4225714 23 -85 
1721289731704 1721289731720 16 329056.730000 3463125.890000 -2.489712 0.000000 5C4225714 23 -85 
1721289731759 1721289731776 17 329056.740000 3463125.890000 -2.489494 0.000000 5C4225714 23 -85 
1721289731814 1721289731831 17 329056.730000 3463125.890000 -2.489494 0.000000 5C4225714 23 -85 
1721289731869 1721289731896 27 329056.730000 3463125.890000 -2.489494 0.000000 5C4225714 23 -85 
1721289731923 1721289731943 20 329056.730000 3463125.890000 -2.489494 0.000000 5C4225714 23 -85 
1721289731978 1721289731995 17 329056.730000 3463125.890000 -2.488840 0.000000 5C4225714 23 -85 
1721289732034 1721289732052 18 329056.730000 3463125.890000 -2.488840 0.000000 5C4225714 23 -85 
1721289732090 1721289732117 27 329056.730000 3463125.890000 -2.488840 0.000000 5C4225714 23 -85 
1721289732147 1721289732173 26 329056.730000 3463125.890000 -2.489712 0.000000 5C4225714 23 -85 
1721289732202 1721289732225 23 329056.730000 3463125.890000 -2.489712 0.000000 5C4225714 23 -85 
1721289732257 1721289732275 18 329056.730000 3463125.890000 -2.489712 0.000000 5C4225714 23 -85 
1721289732312 1721289732333 21 329056.730000 3463125.890000 -2.489712 0.000000 5C4225714 23 -85 
1721289732367 1721289732383 16 329056.730000 3463125.890000 -2.489712 0.000000 5C4225714 23 -85 
1721289732423 1721289732442 19 329056.730000 3463125.890000 -2.489712 0.000000 5C4225714 23 -85 
1721289732479 1721289732497 18 329056.730000 3463125.890000 -2.489712 0.000000 5C4225714 23 -85 
1721289732547 1721289732569 22 329056.740000 3463125.890000 -2.487531 0.000000 5C4225714 23 -85 
1721289732607 1721289732627 20 329056.730000 3463125.890000 -2.487531 0.000000 5C4225714 23 -85 
1721289732662 1721289732695 33 329056.730000 3463125.890000 -2.487531 0.000000 5C4225714 7 -85 
1721289732718 1721289732751 33 329056.730000 3463125.890000 -2.487531 0.000000 5C4225714 7 -85 
1721289732774 1721289732799 25 329056.730000 3463125.890000 -2.488840 0.000000 5C4225714 7 -85 
1721289732829 1721289732848 19 329056.730000 3463125.890000 -2.488840 0.000000 5C4225714 7 -85 
1721289732883 1721289732898 15 329056.730000 3463125.890000 -2.488840 0.000000 5C4225714 7 -85 
1721289732938 1721289732965 27 329056.740000 3463125.890000 -2.488840 0.000000 5C4225714 7 -85 
1721289732993 1721289733011 18 329056.730000 3463125.890000 -2.488840 0.000000 5C4225714 7 -85 
1721289733047 1721289733069 22 329056.730000 3463125.890000 -2.488840 0.000000 5C4225714 7 -85 
1721289733103 1721289733135 32 329056.730000 3463125.890000 -2.488840 0.000000 5C4225714 7 -85 
1721289733162 1721289733185 23 329056.730000 3463125.890000 -2.488621 0.000000 5C4225714 7 -85 
1721289733216 1721289733238 22 329056.730000 3463125.890000 -2.488621 0.000000 5C4225714 7 -85 
1721289733271 1721289733295 24 329056.730000 3463125.890000 -2.488621 0.000000 5C4225714 7 -85 
1721289733325 1721289733347 22 329056.730000 3463125.890000 -2.488621 0.000000 5C4225714 7 -85 
1721289733380 1721289733400 20 329056.740000 3463125.890000 -2.488840 0.000000 5C4225714 7 -85 
1721289733435 1721289733452 17 329056.730000 3463125.890000 -2.488840 0.000000 5C4225714 7 -85 
1721289733502 1721289733520 18 329056.730000 3463125.890000 -2.488840 0.000000 5C4225714 7 -85 
1721289733570 1721289733593 23 329056.730000 3463125.890000 -2.487967 0.000000 5C4225714 7 -85 
1721289733662 1721289733683 21 329056.730000 3463125.890000 -2.487967 0.000000 5C4225714 7 -85 
1721289733734 1721289733753 19 329056.730000 3463125.890000 -2.487967 0.000000 5C4225714 7 -85 
1721289733793 1721289733815 22 329056.740000 3463125.890000 -2.489930 0.000000 5C4225714 7 -85 
1721289733881 1721289733905 24 329056.730000 3463125.890000 -2.489930 0.000000 5C4225714 7 -85 
1721289733959 1721289733975 16 329056.730000 3463125.890000 -2.488403 0.000000 5C4225714 7 -85 
1721289734030 1721289734048 18 329056.730000 3463125.890000 -2.488403 0.000000 5C4225714 7 -85 
1721289734096 1721289734114 18 329056.730000 3463125.890000 -2.488403 0.000000 5C4225714 7 -85 
1721289734171 1721289734186 15 329056.730000 3463125.890000 -2.488185 0.000000 5C4225714 7 -85 
1721289734237 1721289734254 17 329056.730000 3463125.890000 -2.488185 0.000000 5C4225714 7 -85 
1721289734310 1721289734336 26 329056.740000 3463125.890000 -2.488185 0.000000 5C4225714 7 -85 
1721289734419 1721289734436 17 329056.740000 3463125.890000 -2.489276 0.000000 5C4225714 7 -85 
1721289734497 1721289734527 30 329056.740000 3463125.890000 -2.489276 0.000000 5C4225714 7 -85 
1721289734570 1721289734588 18 329056.730000 3463125.890000 -2.487749 0.000000 5C4225714 7 -85 
1721289734642 1721289734666 24 329056.740000 3463125.890000 -2.487749 0.000000 5C4225714 7 -85 
1721289734737 1721289734755 18 329056.740000 3463125.890000 -2.487749 0.000000 5C4225714 7 -85 
1721289734810 1721289734826 16 329056.740000 3463125.890000 -2.488840 0.000000 5C4225714 7 -85 
1721289734882 1721289734903 21 329056.740000 3463125.890000 -2.488840 0.000000 5C4225714 7 -85 
1721289734958 1721289734979 21 329056.740000 3463125.890000 -2.488840 0.000000 5C4225714 7 -85 
1721289735019 1721289735034 15 329056.740000 3463125.890000 -2.487967 0.000000 5C4225714 7 -85 
1721289735113 1721289735132 19 329056.740000 3463125.890000 -2.487967 0.000000 5C4225714 7 -85 
1721289735172 1721289735188 16 329056.740000 3463125.890000 -2.490149 0.000000 5C4225714 7 -85 
1721289735243 1721289735261 18 329056.740000 3463125.890000 -2.490149 0.000000 5C4225714 7 -85 
1721289735305 1721289735329 24 329056.740000 3463125.890000 -2.490149 0.000000 5C4225714 7 -85 
1721289735392 1721289735419 27 329056.740000 3463125.890000 -2.488840 0.000000 5C4225714 7 -85 
1721289735451 1721289735468 17 329056.740000 3463125.890000 -2.488840 0.000000 5C4225714 7 -85 
1721289735544 1721289735563 19 329056.740000 3463125.890000 -2.489058 0.000000 5C4225714 7 -85 
1721289735603 1721289735628 25 329056.740000 3463125.890000 -2.489058 0.000000 5C4225714 7 -85 
1721289735679 1721289735697 18 329056.740000 3463125.890000 -2.489058 0.000000 5C4225714 7 -85 
1721289735794 1721289735816 22 329056.740000 3463125.890000 -2.489276 0.000000 5C4225714 7 -85 
1721289735866 1721289735897 31 329056.740000 3463125.890000 -2.489276 0.000000 5C4225714 7 -85 
1721289735938 1721289735959 21 329056.740000 3463125.890000 -2.489276 0.000000 5C4225714 7 -85 
1721289736013 1721289736037 24 329056.740000 3463125.890000 -2.489058 0.000000 5C4225714 7 -85 
1721289736086 1721289736102 16 329056.740000 3463125.890000 -2.489058 0.000000 5C4225714 7 -85 
1721289736146 1721289736161 15 329056.740000 3463125.890000 -2.489276 0.000000 5C4225714 7 -85 
1721289736244 1721289736267 23 329056.740000 3463125.890000 -2.489276 0.000000 5C4225714 7 -85 
1721289736325 1721289736367 42 329056.740000 3463125.890000 -2.489276 0.000000 5C4225714 7 -85 
1721289736396 1721289736411 15 329056.740000 3463125.890000 -2.487531 0.000000 5C4225714 7 -85 
1721289736480 1721289736495 15 329056.740000 3463125.890000 -2.487531 0.000000 5C4225714 7 -85 
1721289736559 1721289736585 26 329056.740000 3463125.890000 -2.490149 0.000000 5C4225714 7 -85 
1721289736639 1721289736656 17 329056.740000 3463125.890000 -2.490149 0.000000 5C4225714 7 -85 
1721289736754 1721289736770 16 329056.740000 3463125.890000 -2.488621 0.000000 5C4225714 7 -85 
1721289736813 1721289736847 34 329056.740000 3463125.890000 -2.488621 0.000000 5C4225714 7 -85 
1721289736894 1721289736915 21 329056.740000 3463125.890000 -2.488621 0.000000 5C4225714 7 -85 
1721289736982 1721289737004 22 329056.740000 3463125.890000 -2.489712 0.000000 5C4225714 7 -85 
1721289737054 1721289737070 16 329056.740000 3463125.890000 -2.489712 0.000000 5C4225714 7 -85 
1721289737129 1721289737144 15 329056.740000 3463125.890000 -2.489712 0.000000 5C4225714 7 -85 
1721289737209 1721289737225 16 329056.740000 3463125.890000 -2.489712 0.000000 5C4225714 7 -85 
1721289737263 1721289737292 29 329056.740000 3463125.890000 -2.489712 0.000000 5C4225714 7 -85 
1721289737362 1721289737380 18 329056.740000 3463125.890000 -2.489494 0.000000 5C4225714 7 -85 
1721289737462 1721289737492 30 329056.740000 3463125.890000 -2.489494 0.000000 5C4225714 7 -85 
1721289737537 1721289737552 15 329056.740000 3463125.890000 -2.489494 0.000000 5C4225714 7 -85 
1721289737618 1721289737645 27 329056.740000 3463125.890000 -2.490367 0.000000 5C4225714 7 -85 
1721289737695 1721289737725 30 329056.740000 3463125.890000 -2.490367 0.000000 5C4225714 7 -85 
1721289737776 1721289737792 16 329056.740000 3463125.890000 -2.488621 0.000000 5C4225714 7 -85 
1721289737869 1721289737903 34 329056.730000 3463125.890000 -2.488621 0.000000 5C4225714 7 -85 
1721289737943 1721289737969 26 329056.730000 3463125.890000 -2.488621 0.000000 5C4225714 7 -85 
1721289738018 1721289738035 17 329056.730000 3463125.890000 -2.489276 0.000000 5C4225714 7 -85 
1721289738094 1721289738110 16 329056.730000 3463125.890000 -2.489276 0.000000 5C4225714 7 -85 
1721289738175 1721289738192 17 329056.730000 3463125.890000 -2.489930 0.000000 5C4225714 7 -85 
1721289738251 1721289738267 16 329056.730000 3463125.890000 -2.489930 0.000000 5C4225714 7 -85 
1721289738333 1721289738367 34 329056.730000 3463125.890000 -2.489930 0.000000 5C4225714 7 -85 
1721289738411 1721289738428 17 329056.730000 3463125.890000 -2.488840 0.000000 5C4225714 7 -85 
1721289738479 1721289738509 30 329056.730000 3463125.890000 -2.488840 0.000000 5C4225714 7 -85 
1721289738600 1721289738628 28 329056.730000 3463125.890000 -2.489712 0.000000 5C4225714 7 -85 
1721289738694 1721289738713 19 329056.730000 3463125.890000 -2.489712 0.000000 5C4225714 7 -85 
1721289738790 1721289738817 27 329056.730000 3463125.890000 -2.490367 0.000000 5C4225714 7 -85 
1721289738861 1721289738876 15 329056.730000 3463125.890000 -2.490367 0.000000 5C4225714 7 -85 
1721289738938 1721289738955 17 329056.730000 3463125.890000 -2.490149 0.000000 5C4225714 7 -85 
1721289739017 1721289739043 26 329056.730000 3463125.890000 -2.490149 0.000000 5C4225714 7 -85 
1721289739094 1721289739116 22 329056.730000 3463125.890000 -2.490149 0.000000 5C4225714 7 -85 
1721289739171 1721289739188 17 329056.730000 3463125.890000 -2.488185 0.000000 5C4225714 7 -85 
1721289739251 1721289739268 17 329056.730000 3463125.890000 -2.488185 0.000000 5C4225714 7 -85 
1721289739325 1721289739355 30 329056.730000 3463125.890000 -2.488185 0.000000 5C4225714 7 -85 
1721289739406 1721289739421 15 329056.730000 3463125.890000 -2.489058 0.000000 5C4225714 7 -85 
1721289739478 1721289739495 17 329056.730000 3463125.890000 -2.489058 0.000000 5C4225714 7 -85 
1721289739552 1721289739577 25 329056.730000 3463125.890000 -2.489058 0.000000 5C4225714 7 -85 
1721289739706 1721289739727 21 329056.730000 3463125.890000 -2.489276 0.000000 5C4225714 7 -85 
1721289739796 1721289739812 16 329056.730000 3463125.890000 -2.489494 0.000000 5C4225714 7 -85 
1721289739851 1721289739870 19 329056.730000 3463125.890000 -2.489494 0.000000 5C4225714 7 -85 
1721289739952 1721289739976 24 329056.740000 3463125.890000 -2.489712 0.000000 5C4225714 7 -85 
1721289740038 1721289740075 37 329056.730000 3463125.890000 -2.489712 0.000000 5C4225714 7 -85 
1721289740113 1721289740135 22 329056.730000 3463125.890000 -2.489712 0.000000 5C4225714 7 -85 
1721289740188 1721289740213 25 329056.730000 3463125.890000 -2.488403 0.000000 5C4225714 7 -85 
1721289740269 1721289740284 15 329056.730000 3463125.890000 -2.488403 0.000000 5C4225714 7 -85 
1721289740370 1721289740389 19 329056.740000 3463125.890000 -2.487531 0.000000 5C4225714 7 -85 
1721289740442 1721289740471 29 329056.730000 3463125.890000 -2.487531 0.000000 5C4225714 7 -85 
1721289740522 1721289740539 17 329056.730000 3463125.890000 -2.487531 0.000000 5C4225714 7 -85 
1721289740614 1721289740634 20 329056.730000 3463125.890000 -2.488621 0.000000 5C4225714 7 -85 
1721289740690 1721289740710 20 329056.730000 3463125.890000 -2.488621 0.000000 5C4225714 7 -85 
1721289740766 1721289740786 20 329056.740000 3463125.890000 -2.488621 0.000000 5C4225714 7 -85 
1721289740839 1721289740860 21 329056.730000 3463125.890000 -2.488621 0.000000 5C4225714 7 -85 
1721289740918 1721289740936 18 329056.730000 3463125.890000 -2.488621 0.000000 5C4225714 7 -85 
1721289740977 1721289740996 19 329056.730000 3463125.890000 -2.487531 0.000000 5C4225714 7 -85 
1721289741063 1721289741082 19 329056.730000 3463125.890000 -2.487531 0.000000 5C4225714 7 -85 
1721289741148 1721289741164 16 329056.730000 3463125.890000 -2.488840 0.000000 5C4225714 7 -85 
1721289741222 1721289741251 29 329056.730000 3463125.890000 -2.488840 0.000000 5C4225714 7 -85 
1721289741296 1721289741319 23 329056.730000 3463125.890000 -2.488840 0.000000 5C4225714 7 -85 
1721289741371 1721289741386 15 329056.730000 3463125.890000 -2.490367 0.000000 5C4225714 7 -85 
1721289741446 1721289741468 22 329056.730000 3463125.890000 -2.490367 0.000000 5C4225714 7 -85 
1721289741519 1721289741543 24 329056.730000 3463125.890000 -2.490367 0.000000 5C4225714 7 -85 
1721289741596 1721289741627 31 329056.730000 3463125.890000 -2.488185 0.000000 5C4225714 7 -85 
1721289741672 1721289741693 21 329056.730000 3463125.890000 -2.488185 0.000000 5C4225714 7 -85 
1721289741750 1721289741769 19 329056.730000 3463125.890000 -2.489494 0.000000 5C4225714 7 -85 
1721289741826 1721289741845 19 329056.730000 3463125.890000 -2.489494 0.000000 5C4225714 7 -85 
1721289741899 1721289741915 16 329056.730000 3463125.890000 -2.489494 0.000000 5C4225714 7 -85 
1721289741971 1721289742001 30 329056.730000 3463125.890000 -2.488840 0.000000 5C4225714 7 -85 
1721289742101 1721289742119 18 329056.730000 3463125.890000 -2.488840 0.000000 5C4225714 7 -85 
1721289742169 1721289742185 16 329056.730000 3463125.890000 -2.489712 0.000000 5C4225714 7 -85 
1721289742223 1721289742241 18 329056.730000 3463125.890000 -2.489712 0.000000 5C4225714 7 -85 
1721289742322 1721289742341 19 329056.730000 3463125.890000 -2.489712 0.000000 5C4225714 7 -85 
1721289742399 1721289742414 15 329056.730000 3463125.890000 -2.488840 0.000000 5C4225714 7 -85 
1721289742474 1721289742489 15 329056.730000 3463125.890000 -2.488840 0.000000 5C4225714 7 -85 
1721289742551 1721289742569 18 329056.730000 3463125.890000 -2.488840 0.000000 5C4225714 7 -85 
1721289742629 1721289742645 16 329056.730000 3463125.880000 -2.489930 0.000000 5C4225714 7 -85 
1721289742703 1721289742727 24 329056.730000 3463125.890000 -2.489930 0.000000 5C4225714 7 -85 
1721289742778 1721289742805 27 329056.730000 3463125.880000 -2.491021 0.000000 5C4225714 7 -85 
1721289742869 1721289742887 18 329056.730000 3463125.880000 -2.491021 0.000000 5C4225714 7 -85 
1721289742947 1721289742992 45 329056.730000 3463125.890000 -2.489930 0.000000 5C4225714 7 -85 
1721289743035 1721289743052 17 329056.730000 3463125.880000 -2.489930 0.000000 5C4225714 7 -85 
1721289743138 1721289743157 19 329056.730000 3463125.890000 -2.490149 0.000000 5C4225714 7 -85 
1721289743217 1721289743232 15 329056.730000 3463125.880000 -2.490149 0.000000 5C4225714 7 -85 
1721289743293 1721289743326 33 329056.730000 3463125.880000 -2.490149 0.000000 5C4225714 7 -85 
1721289743413 1721289743433 20 329056.730000 3463125.880000 -2.489712 0.000000 5C4225714 7 -85 
1721289743467 1721289743486 19 329056.730000 3463125.890000 -2.489712 0.000000 5C4225714 7 -85 
1721289743545 1721289743563 18 329056.730000 3463125.890000 -2.489494 0.000000 5C4225714 7 -85 
1721289743617 1721289743643 26 329056.730000 3463125.890000 -2.489494 0.000000 5C4225714 7 -85 
1721289743686 1721289743703 17 329056.730000 3463125.890000 -2.489494 0.000000 5C4225714 7 -85 
1721289743805 1721289743826 21 329056.730000 3463125.890000 -2.489494 0.000000 5C4225714 7 -85 
1721289743889 1721289743915 26 329056.730000 3463125.890000 -2.489494 0.000000 5C4225714 7 -85 
1721289744025 1721289744041 16 329056.730000 3463125.890000 -2.490585 0.000000 5C4225714 7 -85 
1721289744100 1721289744117 17 329056.730000 3463125.890000 -2.490585 0.000000 5C4225714 7 -85 
1721289744214 1721289744233 19 329056.730000 3463125.890000 -2.490803 0.000000 5C4225714 7 -85 
1721289744289 1721289744309 20 329056.730000 3463125.890000 -2.490803 0.000000 5C4225714 7 -85 
1721289744363 1721289744387 24 329056.730000 3463125.890000 -2.489276 0.000000 5C4225714 7 -85 
1721289744435 1721289744460 25 329056.730000 3463125.890000 -2.489276 0.000000 5C4225714 7 -85 
1721289744525 1721289744542 17 329056.730000 3463125.890000 -2.489276 0.000000 5C4225714 7 -85 
1721289744619 1721289744643 24 329056.730000 3463125.890000 -2.490367 0.000000 5C4225714 7 -85 
1721289744677 1721289744720 43 329056.730000 3463125.890000 -2.490367 0.000000 5C4225714 7 -85 
1721289744761 1721289744784 23 329056.730000 3463125.890000 -2.489712 0.000000 5C4225714 7 -85 
1721289744838 1721289745127 289 329056.730000 3463125.890000 -2.489712 0.000000 5C4225714 7 -85 
1721289744911 1721289745133 222 329056.730000 3463125.890000 -2.489712 0.000000 5C4225714 7 -85 
1721289745007 1721289745133 126 329056.730000 3463125.890000 -2.489930 0.000000 5C4225714 7 -85 
1721289745079 1721289745157 78 329056.730000 3463125.890000 -2.489930 0.000000 5C4225714 7 -85 
1721289745151 1721289745173 22 329056.730000 3463125.890000 -2.491458 0.000000 5C4225714 7 -85 
1721289745223 1721289745247 24 329056.730000 3463125.890000 -2.491458 0.000000 5C4225714 7 -85 
1721289745316 1721289745334 18 329056.730000 3463125.890000 -2.491458 0.000000 5C4225714 7 -85 
