pub_time(ms) sub_time(ms) delay(ms) utmX(m) utmY(m) heading(rad) velocity(m/s) cellid(db) sinr(db) rsrp(db)
1721810124672 1721810124711 39 329233.470000 3463453.100000 0.486292 1.920000 5C4225714 10 -59 
1721810124726 1721810124742 16 329233.550000 3463453.130000 0.486292 2.060000 5C4225714 10 -59 
1721810124782 1721810124802 20 329233.690000 3463453.210000 0.486292 2.260000 5C4225714 10 -59 
1721810124837 1721810124857 20 329233.790000 3463453.260000 0.484983 2.420000 5C4225714 10 -59 
1721810124892 1721810124911 19 329233.920000 3463453.330000 0.484983 2.600000 5C4225714 10 -59 
1721810124947 1721810124964 17 329234.070000 3463453.400000 0.484983 2.740000 5C4225714 10 -59 
1721810125002 1721810125018 16 329234.210000 3463453.470000 0.484983 2.960000 5C4225714 10 -59 
1721810125057 1721810125078 21 329234.210000 3463453.470000 0.484983 3.100000 5C4225714 10 -59 
1721810125112 1721810125133 21 329234.630000 3463453.670000 0.486292 3.440000 5C4225714 10 -59 
1721810125167 1721810125187 20 329234.790000 3463453.750000 0.486292 3.680000 5C4225714 10 -59 
1721810125222 1721810125240 18 329234.970000 3463453.830000 0.480402 3.800000 5C4225714 10 -59 
1721810125281 1721810125299 18 329235.180000 3463453.940000 0.480402 4.020000 5C4225714 10 -59 
1721810125337 1721810125360 23 329235.370000 3463454.030000 0.480402 4.220000 5C4225714 10 -59 
1721810125391 1721810125414 23 329235.570000 3463454.120000 0.480402 4.360000 5C4225714 10 -59 
1721810125446 1721810125470 24 329235.820000 3463454.230000 0.474075 4.600000 5C4225714 10 -59 
1721810125501 1721810125525 24 329236.040000 3463454.340000 0.474075 4.800000 5C4225714 10 -59 
1721810125557 1721810125574 17 329236.260000 3463454.440000 0.474075 4.960000 5C4225714 10 -59 
1721810125612 1721810125633 21 329236.400000 3463454.500000 0.474075 5.200000 5C4225714 10 -59 
1721810125667 1721810125686 19 329236.940000 3463454.740000 0.466439 5.520000 5C4225714 10 -59 
1721810125722 1721810125739 17 329237.190000 3463454.860000 0.466439 5.680000 5C4225714 10 -59 
1721810125781 1721810125798 17 329237.510000 3463455.000000 0.466439 5.920000 5C4225714 10 -59 
1721810125836 1721810125852 16 329237.730000 3463455.100000 0.455749 6.100000 5C4225714 10 -59 
1721810125891 1721810125911 20 329238.070000 3463455.260000 0.455749 6.340000 5C4225714 10 -59 
1721810125946 1721810125965 19 329238.430000 3463455.410000 0.455749 6.500000 5C4225714 10 -59 
1721810126002 1721810126019 17 329238.600000 3463455.490000 0.455749 6.720000 5C4225714 10 -59 
1721810126057 1721810126074 17 329238.920000 3463455.620000 0.448113 6.860000 5C4225714 10 -59 
1721810126112 1721810126128 16 329239.230000 3463455.760000 0.448113 7.100000 5C4225714 10 -59 
1721810126168 1721810126195 27 329239.490000 3463455.880000 0.448113 7.240000 5C4225714 10 -59 
1721810126223 1721810126238 15 329239.900000 3463456.040000 0.448113 7.460000 5C4225714 10 -59 
1721810126278 1721810126298 20 329240.310000 3463456.210000 0.433932 7.560000 5C4225714 10 -59 
1721810126333 1721810126351 18 329241.100000 3463456.540000 0.433932 7.980000 5C4225714 10 -59 
1721810126388 1721810126405 17 329241.480000 3463456.690000 0.433932 8.340000 5C4225714 10 -59 
1721810126443 1721810126464 21 329241.630000 3463456.750000 0.422806 8.420000 5C4225714 10 -59 
1721810126498 1721810126518 20 329242.100000 3463456.930000 0.422806 8.560000 5C4225714 10 -59 
1721810126553 1721810126572 19 329242.500000 3463457.090000 0.422806 8.780000 5C4225714 10 -59 
1721810126609 1721810126633 24 329242.990000 3463457.270000 0.422806 8.920000 5C4225714 10 -59 
1721810126664 1721810126681 17 329243.410000 3463457.430000 0.404044 9.180000 5C4225714 10 -59 
1721810126719 1721810126747 28 329243.930000 3463457.630000 0.404044 9.440000 5C4225714 10 -59 
1721810126774 1721810126791 17 329244.290000 3463457.760000 0.404044 9.700000 5C4225714 10 -59 
1721810126833 1721810126850 17 329244.820000 3463457.950000 0.404044 9.740000 5C4225714 10 -59 
1721810126889 1721810126909 20 329245.380000 3463458.160000 0.386809 9.880000 5C4225714 10 -59 
1721810126944 1721810126964 20 329246.320000 3463458.490000 0.386809 10.180000 5C4225714 10 -59 
1721810126999 1721810127019 20 329246.610000 3463458.590000 0.386809 10.340000 5C4225714 10 -59 
1721810127054 1721810127074 20 329246.800000 3463458.650000 0.370010 10.620000 5C4225714 10 -59 
1721810127109 1721810127128 19 329247.700000 3463458.970000 0.370010 10.800000 5C4225714 10 -59 
1721810127164 1721810127182 18 329248.210000 3463459.140000 0.370010 11.000000 5C4225714 10 -59 
1721810127219 1721810127237 18 329248.630000 3463459.280000 0.370010 11.120000 5C4225714 10 -59 
1721810127274 1721810127292 18 329249.260000 3463459.500000 0.356265 11.260000 5C4225714 10 -59 
1721810127329 1721810127347 18 329249.800000 3463459.680000 0.356265 11.500000 5C4225714 10 -59 
1721810127387 1721810127407 20 329250.230000 3463459.820000 0.356265 11.660000 5C4225714 10 -59 
1721810127443 1721810127460 17 329251.120000 3463460.110000 0.345575 11.840000 5C4225714 10 -59 
1721810127498 1721810127520 22 329252.030000 3463460.410000 0.345575 12.200000 5C4225714 10 -59 
1721810127554 1721810127571 17 329252.380000 3463460.510000 0.345575 12.420000 5C4225714 10 -59 
1721810127613 1721810127631 18 329253.080000 3463460.730000 0.345575 12.620000 5C4225714 10 -59 
1721810127668 1721810127687 19 329253.800000 3463460.960000 0.330304 12.780000 5C4225714 10 -59 
1721810127723 1721810127741 18 329254.530000 3463461.180000 0.330304 12.860000 5C4225714 10 -59 
1721810127779 1721810127795 16 329255.030000 3463461.320000 0.330304 13.080000 5C4225714 10 -59 
1721810127833 1721810127854 21 329255.770000 3463461.540000 0.317650 13.120000 5C4225714 10 -59 
1721810127897 1721810127915 18 329257.050000 3463461.920000 0.317650 13.540000 5C4225714 10 -59 
1721810127952 1721810127970 18 329257.700000 3463462.110000 0.317650 13.720000 5C4225714 10 -59 
1721810128007 1721810128026 19 329257.700000 3463462.110000 0.317650 13.820000 5C4225714 10 -66 
1721810128062 1721810128086 24 329258.890000 3463462.450000 0.300197 13.980000 5C4225714 23 -66 
1721810128118 1721810128135 17 329259.700000 3463462.670000 0.300197 14.120000 5C4225714 23 -66 
1721810128173 1721810128188 15 329260.380000 3463462.840000 0.300197 14.340000 5C4225714 23 -66 
1721810128228 1721810128247 19 329260.930000 3463462.990000 0.300197 14.540000 5C4225714 23 -66 
1721810128283 1721810128301 18 329261.910000 3463463.250000 0.287543 14.600000 5C4225714 23 -66 
1721810128338 1721810128355 17 329262.620000 3463463.440000 0.287543 14.760000 5C4225714 23 -66 
1721810128394 1721810128413 19 329263.340000 3463463.620000 0.287543 14.900000 5C4225714 23 -66 
1721810128449 1721810128469 20 329264.060000 3463463.790000 0.271181 15.020000 5C4225714 23 -66 
1721810128503 1721810128522 19 329264.940000 3463464.010000 0.271181 15.180000 5C4225714 23 -66 
1721810128558 1721810128575 17 329266.430000 3463464.360000 0.271181 15.420000 5C4225714 23 -66 
1721810128613 1721810128639 26 329266.720000 3463464.440000 0.271181 15.560000 5C4225714 23 -66 
1721810128668 1721810128688 20 329267.630000 3463464.660000 0.255691 15.640000 5C4225714 23 -66 
1721810128723 1721810128742 19 329268.550000 3463464.860000 0.255691 15.820000 5C4225714 23 -66 
1721810128778 1721810128796 18 329269.320000 3463465.040000 0.255691 15.920000 5C4225714 23 -66 
1721810128834 1721810128850 16 329270.100000 3463465.210000 0.243473 16.060000 5C4225714 23 -66 
1721810128889 1721810128912 23 329271.040000 3463465.420000 0.243473 16.100000 5C4225714 23 -66 
1721810128944 1721810128961 17 329271.830000 3463465.600000 0.243473 16.220000 5C4225714 23 -66 
1721810128998 1721810129015 17 329272.630000 3463465.760000 0.243473 16.360000 5C4225714 23 -66 
1721810129054 1721810129070 16 329273.430000 3463465.920000 0.232129 16.500000 5C4225714 23 -66 
1721810129120 1721810129139 19 329274.240000 3463466.100000 0.232129 16.660000 5C4225714 23 -66 
1721810129175 1721810129194 19 329275.710000 3463466.400000 0.232129 16.800000 5C4225714 23 -66 
1721810129230 1721810129250 20 329276.540000 3463466.560000 0.218602 16.900000 5C4225714 23 -66 
1721810129285 1721810129301 16 329277.370000 3463466.740000 0.218602 17.000000 5C4225714 23 -66 
1721810129340 1721810129356 16 329278.370000 3463466.930000 0.218602 17.100000 5C4225714 23 -66 
1721810129395 1721810129412 17 329279.210000 3463467.080000 0.218602 17.180000 5C4225714 23 -66 
1721810129451 1721810129467 16 329280.050000 3463467.250000 0.207694 17.300000 5C4225714 23 -66 
1721810129506 1721810129529 23 329281.070000 3463467.440000 0.207694 17.380000 5C4225714 23 -66 
1721810129561 1721810129578 17 329282.800000 3463467.750000 0.207694 17.600000 5C4225714 23 -66 
1721810129616 1721810129632 16 329283.320000 3463467.830000 0.194386 17.700000 5C4225714 23 -66 
1721810129671 1721810129692 21 329284.200000 3463467.990000 0.194386 17.780000 5C4225714 23 -66 
1721810129726 1721810129745 19 329285.060000 3463468.130000 0.194386 17.880000 5C4225714 23 -66 
1721810129782 1721810129807 25 329285.950000 3463468.270000 0.194386 17.940000 5C4225714 23 -66 
1721810129837 1721810129857 20 329286.660000 3463468.380000 0.178242 18.000000 5C4225714 23 -66 
1721810129892 1721810129912 20 329287.730000 3463468.550000 0.178242 18.040000 5C4225714 23 -66 
1721810129947 1721810129966 19 329288.430000 3463468.660000 0.178242 18.120000 5C4225714 23 -66 
1721810130002 1721810130021 19 329289.880000 3463468.870000 0.178242 18.200000 5C4225714 23 -66 
1721810130057 1721810130085 28 329290.780000 3463468.990000 0.164497 18.280000 5C4225714 23 -66 
1721810130113 1721810130129 16 329292.410000 3463469.220000 0.164497 18.440000 5C4225714 23 -66 
1721810130171 1721810130191 20 329293.150000 3463469.320000 0.164497 18.520000 5C4225714 23 -66 
1721810130230 1721810130248 18 329293.330000 3463469.340000 0.164497 18.560000 5C4225714 23 -66 
1721810130285 1721810130304 19 329295.170000 3463469.570000 0.150098 18.620000 5C4225714 23 -66 
1721810130340 1721810130360 20 329296.100000 3463469.680000 0.150098 18.660000 5C4225714 23 -66 
1721810130396 1721810130412 16 329297.210000 3463469.800000 0.150098 18.740000 5C4225714 23 -66 
1721810130450 1721810130466 16 329297.970000 3463469.870000 0.132427 18.800000 5C4225714 23 -66 
1721810130509 1721810130528 19 329299.090000 3463470.000000 0.132427 18.920000 5C4225714 23 -66 
1721810130563 1721810130586 23 329299.850000 3463470.060000 0.132427 18.940000 5C4225714 23 -66 
1721810130619 1721810130635 16 329301.730000 3463470.220000 0.106901 19.080000 5C4225714 23 -66 
1721810130674 1721810130694 20 329301.730000 3463470.220000 0.106901 19.120000 5C4225714 23 -66 
1721810130729 1721810130752 23 329303.640000 3463470.370000 0.106901 19.200000 5C4225714 23 -66 
1721810130784 1721810130801 17 329304.600000 3463470.420000 0.106901 19.240000 5C4225714 23 -66 
1721810130839 1721810130854 15 329305.570000 3463470.480000 0.085521 19.320000 5C4225714 23 -66 
1721810130894 1721810130913 19 329306.720000 3463470.540000 0.085521 19.320000 5C4225714 23 -66 
1721810130949 1721810130967 18 329306.910000 3463470.550000 0.085521 19.420000 5C4225714 23 -66 
1721810131004 1721810131024 20 329308.650000 3463470.610000 0.085521 19.420000 5C4225714 23 -66 
1721810131059 1721810131079 20 329309.820000 3463470.640000 0.059559 19.420000 5C4225714 23 -66 
1721810131114 1721810131133 19 329310.800000 3463470.670000 0.059559 19.420000 5C4225714 23 -66 
1721810131169 1721810131189 20 329311.380000 3463470.670000 0.059559 19.480000 5C4225714 23 -66 
1721810131225 1721810131243 18 329313.920000 3463470.700000 0.036434 19.540000 5C4225714 23 -66 
1721810131280 1721810131299 19 329314.700000 3463470.700000 0.036434 19.500000 5C4225714 23 -66 
1721810131334 1721810131355 21 329315.290000 3463470.690000 0.036434 19.480000 5C4225714 23 -66 
1721810131391 1721810131411 20 329316.260000 3463470.670000 0.036434 19.460000 5C4225714 23 -66 
1721810131446 1721810131473 27 329317.630000 3463470.650000 0.006981 19.480000 5C4225714 23 -66 
1721810131501 1721810131519 18 329318.210000 3463470.640000 0.006981 19.420000 5C4225714 23 -66 
1721810131556 1721810131585 29 329319.580000 3463470.590000 0.006981 19.420000 5C4225714 23 -66 
1721810131612 1721810131639 27 329320.550000 3463470.550000 0.006981 19.380000 5C4225714 23 -66 
1721810131667 1721810131694 27 329321.720000 3463470.500000 -0.019853 19.320000 5C4225714 23 -66 
1721810131721 1721810131745 24 329322.690000 3463470.440000 -0.019853 19.340000 5C4225714 23 -66 
1721810131776 1721810131805 29 329323.660000 3463470.380000 -0.019853 19.320000 5C4225714 23 -66 
1721810131831 1721810131847 16 329325.200000 3463470.260000 -0.047124 19.280000 5C4225714 23 -66 
1721810131886 1721810131914 28 329326.170000 3463470.190000 -0.047124 19.240000 5C4225714 23 -66 
1721810131941 1721810131968 27 329327.320000 3463470.080000 -0.047124 19.220000 5C4225714 23 -66 
1721810131997 1721810132024 27 329328.280000 3463469.990000 -0.047124 19.220000 5C4225714 23 -66 
1721810132054 1721810132081 27 329329.040000 3463469.910000 -0.073086 19.140000 5C4225714 23 -66 
1721810132109 1721810132125 16 329330.190000 3463469.790000 -0.073086 19.140000 5C4225714 23 -66 
1721810132164 1721810132192 28 329331.140000 3463469.690000 -0.073086 19.120000 5C4225714 23 -66 
1721810132219 1721810132244 25 329331.900000 3463469.600000 -0.073086 19.120000 5C4225714 23 -66 
1721810132274 1721810132298 24 329333.230000 3463469.430000 -0.097302 19.080000 5C4225714 23 -66 
1721810132330 1721810132360 30 329334.180000 3463469.310000 -0.097302 19.060000 5C4225714 23 -66 
1721810132390 1721810132418 28 329336.250000 3463469.020000 -0.118246 19.040000 5C4225714 23 -66 
1721810132445 1721810132474 29 329337.200000 3463468.880000 -0.118246 19.040000 5C4225714 23 -66 
1721810132500 1721810132518 18 329337.760000 3463468.790000 -0.118246 19.020000 5C4225714 23 -66 
1721810132555 1721810132583 28 329338.700000 3463468.640000 -0.118246 19.020000 5C4225714 23 -66 
1721810132610 1721810132641 31 329339.640000 3463468.500000 -0.118246 18.980000 5C4225714 23 -66 
1721810132669 1721810132685 16 329340.020000 3463468.430000 -0.138754 18.980000 5C4225714 23 -66 
1721810132728 1721810132755 27 329341.520000 3463468.190000 -0.138754 18.980000 5C4225714 23 -66 
1721810132783 1721810132812 29 329342.270000 3463468.050000 -0.138754 18.980000 5C4225714 23 -66 
1721810132838 1721810132862 24 329343.580000 3463467.820000 -0.155771 18.980000 5C4225714 23 -66 
1721810132893 1721810132913 20 329345.650000 3463467.460000 -0.155771 19.020000 5C4225714 23 -66 
1721810132948 1721810132964 16 329346.400000 3463467.310000 -0.155771 19.020000 5C4225714 23 -66 
1721810133003 1721810133031 28 329347.330000 3463467.140000 -0.170606 19.020000 5C4225714 23 -66 
1721810133059 1721810133086 27 329348.640000 3463466.890000 -0.170606 19.020000 5C4225714 23 -66 
1721810133114 1721810133141 27 329349.390000 3463466.740000 -0.170606 19.020000 5C4225714 23 -66 
1721810133169 1721810133197 28 329350.140000 3463466.600000 -0.170606 19.020000 5C4225714 23 -66 
1721810133224 1721810133252 28 329351.070000 3463466.410000 -0.178024 19.020000 5C4225714 23 -66 
1721810133280 1721810133319 39 329352.010000 3463466.230000 -0.178024 19.000000 5C4225714 23 -66 
1721810133335 1721810133376 41 329353.130000 3463466.000000 -0.178024 19.020000 5C4225714 23 -66 
1721810133390 1721810133418 28 329354.070000 3463465.820000 -0.178024 19.020000 5C4225714 23 -66 
1721810133450 1721810133478 28 329355.940000 3463465.440000 -0.184569 19.020000 5C4225714 23 -66 
1721810133504 1721810133522 18 329356.880000 3463465.240000 -0.184569 19.040000 5C4225714 23 -66 
1721810133560 1721810133576 16 329358.000000 3463465.020000 -0.184569 19.020000 5C4225714 23 -66 
1721810133615 1721810133631 16 329358.740000 3463464.860000 -0.191114 19.060000 5C4225714 23 -66 
1721810133670 1721810133689 19 329359.870000 3463464.630000 -0.191114 19.040000 5C4225714 23 -66 
1721810133725 1721810133744 19 329360.990000 3463464.390000 -0.191114 19.060000 5C4225714 23 -66 
1721810133780 1721810133798 18 329361.550000 3463464.270000 -0.191114 19.060000 5C4225714 23 -66 
1721810133836 1721810133852 16 329362.480000 3463464.070000 -0.195477 19.060000 5C4225714 23 -66 
1721810133891 1721810133912 21 329363.420000 3463463.870000 -0.195477 19.060000 5C4225714 23 -66 
1721810133946 1721810133966 20 329364.170000 3463463.710000 -0.195477 19.060000 5C4225714 23 -66 
1721810134000 1721810134020 20 329364.730000 3463463.590000 -0.195477 19.080000 5C4225714 23 -66 
1721810134055 1721810134073 18 329367.350000 3463463.010000 -0.202458 19.080000 5C4225714 23 -66 
1721810134110 1721810134127 17 329368.090000 3463462.860000 -0.202458 19.060000 5C4225714 23 -66 
1721810134165 1721810134182 17 329369.210000 3463462.600000 -0.202458 19.060000 5C4225714 23 -66 
1721810134221 1721810134236 15 329370.150000 3463462.400000 -0.205294 19.060000 5C4225714 23 -66 
1721810134275 1721810134302 27 329371.270000 3463462.150000 -0.205294 19.080000 5C4225714 23 -66 
1721810134330 1721810134353 23 329372.200000 3463461.950000 -0.205294 19.080000 5C4225714 23 -66 
1721810134386 1721810134402 16 329373.130000 3463461.740000 -0.205294 19.100000 5C4225714 23 -66 
1721810134441 1721810134455 14 329374.060000 3463461.530000 -0.206822 19.120000 5C4225714 23 -66 
1721810134502 1721810134520 18 329374.630000 3463461.410000 -0.206822 19.100000 5C4225714 23 -66 
1721810134561 1721810134577 16 329376.500000 3463460.990000 -0.206822 19.120000 5C4225714 23 -66 
1721810134616 1721810134634 18 329377.430000 3463460.790000 -0.206603 19.140000 5C4225714 23 -66 
1721810134671 1721810134690 19 329378.560000 3463460.550000 -0.206603 19.140000 5C4225714 23 -66 
1721810134726 1721810134746 20 329379.500000 3463460.330000 -0.206603 19.140000 5C4225714 23 -66 
1721810134782 1721810134802 20 329380.060000 3463460.210000 -0.206603 19.120000 5C4225714 23 -66 
1721810134837 1721810134856 19 329381.560000 3463459.880000 -0.206822 19.140000 5C4225714 23 -66 
1721810134892 1721810134910 18 329382.500000 3463459.670000 -0.206822 19.140000 5C4225714 23 -66 
1721810134947 1721810134963 16 329383.440000 3463459.460000 -0.206822 19.180000 5C4225714 23 -66 
1721810135002 1721810135018 16 329384.000000 3463459.340000 -0.206822 19.180000 5C4225714 23 -66 
1721810135057 1721810135077 20 329385.510000 3463459.000000 -0.206167 19.200000 5C4225714 23 -66 
1721810135112 1721810135131 19 329386.450000 3463458.800000 -0.206167 19.200000 5C4225714 23 -66 
1721810135168 1721810135185 17 329388.130000 3463458.430000 -0.206167 19.220000 5C4225714 23 -66 
1721810135223 1721810135238 15 329388.880000 3463458.260000 -0.206385 19.220000 5C4225714 23 -66 
1721810135278 1721810135297 19 329389.830000 3463458.040000 -0.206385 19.240000 5C4225714 23 -66 
1721810135333 1721810135351 18 329390.770000 3463457.840000 -0.206385 19.260000 5C4225714 23 -66 
1721810135391 1721810135410 19 329391.900000 3463457.590000 -0.206385 19.260000 5C4225714 23 -66 
1721810135446 1721810135464 18 329392.850000 3463457.370000 -0.204858 19.280000 5C4225714 23 -66 
1721810135502 1721810135519 17 329393.790000 3463457.170000 -0.204858 19.300000 5C4225714 23 -66 
1721810135557 1721810135572 15 329394.550000 3463457.000000 -0.204858 19.260000 5C4225714 23 -66 
1721810135620 1721810135636 16 329396.630000 3463456.550000 -0.204422 19.300000 5C4225714 23 -66 
1721810135674 1721810135691 17 329397.760000 3463456.300000 -0.204422 19.320000 5C4225714 23 -66 
1721810135745 1721810135763 18 329398.890000 3463456.050000 -0.204422 19.320000 5C4225714 23 -66 
1721810135800 1721810135826 26 329399.080000 3463456.000000 -0.204422 19.360000 5C4225714 23 -66 
1721810135855 1721810135872 17 329400.400000 3463455.710000 -0.206167 19.340000 5C4225714 23 -66 
1721810135910 1721810135927 17 329401.170000 3463455.540000 -0.206167 19.360000 5C4225714 23 -66 
1721810135966 1721810135983 17 329402.300000 3463455.290000 -0.206167 19.360000 5C4225714 23 -66 
1721810136021 1721810136037 16 329403.250000 3463455.090000 -0.206167 19.380000 5C4225714 23 -66 
1721810136076 1721810136093 17 329405.160000 3463454.680000 -0.205513 19.420000 5C4225714 23 -66 
1721810136131 1721810136149 18 329406.110000 3463454.460000 -0.205513 19.420000 5C4225714 23 -66 
1721810136186 1721810136206 20 329406.860000 3463454.300000 -0.205513 19.420000 5C4225714 23 -66 
1721810136241 1721810136262 21 329408.200000 3463454.020000 -0.203331 19.440000 5C4225714 23 -66 
1721810136297 1721810136316 19 329409.340000 3463453.770000 -0.203331 19.440000 5C4225714 23 -66 
1721810136352 1721810136369 17 329410.290000 3463453.560000 -0.203331 19.460000 5C4225714 23 -66 
1721810136407 1721810136425 18 329411.250000 3463453.360000 -0.200931 19.480000 5C4225714 23 -66 
1721810136462 1721810136479 17 329412.210000 3463453.160000 -0.200931 19.480000 5C4225714 23 -66 
1721810136518 1721810136533 15 329412.590000 3463453.070000 -0.200931 19.480000 5C4225714 23 -66 
1721810136573 1721810136589 16 329412.970000 3463452.990000 -0.200931 19.540000 5C4225714 23 -66 
1721810136628 1721810136648 20 329414.690000 3463452.620000 -0.200931 19.540000 5C4225714 23 -66 
1721810136683 1721810136702 19 329416.610000 3463452.210000 -0.198968 19.540000 5C4225714 23 -66 
1721810136749 1721810136766 17 329417.760000 3463451.970000 -0.198968 19.560000 5C4225714 23 -66 
1721810136803 1721810136820 17 329417.760000 3463451.970000 -0.198968 19.540000 5C4225714 23 -66 
1721810136858 1721810136876 18 329419.670000 3463451.560000 -0.198749 19.560000 5C4225714 23 -66 
1721810136914 1721810136933 19 329420.830000 3463451.320000 -0.198749 19.560000 5C4225714 23 -66 
1721810136969 1721810136989 20 329421.790000 3463451.120000 -0.198749 19.580000 5C4225714 23 -66 
1721810137024 1721810137045 21 329422.750000 3463450.910000 -0.197004 19.600000 5C4225714 23 -66 
1721810137079 1721810137096 17 329423.720000 3463450.710000 -0.197004 19.620000 5C4225714 23 -66 
1721810137134 1721810137155 21 329425.440000 3463450.340000 -0.197004 19.620000 5C4225714 23 -66 
1721810137190 1721810137209 19 329426.790000 3463450.050000 -0.195913 19.600000 5C4225714 23 -66 
1721810137245 1721810137263 18 329427.370000 3463449.940000 -0.195913 19.600000 5C4225714 23 -66 
1721810137300 1721810137317 17 329428.330000 3463449.730000 -0.195913 19.620000 5C4225714 23 -66 
1721810137355 1721810137375 20 329429.100000 3463449.570000 -0.195913 19.620000 5C4225714 23 -66 
1721810137410 1721810137429 19 329430.440000 3463449.280000 -0.197222 19.580000 5C4225714 23 -66 
1721810137466 1721810137483 17 329431.410000 3463449.070000 -0.197222 19.640000 5C4225714 23 -66 
1721810137521 1721810137537 16 329432.380000 3463448.870000 -0.197222 19.640000 5C4225714 23 -66 
1721810137576 1721810137596 20 329433.150000 3463448.710000 -0.197222 19.680000 5C4225714 23 -66 
1721810137631 1721810137649 18 329434.500000 3463448.430000 -0.197004 19.680000 5C4225714 23 -66 
1721810137686 1721810137702 16 329435.470000 3463448.220000 -0.197004 19.680000 5C4225714 23 -66 
1721810137741 1721810137760 19 329437.400000 3463447.810000 -0.197004 19.700000 5C4225714 23 -66 
1721810137809 1721810137824 15 329438.360000 3463447.610000 -0.195695 19.720000 5C4225714 23 -66 
1721810137868 1721810137889 21 329439.140000 3463447.450000 -0.195695 19.660000 5C4225714 23 -66 
1721810137923 1721810137945 22 329439.910000 3463447.280000 -0.195695 19.700000 5C4225714 23 -66 
1721810137978 1721810137997 19 329440.870000 3463447.080000 -0.195695 19.680000 5C4225714 23 -66 
1721810138033 1721810138054 21 329441.830000 3463446.880000 -0.195695 19.700000 5C4225714 23 -66 
1721810138088 1721810138107 19 329442.800000 3463446.670000 -0.195695 19.700000 5C4225714 23 -66 
1721810138143 1721810138161 18 329444.930000 3463446.220000 -0.195695 19.740000 5C4225714 23 -66 
1721810138199 1721810138221 22 329445.890000 3463446.010000 -0.195477 19.760000 5C4225714 23 -66 
1721810138254 1721810138275 21 329447.060000 3463445.770000 -0.195477 19.720000 5C4225714 23 -66 
1721810138309 1721810138326 17 329448.030000 3463445.570000 -0.195477 19.700000 5C4225714 23 -66 
1721810138364 1721810138385 21 329448.800000 3463445.400000 -0.195477 19.700000 5C4225714 23 -66 
1721810138420 1721810138435 15 329449.770000 3463445.190000 -0.196350 19.680000 5C4225714 23 -66 
1721810138475 1721810138491 16 329451.120000 3463444.920000 -0.196350 19.680000 5C4225714 23 -66 
1721810138530 1721810138546 16 329452.080000 3463444.710000 -0.196350 19.680000 5C4225714 23 -66 
1721810138584 1721810138602 18 329453.050000 3463444.510000 -0.196350 19.660000 5C4225714 23 -66 
1721810138639 1721810138656 17 329453.630000 3463444.390000 -0.196131 19.660000 5C4225714 23 -66 
1721810138694 1721810138715 21 329454.590000 3463444.180000 -0.196131 19.640000 5C4225714 23 -66 
1721810138750 1721810138768 18 329456.510000 3463443.780000 -0.196131 19.580000 5C4225714 23 -66 
1721810138805 1721810138821 16 329457.280000 3463443.620000 -0.196131 19.540000 5C4225714 23 -66 
1721810138859 1721810138876 17 329457.280000 3463443.620000 -0.196131 19.520000 5C4225714 23 -66 
1721810138915 1721810138931 16 329459.580000 3463443.130000 -0.196568 19.480000 5C4225714 23 -66 
1721810138975 1721810138993 18 329460.540000 3463442.930000 -0.196568 19.500000 5C4225714 23 -66 
1721810139030 1721810139048 18 329461.680000 3463442.680000 -0.196786 19.480000 5C4225714 23 -66 
1721810139085 1721810139104 19 329462.640000 3463442.490000 -0.196786 19.500000 5C4225714 23 -66 
1721810139140 1721810139160 20 329462.640000 3463442.490000 -0.196786 19.460000 5C4225714 23 -66 
1721810139196 1721810139212 16 329464.560000 3463442.080000 -0.196786 19.480000 5C4225714 23 -66 
1721810139251 1721810139266 15 329465.130000 3463441.960000 -0.195259 19.440000 5C4225714 23 -66 
1721810139306 1721810139326 20 329467.420000 3463441.480000 -0.195259 19.440000 5C4225714 23 -66 
1721810139361 1721810139380 19 329468.560000 3463441.240000 -0.195259 19.440000 5C4225714 23 -66 
1721810139416 1721810139434 18 329469.510000 3463441.040000 -0.194168 19.420000 5C4225714 23 -66 
1721810139472 1721810139488 16 329470.470000 3463440.840000 -0.194168 19.400000 5C4225714 23 -66 
1721810139527 1721810139557 30 329471.040000 3463440.720000 -0.194168 19.400000 5C4225714 23 -66 
1721810139582 1721810139603 21 329471.990000 3463440.520000 -0.194168 19.380000 5C4225714 23 -66 
1721810139638 1721810139657 19 329472.560000 3463440.400000 -0.194168 19.400000 5C4225714 23 -66 
1721810139693 1721810139717 24 329474.090000 3463440.090000 -0.196786 19.380000 5C4225714 23 -66 
1721810139748 1721810139769 21 329474.850000 3463439.920000 -0.196786 19.380000 5C4225714 23 -66 
1721810139804 1721810139827 23 329475.980000 3463439.680000 -0.196786 19.340000 5C4225714 23 -66 
1721810139859 1721810139880 21 329476.740000 3463439.520000 -0.197004 19.360000 5C4225714 23 -66 
1721810139914 1721810139933 19 329478.830000 3463439.080000 -0.197004 19.360000 5C4225714 23 -66 
1721810139969 1721810139988 19 329479.970000 3463438.840000 -0.197004 19.300000 5C4225714 23 -66 
1721810140028 1721810140044 16 329480.910000 3463438.630000 -0.194822 19.320000 5C4225714 23 -66 
1721810140083 1721810140102 19 329482.060000 3463438.400000 -0.194822 19.280000 5C4225714 23 -66 
1721810140138 1721810140156 18 329482.810000 3463438.240000 -0.194822 19.280000 5C4225714 23 -66 
1721810140193 1721810140217 24 329483.950000 3463438.000000 -0.194822 19.260000 5C4225714 23 -66 
1721810140249 1721810140265 16 329484.700000 3463437.840000 -0.196568 19.240000 5C4225714 23 -66 
1721810140303 1721810140322 19 329485.830000 3463437.600000 -0.196568 19.260000 5C4225714 23 -66 
1721810140358 1721810140376 18 329486.400000 3463437.480000 -0.196568 19.240000 5C4225714 23 -66 
1721810140413 1721810140431 18 329487.340000 3463437.280000 -0.196568 19.240000 5C4225714 23 -66 
1721810140468 1721810140485 17 329489.040000 3463436.920000 -0.197004 19.240000 5C4225714 23 -66 
1721810140523 1721810140547 24 329489.990000 3463436.710000 -0.197004 19.220000 5C4225714 23 -66 
1721810140578 1721810140595 17 329491.300000 3463436.440000 -0.197004 19.220000 5C4225714 23 -66 
1721810140634 1721810140653 19 329492.240000 3463436.230000 -0.197877 19.200000 5C4225714 23 -66 
1721810140691 1721810140707 16 329493.000000 3463436.080000 -0.197877 19.200000 5C4225714 23 -66 
1721810140746 1721810140766 20 329494.320000 3463435.790000 -0.197877 19.140000 5C4225714 23 -66 
1721810140805 1721810140826 21 329494.700000 3463435.700000 -0.197877 19.160000 5C4225714 23 -66 
1721810140872 1721810140892 20 329497.340000 3463435.150000 -0.199840 19.140000 5C4225714 23 -66 
1721810140927 1721810140946 19 329498.270000 3463434.950000 -0.199840 19.140000 5C4225714 23 -66 
1721810140982 1721810141002 20 329499.010000 3463434.780000 -0.199840 19.120000 5C4225714 23 -66 
1721810141037 1721810141054 17 329499.760000 3463434.620000 -0.198749 19.120000 5C4225714 23 -66 
1721810141091 1721810141108 17 329500.710000 3463434.420000 -0.198749 19.080000 5C4225714 23 -66 
1721810141151 1721810141166 15 329501.640000 3463434.230000 -0.198749 19.100000 5C4225714 23 -66 
1721810141218 1721810141236 18 329502.580000 3463434.020000 -0.198749 19.060000 5C4225714 23 -63 
1721810141277 1721810141297 20 329504.460000 3463433.620000 -0.201149 19.060000 5C4225714 8 -63 
1721810141332 1721810141348 16 329505.580000 3463433.380000 -0.201149 19.060000 5C4225714 8 -63 
1721810141388 1721810141403 15 329506.510000 3463433.170000 -0.201149 19.020000 5C4225714 8 -63 
1721810141443 1721810141460 17 329507.450000 3463432.980000 -0.200058 19.040000 5C4225714 8 -63 
1721810141498 1721810141516 18 329508.380000 3463432.780000 -0.200058 19.000000 5C4225714 8 -63 
1721810141553 1721810141572 19 329509.500000 3463432.540000 -0.200058 19.040000 5C4225714 8 -63 
1721810141608 1721810141628 20 329510.430000 3463432.330000 -0.200277 19.000000 5C4225714 8 -63 
1721810141664 1721810141679 15 329511.370000 3463432.140000 -0.200277 19.020000 5C4225714 8 -63 
1721810141719 1721810141735 16 329512.300000 3463431.940000 -0.200277 18.980000 5C4225714 8 -63 
1721810141774 1721810141794 20 329513.230000 3463431.730000 -0.200277 18.980000 5C4225714 8 -63 
1721810141829 1721810141848 19 329514.350000 3463431.490000 -0.199186 18.980000 5C4225714 8 -63 
1721810141884 1721810141903 19 329515.840000 3463431.180000 -0.199186 18.980000 5C4225714 8 -63 
1721810141940 1721810141957 17 329516.580000 3463431.020000 -0.199186 18.940000 5C4225714 8 -63 
1721810141995 1721810142016 21 329517.700000 3463430.780000 -0.199186 18.960000 5C4225714 8 -63 
1721810142052 1721810142071 19 329518.440000 3463430.630000 -0.200058 18.900000 5C4225714 8 -63 
1721810142107 1721810142127 20 329519.560000 3463430.390000 -0.200058 18.900000 5C4225714 8 -63 
1721810142162 1721810142183 21 329520.670000 3463430.150000 -0.200058 18.900000 5C4225714 8 -63 
1721810142218 1721810142234 16 329521.590000 3463429.950000 -0.200931 18.940000 5C4225714 8 -63 
1721810142273 1721810142293 20 329522.530000 3463429.750000 -0.200931 18.900000 5C4225714 8 -63 
1721810142332 1721810142355 23 329523.270000 3463429.600000 -0.200931 18.940000 5C4225714 8 -63 
1721810142387 1721810142403 16 329525.490000 3463429.120000 -0.197004 18.860000 5C4225714 8 -63 
1721810142442 1721810142457 15 329526.410000 3463428.920000 -0.197004 18.880000 5C4225714 8 -63 
1721810142497 1721810142512 15 329526.970000 3463428.800000 -0.197004 18.860000 5C4225714 8 -63 
1721810142552 1721810142578 26 329528.260000 3463428.530000 -0.197004 18.860000 5C4225714 8 -63 
1721810142607 1721810142627 20 329528.820000 3463428.410000 -0.197004 18.840000 5C4225714 8 -63 
1721810142663 1721810142681 18 329529.740000 3463428.220000 -0.198749 18.840000 5C4225714 8 -63 
1721810142718 1721810142735 17 329530.480000 3463428.060000 -0.198749 18.800000 5C4225714 8 -63 
1721810142773 1721810142789 16 329531.220000 3463427.900000 -0.198749 18.840000 5C4225714 8 -63 
1721810142828 1721810142857 29 329532.690000 3463427.590000 -0.197004 18.820000 5C4225714 8 -63 
1721810142883 1721810142901 18 329533.440000 3463427.440000 -0.197004 18.800000 5C4225714 8 -63 
1721810142943 1721810142960 17 329535.640000 3463426.970000 -0.197004 18.780000 5C4225714 8 -63 
1721810142998 1721810143017 19 329536.560000 3463426.760000 -0.198749 18.780000 5C4225714 8 -63 
1721810143053 1721810143073 20 329537.490000 3463426.570000 -0.198749 18.740000 5C4225714 8 -63 
1721810143109 1721810143126 17 329538.400000 3463426.380000 -0.198749 18.720000 5C4225714 8 -63 
1721810143164 1721810143180 16 329539.140000 3463426.220000 -0.198749 18.680000 5C4225714 8 -63 
1721810143219 1721810143246 27 329540.430000 3463425.960000 -0.196350 18.680000 5C4225714 8 -63 
1721810143274 1721810143295 21 329541.350000 3463425.770000 -0.196350 18.640000 5C4225714 8 -63 
1721810143329 1721810143349 20 329542.260000 3463425.570000 -0.196350 18.680000 5C4225714 8 -63 
1721810143405 1721810143427 22 329543.720000 3463425.260000 -0.196568 18.620000 5C4225714 8 -63 
1721810143460 1721810143479 19 329544.640000 3463425.070000 -0.196568 18.600000 5C4225714 8 -63 
1721810143515 1721810143535 20 329545.550000 3463424.880000 -0.196568 18.560000 5C4225714 8 -63 
1721810143570 1721810143591 21 329546.640000 3463424.650000 -0.196568 18.460000 5C4225714 8 -63 
1721810143626 1721810143644 18 329547.000000 3463424.570000 -0.196568 18.420000 5C4225714 8 -63 
1721810143681 1721810143698 17 329548.450000 3463424.260000 -0.195913 18.400000 5C4225714 8 -63 
1721810143736 1721810143752 16 329549.360000 3463424.070000 -0.195913 18.360000 5C4225714 8 -63 
1721810143791 1721810143811 20 329550.440000 3463423.840000 -0.195913 18.360000 5C4225714 8 -63 
1721810143846 1721810143864 18 329551.160000 3463423.690000 -0.198313 18.280000 5C4225714 8 -63 
1721810143901 1721810143918 17 329552.780000 3463423.350000 -0.198313 18.180000 5C4225714 8 -63 
1721810143957 1721810143979 22 329553.670000 3463423.160000 -0.198313 18.180000 5C4225714 8 -63 
1721810144012 1721810144029 17 329555.100000 3463422.860000 -0.198531 18.100000 5C4225714 8 -63 
1721810144067 1721810144083 16 329555.990000 3463422.670000 -0.198531 18.060000 5C4225714 8 -63 
1721810144122 1721810144143 21 329556.870000 3463422.490000 -0.198531 18.020000 5C4225714 8 -63 
1721810144178 1721810144205 27 329557.740000 3463422.290000 -0.198531 17.960000 5C4225714 8 -63 
1721810144233 1721810144249 16 329558.090000 3463422.220000 -0.198968 17.920000 5C4225714 8 -63 
1721810144288 1721810144308 20 329558.990000 3463422.030000 -0.198968 17.860000 5C4225714 8 -63 
1721810144343 1721810144362 19 329560.030000 3463421.810000 -0.198968 17.820000 5C4225714 8 -63 
1721810144398 1721810144416 18 329560.900000 3463421.620000 -0.198968 17.760000 5C4225714 8 -63 
1721810144454 1721810144470 16 329561.950000 3463421.410000 -0.196786 17.700000 5C4225714 8 -63 
1721810144513 1721810144531 18 329563.160000 3463421.140000 -0.196786 17.600000 5C4225714 8 -63 
1721810144567 1721810144586 19 329564.550000 3463420.850000 -0.196786 17.560000 5C4225714 8 -63 
1721810144623 1721810144643 20 329565.400000 3463420.660000 -0.200058 17.520000 5C4225714 8 -63 
1721810144678 1721810144694 16 329566.440000 3463420.450000 -0.200058 17.500000 5C4225714 8 -63 
1721810144733 1721810144755 22 329567.290000 3463420.270000 -0.200058 17.420000 5C4225714 8 -63 
1721810144788 1721810144815 27 329568.140000 3463420.090000 -0.200058 17.400000 5C4225714 8 -63 
1721810144844 1721810144859 15 329569.000000 3463419.910000 -0.196350 17.340000 5C4225714 8 -63 
1721810144899 1721810144918 19 329569.510000 3463419.800000 -0.196350 17.260000 5C4225714 8 -63 
1721810144954 1721810144972 18 329570.350000 3463419.620000 -0.196350 17.260000 5C4225714 8 -63 
1721810145009 1721810145028 19 329571.200000 3463419.440000 -0.196350 17.160000 5C4225714 8 -63 
1721810145064 1721810145083 19 329572.890000 3463419.080000 -0.198968 17.080000 5C4225714 8 -63 
1721810145119 1721810145137 18 329573.890000 3463418.860000 -0.198968 17.020000 5C4225714 8 -63 
1721810145174 1721810145193 19 329574.720000 3463418.680000 -0.198968 16.980000 5C4225714 8 -63 
1721810145230 1721810145248 18 329574.890000 3463418.650000 -0.198968 16.920000 5C4225714 8 -63 
1721810145285 1721810145304 19 329576.230000 3463418.370000 -0.197877 16.920000 5C4225714 8 -63 
1721810145340 1721810145358 18 329577.390000 3463418.120000 -0.197877 16.840000 5C4225714 8 -63 
1721810145396 1721810145413 17 329578.040000 3463417.970000 -0.197877 16.820000 5C4225714 8 -63 
1721810145451 1721810145468 17 329578.870000 3463417.790000 -0.200931 16.740000 5C4225714 8 -63 
1721810145506 1721810145523 17 329579.690000 3463417.630000 -0.200931 16.700000 5C4225714 8 -63 
1721810145572 1721810145592 20 329581.660000 3463417.210000 -0.200931 16.620000 5C4225714 8 -63 
1721810145627 1721810145643 16 329582.310000 3463417.060000 -0.198968 16.580000 5C4225714 8 -63 
1721810145682 1721810145699 17 329583.290000 3463416.860000 -0.198968 16.500000 5C4225714 8 -63 
1721810145737 1721810145762 25 329584.100000 3463416.690000 -0.198968 16.420000 5C4225714 8 -63 
1721810145792 1721810145814 22 329584.890000 3463416.520000 -0.198968 16.320000 5C4225714 8 -63 
1721810145848 1721810145865 17 329585.050000 3463416.480000 -0.197440 16.240000 5C4225714 8 -63 
1721810145903 1721810145919 16 329586.180000 3463416.240000 -0.197440 16.140000 5C4225714 8 -63 
1721810145977 1721810145992 15 329587.920000 3463415.870000 -0.197440 15.940000 5C4225714 8 -63 
1721810146054 1721810146070 16 329588.700000 3463415.700000 -0.199186 15.880000 5C4225714 8 -63 
1721810146109 1721810146126 17 329589.480000 3463415.540000 -0.199186 15.720000 5C4225714 8 -63 
1721810146164 1721810146182 18 329590.250000 3463415.380000 -0.199186 15.640000 5C4225714 8 -63 
1721810146219 1721810146238 19 329591.010000 3463415.210000 -0.199186 15.540000 5C4225714 8 -63 
1721810146274 1721810146294 20 329592.680000 3463414.850000 -0.199186 15.360000 5C4225714 8 -63 
1721810146330 1721810146345 15 329593.280000 3463414.730000 -0.199186 15.160000 5C4225714 8 -63 
1721810146385 1721810146405 20 329594.170000 3463414.540000 -0.199186 15.060000 5C4225714 8 -63 
1721810146440 1721810146460 20 329594.910000 3463414.380000 -0.199840 14.940000 5C4225714 8 -63 
1721810146495 1721810146514 19 329595.640000 3463414.230000 -0.199840 14.780000 5C4225714 8 -63 
1721810146550 1721810146569 19 329596.360000 3463414.070000 -0.199840 14.700000 5C4225714 8 -63 
1721810146606 1721810146622 16 329597.230000 3463413.880000 -0.200495 14.580000 5C4225714 8 -63 
1721810146665 1721810146689 24 329597.940000 3463413.740000 -0.200495 14.500000 5C4225714 8 -63 
1721810146719 1721810146744 25 329598.370000 3463413.640000 -0.200495 14.420000 5C4225714 8 -63 
1721810146774 1721810146793 19 329599.350000 3463413.420000 -0.200495 14.380000 5C4225714 8 -63 
1721810146829 1721810146848 19 329600.330000 3463413.210000 -0.201804 14.160000 5C4225714 8 -63 
1721810146884 1721810146902 18 329601.180000 3463413.030000 -0.201804 14.060000 5C4225714 8 -63 
1721810146940 1721810146957 17 329601.860000 3463412.890000 -0.201804 14.000000 5C4225714 8 -63 
1721810146995 1721810147016 21 329602.540000 3463412.730000 -0.201804 13.940000 5C4225714 8 -63 
1721810147050 1721810147071 21 329603.370000 3463412.550000 -0.203549 13.820000 5C4225714 8 -63 
1721810147106 1721810147124 18 329603.910000 3463412.430000 -0.203549 13.760000 5C4225714 8 -63 
1721810147161 1721810147178 17 329604.710000 3463412.250000 -0.203549 13.700000 5C4225714 8 -63 
1721810147216 1721810147236 20 329605.380000 3463412.100000 -0.203549 13.560000 5C4225714 8 -63 
1721810147272 1721810147291 19 329606.180000 3463411.920000 -0.205294 13.520000 5C4225714 8 -63 
1721810147327 1721810147344 17 329606.840000 3463411.770000 -0.205294 13.440000 5C4225714 8 -63 
1721810147382 1721810147398 16 329607.110000 3463411.710000 -0.205294 13.380000 5C4225714 8 -63 
1721810147437 1721810147453 16 329608.790000 3463411.330000 -0.209003 13.220000 5C4225714 8 -63 
1721810147492 1721810147509 17 329609.440000 3463411.180000 -0.209003 13.100000 5C4225714 8 -63 
1721810147548 1721810147564 16 329610.210000 3463411.010000 -0.209003 13.040000 5C4225714 8 -63 
1721810147603 1721810147619 16 329610.710000 3463410.890000 -0.210749 12.960000 5C4225714 8 -63 
1721810147658 1721810147678 20 329611.350000 3463410.750000 -0.210749 12.880000 5C4225714 8 -63 
1721810147719 1721810147737 18 329612.100000 3463410.570000 -0.210749 12.780000 5C4225714 8 -63 
1721810147774 1721810147791 17 329612.470000 3463410.480000 -0.210749 12.720000 5C4225714 8 -63 
1721810147829 1721810147850 21 329613.090000 3463410.340000 -0.210749 12.640000 5C4225714 8 -63 
1721810147885 1721810147904 19 329613.710000 3463410.200000 -0.214021 12.540000 5C4225714 8 -63 
1721810147940 1721810147958 18 329614.440000 3463410.020000 -0.214021 12.400000 5C4225714 8 -63 
1721810147995 1721810148012 17 329615.640000 3463409.730000 -0.215766 12.200000 5C4225714 8 -63 
1721810148064 1721810148083 19 329616.240000 3463409.600000 -0.215766 12.100000 5C4225714 8 -63 
1721810148119 1721810148136 17 329616.830000 3463409.460000 -0.215766 12.020000 5C4225714 8 -63 
1721810148175 1721810148194 19 329617.420000 3463409.330000 -0.215766 11.940000 5C4225714 8 -63 
1721810148230 1721810148250 20 329618.110000 3463409.160000 -0.218384 11.840000 5C4225714 8 -63 
1721810148285 1721810148303 18 329618.700000 3463409.030000 -0.218384 11.780000 5C4225714 8 -63 
1721810148341 1721810148357 16 329619.270000 3463408.890000 -0.218384 11.680000 5C4225714 8 -63 
1721810148396 1721810148416 20 329619.840000 3463408.760000 -0.218384 11.580000 5C4225714 8 -63 
1721810148451 1721810148472 21 329620.850000 3463408.520000 -0.220784 11.400000 5C4225714 8 -63 
1721810148506 1721810148526 20 329621.510000 3463408.360000 -0.220784 11.280000 5C4225714 8 -63 
1721810148561 1721810148580 19 329622.170000 3463408.200000 -0.220784 11.240000 5C4225714 8 -63 
1721810148617 1721810148634 17 329622.710000 3463408.080000 -0.222093 11.120000 5C4225714 8 -63 
1721810148671 1721810148695 24 329623.040000 3463408.000000 -0.222093 11.020000 5C4225714 8 -63 
1721810148727 1721810148744 17 329623.900000 3463407.790000 -0.222093 10.920000 5C4225714 8 -63 
1721810148796 1721810148813 17 329624.430000 3463407.660000 -0.222093 10.820000 5C4225714 8 -63 
1721810148864 1721810148884 20 329625.480000 3463407.410000 -0.221002 10.640000 5C4225714 8 -63 
1721810148919 1721810148936 17 329625.890000 3463407.320000 -0.221002 10.500000 5C4225714 8 -63 
1721810148975 1721810148992 17 329626.300000 3463407.220000 -0.221002 10.400000 5C4225714 8 -63 
1721810149030 1721810149048 18 329626.700000 3463407.130000 -0.223184 10.300000 5C4225714 8 -63 
1721810149085 1721810149104 19 329627.310000 3463406.980000 -0.223184 10.200000 5C4225714 8 -63 
1721810149141 1721810149162 21 329627.800000 3463406.860000 -0.223184 10.120000 5C4225714 8 -63 
1721810149196 1721810149213 17 329628.390000 3463406.720000 -0.223184 10.040000 5C4225714 8 -63 
1721810149251 1721810149270 19 329628.880000 3463406.600000 -0.222311 9.900000 5C4225714 8 -63 
1721810149306 1721810149326 20 329629.270000 3463406.520000 -0.222311 9.820000 5C4225714 8 -63 
1721810149361 1721810149677 316 329630.400000 3463406.260000 -0.222311 9.620000 5C4225714 8 -63 
1721810149417 1721810149678 261 329630.870000 3463406.150000 -0.219911 9.460000 5C4225714 8 -63 
1721810149471 1721810149678 207 329631.150000 3463406.090000 -0.219911 9.360000 5C4225714 8 -63 
1721810149526 1721810149678 152 329631.790000 3463405.950000 -0.219911 9.240000 5C4225714 8 -63 
1721810149581 1721810149678 97 329632.050000 3463405.900000 -0.219911 9.120000 5C4225714 8 -63 
1721810149636 1721810149694 58 329632.400000 3463405.830000 -0.207476 8.980000 5C4225714 8 -63 
1721810149691 1721810149713 22 329632.950000 3463405.720000 -0.207476 8.900000 5C4225714 8 -63 
1721810149747 1721810149766 19 329633.380000 3463405.630000 -0.207476 8.780000 5C4225714 8 -63 
1721810149802 1721810149823 21 329633.900000 3463405.530000 -0.207476 8.600000 5C4225714 8 -63 
1721810149859 1721810149876 17 329634.310000 3463405.460000 -0.192859 8.480000 5C4225714 8 -63 
1721810149918 1721810149939 21 329635.230000 3463405.320000 -0.192859 8.260000 5C4225714 8 -63 
1721810149973 1721810149994 21 329635.640000 3463405.270000 -0.192859 8.160000 5C4225714 8 -63 
1721810150029 1721810150047 18 329635.970000 3463405.230000 -0.162534 8.020000 5C4225714 8 -63 
1721810150084 1721810150103 19 329636.530000 3463405.170000 -0.162534 7.920000 5C4225714 8 -63 
1721810150140 1721810150161 21 329636.840000 3463405.140000 -0.162534 7.780000 5C4225714 8 -63 
1721810150195 1721810150217 22 329637.300000 3463405.100000 -0.162534 7.700000 5C4225714 8 -63 
1721810150251 1721810150267 16 329637.600000 3463405.090000 -0.127191 7.560000 5C4225714 8 -63 
1721810150306 1721810150323 17 329637.760000 3463405.070000 -0.127191 7.460000 5C4225714 8 -63 
1721810150361 1721810150380 19 329638.210000 3463405.050000 -0.127191 7.340000 5C4225714 8 -63 
1721810150417 1721810150437 20 329638.570000 3463405.050000 -0.127191 7.220000 5C4225714 8 -63 
1721810150472 1721810150493 21 329639.440000 3463405.050000 -0.085085 7.000000 5C4225714 8 -63 
1721810150527 1721810150547 20 329639.780000 3463405.060000 -0.085085 6.880000 5C4225714 8 -63 
1721810150582 1721810150602 20 329640.120000 3463405.080000 -0.085085 6.760000 5C4225714 8 -63 
1721810150638 1721810150659 21 329640.530000 3463405.110000 -0.031198 6.680000 5C4225714 8 -63 
1721810150693 1721810150715 22 329640.860000 3463405.130000 -0.031198 6.600000 5C4225714 8 -63 
1721810150749 1721810150765 16 329641.120000 3463405.160000 -0.031198 6.480000 5C4225714 8 -63 
1721810150804 1721810150824 20 329641.440000 3463405.200000 -0.031198 6.340000 5C4225714 8 -63 
1721810150859 1721810150879 20 329641.690000 3463405.240000 0.030543 6.280000 5C4225714 8 -63 
1721810150915 1721810150933 18 329642.060000 3463405.300000 0.030543 6.140000 5C4225714 8 -63 
1721810150981 1721810151004 23 329642.770000 3463405.460000 0.094030 5.980000 5C4225714 8 -63 
1721810151040 1721810151059 19 329642.880000 3463405.480000 0.094030 5.900000 5C4225714 8 -63 
1721810151095 1721810151110 15 329643.230000 3463405.560000 0.094030 5.800000 5C4225714 8 -63 
1721810151165 1721810151182 17 329643.460000 3463405.620000 0.094030 5.700000 5C4225714 8 -63 
1721810151221 1721810151238 17 329643.560000 3463405.650000 0.094030 5.600000 5C4225714 8 -63 
1721810151276 1721810151294 18 329644.100000 3463405.830000 0.157298 5.500000 5C4225714 8 -63 
1721810151331 1721810151348 17 329644.650000 3463406.050000 0.157298 5.360000 5C4225714 8 -63 
1721810151387 1721810151407 20 329644.850000 3463406.130000 0.157298 5.260000 5C4225714 8 -63 
1721810151442 1721810151468 26 329645.130000 3463406.260000 0.230383 5.180000 5C4225714 8 -63 
1721810151497 1721810151526 29 329645.320000 3463406.350000 0.230383 5.100000 5C4225714 8 -63 
1721810151553 1721810151571 18 329645.580000 3463406.490000 0.230383 5.060000 5C4225714 8 -63 
1721810151608 1721810151625 17 329645.800000 3463406.620000 0.309141 4.980000 5C4225714 8 -63 
1721810151663 1721810151680 17 329646.020000 3463406.750000 0.309141 4.940000 5C4225714 8 -63 
1721810151719 1721810151746 27 329646.220000 3463406.880000 0.309141 4.880000 5C4225714 8 -63 
1721810151774 1721810151795 21 329646.380000 3463406.980000 0.309141 4.860000 5C4225714 8 -63 
1721810151829 1721810151849 20 329646.580000 3463407.130000 0.309141 4.820000 5C4225714 8 -63 
1721810151884 1721810151904 20 329646.770000 3463407.280000 0.393354 4.800000 5C4225714 8 -63 
1721810151939 1721810151964 25 329647.060000 3463407.530000 0.393354 4.740000 5C4225714 8 -63 
1721810151995 1721810152012 17 329647.060000 3463407.530000 0.393354 4.700000 5C4225714 8 -63 
1721810152055 1721810152071 16 329647.510000 3463407.960000 0.492401 4.700000 5C4225714 8 -63 
1721810152110 1721810152125 15 329647.700000 3463408.170000 0.492401 4.700000 5C4225714 8 -63 
1721810152165 1721810152181 16 329647.840000 3463408.350000 0.492401 4.680000 5C4225714 8 -63 
1721810152220 1721810152236 16 329647.930000 3463408.460000 0.492401 4.660000 5C4225714 8 -63 
1721810152275 1721810152292 17 329648.130000 3463408.720000 0.596248 4.640000 5C4225714 8 -63 
1721810152331 1721810152355 24 329648.290000 3463408.950000 0.596248 4.640000 5C4225714 8 -63 
1721810152386 1721810152403 17 329648.370000 3463409.070000 0.596248 4.620000 5C4225714 8 -63 
1721810152441 1721810152461 20 329648.370000 3463409.070000 0.596248 4.600000 5C4225714 8 -63 
1721810152496 1721810152518 22 329648.680000 3463409.630000 0.710349 4.540000 5C4225714 8 -63 
1721810152552 1721810152572 20 329648.770000 3463409.840000 0.710349 4.540000 5C4225714 8 -63 
1721810152607 1721810152627 20 329648.870000 3463410.090000 0.828159 4.520000 5C4225714 8 -63 
1721810152663 1721810152680 17 329648.960000 3463410.350000 0.828159 4.500000 5C4225714 8 -63 
1721810152720 1721810152737 17 329649.030000 3463410.560000 0.828159 4.460000 5C4225714 8 -63 
1721810152775 1721810152794 19 329649.070000 3463410.730000 0.828159 4.460000 5C4225714 8 -63 
1721810152831 1721810152851 20 329649.120000 3463411.000000 0.960586 4.440000 5C4225714 8 -63 
1721810152886 1721810152910 24 329649.170000 3463411.210000 0.960586 4.400000 5C4225714 8 -63 
1721810152943 1721810152963 20 329649.200000 3463411.470000 0.960586 4.380000 5C4225714 8 -63 
1721810152998 1721810153016 18 329649.220000 3463411.860000 1.099776 4.340000 5C4225714 8 -63 
1721810153054 1721810153077 23 329649.240000 3463412.040000 1.099776 4.320000 5C4225714 8 -63 
1721810153125 1721810153145 20 329649.230000 3463412.250000 1.099776 4.300000 5C4225714 8 -63 
1721810153181 1721810153195 14 329649.210000 3463412.520000 1.099776 4.280000 5C4225714 8 -63 
1721810153240 1721810153259 19 329649.200000 3463412.640000 1.099776 4.240000 5C4225714 8 -63 
1721810153295 1721810153317 22 329649.160000 3463412.930000 1.237657 4.200000 5C4225714 8 -63 
1721810153350 1721810153375 25 329649.140000 3463413.090000 1.237657 4.200000 5C4225714 8 -63 
1721810153407 1721810153422 15 329649.060000 3463413.430000 1.237657 4.160000 5C4225714 8 -63 
1721810153462 1721810153479 17 329648.970000 3463413.780000 1.373138 4.140000 5C4225714 8 -63 
1721810153517 1721810153535 18 329648.900000 3463413.970000 1.373138 4.120000 5C4225714 8 -63 
1721810153572 1721810153590 18 329648.830000 3463414.130000 1.373138 4.080000 5C4225714 8 -63 
1721810153627 1721810153650 23 329648.720000 3463414.390000 1.517346 4.080000 5C4225714 8 -63 
1721810153684 1721810153704 20 329648.660000 3463414.530000 1.517346 4.040000 5C4225714 8 -63 
1721810153739 1721810153755 16 329648.550000 3463414.740000 1.517346 4.040000 5C4225714 8 -63 
1721810153795 1721810153813 18 329648.440000 3463414.920000 1.517346 4.020000 5C4225714 8 -63 
1721810153851 1721810153869 18 329648.330000 3463415.090000 1.654572 4.020000 5C4225714 8 -63 
1721810153906 1721810153924 18 329648.220000 3463415.260000 1.654572 4.000000 5C4225714 8 -63 
1721810153961 1721810153987 26 329648.030000 3463415.510000 1.654572 4.000000 5C4225714 8 -63 
1721810154016 1721810154033 17 329647.900000 3463415.660000 1.791799 3.980000 5C4225714 8 -63 
1721810154074 1721810154094 20 329647.780000 3463415.810000 1.791799 3.980000 5C4225714 8 -63 
1721810154129 1721810154147 18 329647.670000 3463415.920000 1.791799 3.980000 5C4225714 8 -63 
1721810154184 1721810154201 17 329647.500000 3463416.090000 1.791799 3.980000 5C4225714 8 -63 
1721810154239 1721810154256 17 329647.290000 3463416.280000 1.927498 3.980000 5C4225714 8 -63 
1721810154302 1721810154319 17 329647.210000 3463416.360000 1.927498 3.980000 5C4225714 8 -63 
1721810154360 1721810154381 21 329647.020000 3463416.520000 1.927498 4.020000 5C4225714 8 -66 
1721810154414 1721810154432 18 329646.670000 3463416.780000 2.061888 4.060000 5C4225714 23 -66 
1721810154470 1721810154489 19 329646.570000 3463416.850000 2.061888 4.100000 5C4225714 23 -66 
1721810154525 1721810154545 20 329646.330000 3463417.010000 2.061888 4.120000 5C4225714 23 -66 
1721810154581 1721810154597 16 329646.150000 3463417.110000 2.061888 4.160000 5C4225714 23 -66 
1721810154636 1721810154659 23 329645.960000 3463417.210000 2.192134 4.160000 5C4225714 23 -66 
1721810154693 1721810154710 17 329645.750000 3463417.340000 2.192134 4.200000 5C4225714 23 -66 
1721810154749 1721810154767 18 329645.630000 3463417.400000 2.192134 4.260000 5C4225714 23 -66 
1721810154804 1721810154821 17 329645.510000 3463417.440000 2.192134 4.300000 5C4225714 23 -66 
1721810154859 1721810154878 19 329645.240000 3463417.570000 2.319761 4.340000 5C4225714 23 -66 
1721810154915 1721810154938 23 329645.000000 3463417.670000 2.319761 4.360000 5C4225714 23 -66 
1721810154970 1721810154988 18 329644.630000 3463417.810000 2.319761 4.460000 5C4225714 23 -66 
1721810155025 1721810155041 16 329644.410000 3463417.880000 2.447170 4.520000 5C4225714 23 -66 
1721810155081 1721810155099 18 329644.200000 3463417.960000 2.447170 4.540000 5C4225714 23 -66 
1721810155136 1721810155153 17 329643.900000 3463418.050000 2.447170 4.600000 5C4225714 23 -66 
1721810155191 1721810155208 17 329643.900000 3463418.050000 2.447170 4.640000 5C4225714 23 -66 
1721810155246 1721810155267 21 329643.490000 3463418.150000 2.566725 4.700000 5C4225714 23 -66 
1721810155302 1721810155321 19 329643.210000 3463418.220000 2.566725 4.740000 5C4225714 23 -66 
1721810155357 1721810155374 17 329642.980000 3463418.260000 2.566725 4.800000 5C4225714 23 -66 
1721810155413 1721810155435 22 329642.830000 3463418.300000 2.566725 4.840000 5C4225714 23 -66 
1721810155468 1721810155485 17 329642.450000 3463418.360000 2.684971 4.900000 5C4225714 23 -66 
1721810155523 1721810155539 16 329642.210000 3463418.400000 2.684971 4.960000 5C4225714 23 -66 
1721810155578 1721810155597 19 329641.860000 3463418.430000 2.684971 5.100000 5C4225714 23 -66 
1721810155633 1721810155653 20 329641.700000 3463418.460000 2.783800 5.140000 5C4225714 23 -66 
1721810155688 1721810155706 18 329641.340000 3463418.500000 2.783800 5.220000 5C4225714 23 -66 
1721810155743 1721810155759 16 329640.980000 3463418.540000 2.783800 5.280000 5C4225714 23 -66 
1721810155798 1721810155818 20 329640.710000 3463418.550000 2.783800 5.320000 5C4225714 23 -66 
1721810155854 1721810155875 21 329640.550000 3463418.570000 2.871285 5.400000 5C4225714 23 -66 
1721810155909 1721810155936 27 329640.170000 3463418.620000 2.871285 5.480000 5C4225714 23 -66 
1721810155964 1721810155980 16 329639.840000 3463418.640000 2.871285 5.560000 5C4225714 23 -66 
1721810156020 1721810156036 16 329639.550000 3463418.660000 2.936516 5.640000 5C4225714 23 -66 
1721810156075 1721810156098 23 329639.280000 3463418.700000 2.936516 5.740000 5C4225714 23 -66 
1721810156130 1721810156147 17 329638.980000 3463418.710000 2.936516 5.800000 5C4225714 23 -66 
1721810156191 1721810156215 24 329638.330000 3463418.770000 2.985168 5.980000 5C4225714 23 -66 
1721810156250 1721810156269 19 329638.150000 3463418.790000 2.985168 6.060000 5C4225714 23 -66 
1721810156306 1721810156324 18 329637.720000 3463418.830000 2.985168 6.180000 5C4225714 23 -66 
1721810156361 1721810156380 19 329637.530000 3463418.850000 2.985168 6.260000 5C4225714 23 -66 
1721810156416 1721810156436 20 329637.220000 3463418.880000 2.985168 6.340000 5C4225714 23 -66 
1721810156471 1721810156490 19 329636.840000 3463418.920000 3.018765 6.440000 5C4225714 23 -66 
1721810156527 1721810156544 17 329636.500000 3463418.950000 3.018765 6.600000 5C4225714 23 -66 
1721810156582 1721810156605 23 329636.170000 3463418.980000 3.018765 6.740000 5C4225714 23 -66 
1721810156637 1721810156654 17 329635.830000 3463419.020000 3.035346 6.800000 5C4225714 23 -66 
1721810156693 1721810156714 21 329635.070000 3463419.110000 3.035346 7.040000 5C4225714 23 -66 
1721810156748 1721810156763 15 329634.720000 3463419.150000 3.035346 7.180000 5C4225714 23 -66 
1721810156803 1721810156821 18 329634.570000 3463419.170000 3.035346 7.260000 5C4225714 23 -66 
1721810156859 1721810156877 18 329634.140000 3463419.240000 3.036218 7.400000 5C4225714 23 -66 
1721810156914 1721810156940 26 329633.690000 3463419.290000 3.036218 7.520000 5C4225714 23 -66 
1721810156969 1721810156988 19 329633.310000 3463419.340000 3.036218 7.680000 5C4225714 23 -66 
1721810157024 1721810157049 25 329633.000000 3463419.380000 3.036218 7.760000 5C4225714 23 -66 
1721810157079 1721810157103 24 329632.530000 3463419.450000 3.032728 7.920000 5C4225714 23 -66 
1721810157135 1721810157152 17 329632.060000 3463419.510000 3.032728 8.020000 5C4225714 23 -66 
1721810157190 1721810157205 15 329631.650000 3463419.560000 3.032728 8.180000 5C4225714 23 -66 
1721810157245 1721810157273 28 329630.740000 3463419.700000 3.030110 8.420000 5C4225714 23 -66 
1721810157299 1721810157318 19 329630.320000 3463419.750000 3.030110 8.520000 5C4225714 23 -66 
1721810157354 1721810157371 17 329629.880000 3463419.820000 3.030110 8.680000 5C4225714 23 -66 
1721810157410 1721810157428 18 329629.620000 3463419.850000 3.025965 8.800000 5C4225714 23 -66 
1721810157465 1721810157485 20 329629.190000 3463419.920000 3.025965 8.980000 5C4225714 23 -66 
1721810157521 1721810157542 21 329628.920000 3463419.950000 3.025965 9.060000 5C4225714 23 -66 
1721810157576 1721810157596 20 329628.190000 3463420.060000 3.025965 9.240000 5C4225714 23 -66 
1721810157631 1721810157655 24 329627.730000 3463420.130000 3.019856 9.400000 5C4225714 23 -66 
1721810157687 1721810157704 17 329627.270000 3463420.200000 3.019856 9.460000 5C4225714 23 -66 
1721810157742 1721810157758 16 329626.700000 3463420.290000 3.019856 9.540000 5C4225714 23 -66 
1721810157797 1721810157817 20 329626.310000 3463420.350000 3.019856 9.720000 5C4225714 23 -66 
1721810157853 1721810157873 20 329625.340000 3463420.510000 3.013529 10.020000 5C4225714 23 -66 
1721810157908 1721810157926 18 329624.740000 3463420.610000 3.013529 10.080000 5C4225714 23 -66 
1721810157963 1721810157979 16 329624.240000 3463420.680000 3.013529 10.220000 5C4225714 23 -66 
1721810158018 1721810158038 20 329623.730000 3463420.770000 3.005021 10.380000 5C4225714 23 -66 
1721810158073 1721810158091 18 329623.420000 3463420.830000 3.005021 10.500000 5C4225714 23 -66 
1721810158128 1721810158146 18 329622.790000 3463420.930000 3.005021 10.620000 5C4225714 23 -66 
1721810158184 1721810158200 16 329622.470000 3463420.980000 3.005021 10.720000 5C4225714 23 -66 
1721810158239 1721810158256 17 329621.720000 3463421.100000 2.999348 10.900000 5C4225714 23 -66 
1721810158299 1721810158323 24 329621.190000 3463421.200000 2.999348 11.040000 5C4225714 23 -66 
1721810158354 1721810158385 31 329620.750000 3463421.270000 2.999348 11.160000 5C4225714 23 -66 
1721810158410 1721810158429 19 329619.640000 3463421.460000 2.992803 11.420000 5C4225714 23 -66 
1721810158465 1721810158485 20 329618.740000 3463421.610000 2.992803 11.500000 5C4225714 23 -66 
1721810158520 1721810158541 21 329618.170000 3463421.720000 2.992803 11.660000 5C4225714 23 -66 
1721810158576 1721810158595 19 329617.710000 3463421.800000 2.992803 11.820000 5C4225714 23 -66 
1721810158631 1721810158656 25 329617.000000 3463421.920000 2.987567 11.920000 5C4225714 23 -66 
1721810158691 1721810158710 19 329616.770000 3463421.980000 2.987567 12.060000 5C4225714 23 -66 
1721810158748 1721810158763 15 329616.180000 3463422.080000 2.987567 12.200000 5C4225714 23 -66 
1721810158803 1721810158822 19 329615.460000 3463422.210000 2.987567 12.300000 5C4225714 23 -66 
1721810158858 1721810158875 17 329614.710000 3463422.350000 2.981895 12.440000 5C4225714 23 -66 
1721810158913 1721810158936 23 329613.610000 3463422.560000 2.981895 12.680000 5C4225714 23 -66 
1721810158968 1721810158987 19 329612.860000 3463422.700000 2.981895 12.840000 5C4225714 23 -66 
1721810159023 1721810159040 17 329612.350000 3463422.790000 2.975568 12.940000 5C4225714 23 -66 
1721810159078 1721810159099 21 329611.590000 3463422.950000 2.975568 13.080000 5C4225714 23 -66 
1721810159133 1721810159152 19 329610.810000 3463423.100000 2.975568 13.200000 5C4225714 23 -66 
1721810159189 1721810159207 18 329610.160000 3463423.220000 2.975568 13.300000 5C4225714 23 -66 
1721810159245 1721810159260 15 329609.380000 3463423.390000 2.970332 13.440000 5C4225714 23 -66 
1721810159300 1721810159318 18 329608.720000 3463423.520000 2.970332 13.580000 5C4225714 23 -66 
1721810159355 1721810159373 18 329608.170000 3463423.630000 2.970332 13.640000 5C4225714 23 -66 
1721810159411 1721810159427 16 329607.370000 3463423.780000 2.970332 13.800000 5C4225714 23 -66 
1721810159466 1721810159484 18 329606.960000 3463423.870000 2.961387 13.940000 5C4225714 23 -66 
1721810159521 1721810159538 17 329605.590000 3463424.160000 2.961387 14.160000 5C4225714 23 -66 
1721810159576 1721810159592 16 329604.760000 3463424.330000 2.961387 14.280000 5C4225714 23 -66 
1721810159631 1721810159649 18 329604.190000 3463424.430000 2.958988 14.380000 5C4225714 23 -66 
1721810159686 1721810159704 18 329603.780000 3463424.530000 2.958988 14.460000 5C4225714 23 -66 
1721810159742 1721810159757 15 329602.640000 3463424.760000 2.958988 14.600000 5C4225714 23 -66 
1721810159802 1721810159822 20 329601.780000 3463424.930000 2.958988 14.680000 5C4225714 23 -66 
1721810159857 1721810159876 19 329601.190000 3463425.050000 2.955933 14.840000 5C4225714 23 -66 
1721810159912 1721810159933 21 329600.620000 3463425.180000 2.955933 14.920000 5C4225714 23 -66 
1721810159968 1721810159988 20 329599.440000 3463425.420000 2.955933 15.040000 5C4225714 23 -66 
1721810160023 1721810160042 19 329597.960000 3463425.730000 2.954624 15.200000 5C4225714 23 -66 
1721810160079 1721810160097 18 329597.370000 3463425.850000 2.954624 15.300000 5C4225714 23 -66 
1721810160134 1721810160151 17 329596.450000 3463426.050000 2.954624 15.460000 5C4225714 23 -66 
1721810160190 1721810160207 17 329596.000000 3463426.140000 2.954624 15.540000 5C4225714 23 -66 
1721810160245 1721810160261 16 329595.240000 3463426.300000 2.952443 15.660000 5C4225714 23 -66 
1721810160301 1721810160317 16 329594.470000 3463426.470000 2.952443 15.740000 5C4225714 23 -66 
1721810160357 1721810160375 18 329593.550000 3463426.660000 2.952443 15.820000 5C4225714 23 -66 
1721810160412 1721810160428 16 329592.770000 3463426.830000 2.952443 15.960000 5C4225714 23 -66 
1721810160467 1721810160487 20 329592.140000 3463426.960000 2.950261 16.000000 5C4225714 23 -66 
1721810160523 1721810160541 18 329591.210000 3463427.160000 2.950261 16.140000 5C4225714 23 -66 
1721810160578 1721810160595 17 329589.770000 3463427.460000 2.950261 16.340000 5C4225714 23 -66 
1721810160633 1721810160649 16 329588.650000 3463427.700000 2.950043 16.440000 5C4225714 23 -66 
1721810160687 1721810160704 17 329587.850000 3463427.870000 2.950043 16.500000 5C4225714 23 -66 
1721810160742 1721810160761 19 329587.360000 3463427.970000 2.950043 16.580000 5C4225714 23 -66 
1721810160797 1721810160816 19 329586.550000 3463428.150000 2.950043 16.700000 5C4225714 23 -66 
1721810160852 1721810160870 18 329585.720000 3463428.320000 2.951352 16.740000 5C4225714 23 -66 
1721810160906 1721810160924 18 329585.080000 3463428.460000 2.951352 16.900000 5C4225714 23 -66 
1721810160962 1721810160979 17 329584.080000 3463428.660000 2.951352 16.920000 5C4225714 23 -66 
1721810161017 1721810161040 23 329583.080000 3463428.870000 2.951352 17.020000 5C4225714 23 -66 
1721810161072 1721810161096 24 329582.250000 3463429.050000 2.950479 17.080000 5C4225714 23 -66 
1721810161127 1721810161152 25 329581.580000 3463429.190000 2.950479 17.140000 5C4225714 23 -66 
1721810161183 1721810161201 18 329579.550000 3463429.610000 2.951352 17.280000 5C4225714 23 -66 
1721810161238 1721810161254 16 329578.710000 3463429.810000 2.951352 17.340000 5C4225714 23 -66 
1721810161293 1721810161313 20 329577.680000 3463430.010000 2.951352 17.420000 5C4225714 23 -66 
1721810161352 1721810161376 24 329576.820000 3463430.190000 2.951352 17.460000 5C4225714 23 -66 
1721810161407 1721810161425 18 329575.960000 3463430.370000 2.952006 17.540000 5C4225714 23 -66 
1721810161465 1721810161489 24 329575.100000 3463430.560000 2.952006 17.580000 5C4225714 23 -66 
1721810161519 1721810161537 18 329574.760000 3463430.630000 2.952006 17.680000 5C4225714 23 -66 
1721810161575 1721810161591 16 329573.720000 3463430.850000 2.952006 17.740000 5C4225714 23 -66 
1721810161630 1721810161646 16 329572.840000 3463431.030000 2.952006 17.780000 5C4225714 23 -66 
1721810161685 1721810161704 19 329571.800000 3463431.250000 2.951570 17.860000 5C4225714 23 -66 
1721810161741 1721810161758 17 329570.750000 3463431.480000 2.951570 17.980000 5C4225714 23 -66 
1721810161796 1721810161812 16 329569.150000 3463431.800000 2.950697 18.040000 5C4225714 23 -66 
1721810161852 1721810161872 20 329568.620000 3463431.910000 2.950697 18.120000 5C4225714 23 -66 
1721810161912 1721810161934 22 329567.570000 3463432.140000 2.950697 18.120000 5C4225714 23 -66 
1721810161968 1721810161988 20 329566.680000 3463432.330000 2.950697 18.180000 5C4225714 23 -66 
1721810162022 1721810162050 28 329565.420000 3463432.580000 2.954188 18.200000 5C4225714 23 -66 
1721810162078 1721810162094 16 329564.530000 3463432.770000 2.954188 18.280000 5C4225714 23 -66 
1721810162134 1721810162154 20 329563.460000 3463432.990000 2.954188 18.280000 5C4225714 23 -66 
1721810162189 1721810162208 19 329562.560000 3463433.180000 2.954188 18.340000 5C4225714 23 -66 
1721810162245 1721810162263 18 329561.120000 3463433.480000 2.954406 18.400000 5C4225714 23 -66 
1721810162300 1721810162318 18 329560.210000 3463433.660000 2.954406 18.440000 5C4225714 23 -66 
1721810162355 1721810162372 17 329559.300000 3463433.850000 2.954406 18.480000 5C4225714 23 -66 
1721810162411 1721810162431 20 329558.210000 3463434.070000 2.955061 18.560000 5C4225714 23 -66 
1721810162466 1721810162484 18 329557.300000 3463434.270000 2.955061 18.580000 5C4225714 23 -66 
1721810162521 1721810162538 17 329556.390000 3463434.450000 2.955061 18.680000 5C4225714 23 -66 
1721810162576 1721810162591 15 329555.470000 3463434.640000 2.955061 18.700000 5C4225714 23 -66 
1721810162631 1721810162650 19 329554.550000 3463434.830000 2.955061 18.800000 5C4225714 23 -66 
1721810162686 1721810162704 18 329553.450000 3463435.060000 2.955061 18.860000 5C4225714 23 -66 
1721810162742 1721810162757 15 329552.890000 3463435.170000 2.955061 18.960000 5C4225714 23 -66 
1721810162797 1721810162824 27 329551.780000 3463435.410000 2.955061 19.000000 5C4225714 23 -66 
1721810162852 1721810162875 23 329549.540000 3463435.880000 2.953752 19.140000 5C4225714 23 -66 
1721810162908 1721810162923 15 329548.780000 3463436.030000 2.953752 19.240000 5C4225714 23 -66 
1721810162963 1721810162982 19 329547.840000 3463436.230000 2.953752 19.320000 5C4225714 23 -66 
1721810163018 1721810163036 18 329546.700000 3463436.470000 2.953315 19.420000 5C4225714 23 -66 
1721810163073 1721810163091 18 329545.940000 3463436.620000 2.953315 19.480000 5C4225714 23 -66 
1721810163129 1721810163145 16 329545.940000 3463436.620000 2.953315 19.520000 5C4225714 23 -66 
1721810163184 1721810163203 19 329544.210000 3463437.000000 2.953315 19.560000 5C4225714 23 -66 
1721810163239 1721810163257 18 329543.260000 3463437.190000 2.952443 19.580000 5C4225714 23 -66 
1721810163295 1721810163318 23 329542.110000 3463437.440000 2.952443 19.660000 5C4225714 23 -66 
1721810163350 1721810163368 18 329541.530000 3463437.560000 2.952443 19.660000 5C4225714 23 -66 
1721810163409 1721810163426 17 329539.200000 3463438.050000 2.949825 19.700000 5C4225714 23 -66 
1721810163464 1721810163480 16 329538.050000 3463438.300000 2.949825 19.760000 5C4225714 23 -66 
1721810163519 1721810163537 18 329537.460000 3463438.430000 2.949825 19.760000 5C4225714 23 -66 
1721810163574 1721810163593 19 329536.100000 3463438.710000 2.949825 19.780000 5C4225714 23 -66 
1721810163630 1721810163653 23 329535.130000 3463438.920000 2.951570 19.760000 5C4225714 23 -66 
1721810163685 1721810163704 19 329534.160000 3463439.130000 2.951570 19.820000 5C4225714 23 -66 
1721810163741 1721810163765 24 329533.000000 3463439.370000 2.951570 19.820000 5C4225714 23 -66 
1721810163796 1721810163815 19 329532.020000 3463439.590000 2.951570 19.840000 5C4225714 23 -66 
1721810163851 1721810163877 26 329531.050000 3463439.790000 2.949606 19.860000 5C4225714 23 -66 
1721810163907 1721810163926 19 329531.050000 3463439.790000 2.949606 19.860000 5C4225714 23 -66 
1721810163962 1721810163980 18 329529.500000 3463440.120000 2.949606 19.880000 5C4225714 23 -66 
1721810164018 1721810164034 16 329527.340000 3463440.570000 2.952006 19.900000 5C4225714 23 -66 
1721810164088 1721810164106 18 329526.950000 3463440.660000 2.952006 19.920000 5C4225714 23 -66 
1721810164143 1721810164163 20 329525.390000 3463440.980000 2.952006 19.940000 5C4225714 23 -66 
1721810164199 1721810164215 16 329524.410000 3463441.190000 2.952006 19.960000 5C4225714 23 -66 
1721810164254 1721810164272 18 329523.240000 3463441.440000 2.952006 19.960000 5C4225714 23 -66 
1721810164310 1721810164326 16 329522.450000 3463441.610000 2.952006 19.960000 5C4225714 23 -66 
1721810164365 1721810164382 17 329522.450000 3463441.610000 2.952006 20.000000 5C4225714 23 -66 
1721810164421 1721810164441 20 329519.700000 3463442.180000 2.952224 20.000000 5C4225714 23 -66 
1721810164476 1721810164497 21 329518.730000 3463442.390000 2.952224 20.000000 5C4225714 23 -66 
1721810164532 1721810164548 16 329517.550000 3463442.630000 2.952224 20.060000 5C4225714 23 -66 
1721810164587 1721810164607 20 329516.560000 3463442.830000 2.952224 20.020000 5C4225714 23 -66 
1721810164643 1721810164660 17 329515.770000 3463443.000000 2.954406 20.080000 5C4225714 23 -66 
1721810164698 1721810164718 20 329514.600000 3463443.250000 2.954406 20.080000 5C4225714 23 -66 
1721810164753 1721810164777 24 329513.610000 3463443.460000 2.954406 20.100000 5C4225714 23 -66 
1721810164808 1721810164824 16 329512.620000 3463443.660000 2.954406 20.080000 5C4225714 23 -66 
1721810164863 1721810164883 20 329511.830000 3463443.820000 2.954406 20.120000 5C4225714 23 -66 
1721810164919 1721810164937 18 329510.450000 3463444.110000 2.954406 20.100000 5C4225714 23 -66 
1721810164974 1721810164992 18 329509.450000 3463444.310000 2.954406 20.160000 5C4225714 23 -66 
1721810165029 1721810165046 17 329507.680000 3463444.690000 2.954406 20.180000 5C4225714 23 -66 
1721810165085 1721810165105 20 329506.690000 3463444.890000 2.954406 20.120000 5C4225714 23 -66 
1721810165140 1721810165159 19 329505.310000 3463445.180000 2.954406 20.160000 5C4225714 23 -66 
1721810165195 1721810165213 18 329504.310000 3463445.370000 2.956370 20.180000 5C4225714 23 -66 
1721810165251 1721810165274 23 329503.710000 3463445.500000 2.956370 20.200000 5C4225714 23 -66 
1721810165306 1721810165324 18 329502.920000 3463445.660000 2.956370 20.220000 5C4225714 23 -66 
1721810165361 1721810165377 16 329501.930000 3463445.870000 2.956370 20.260000 5C4225714 23 -66 
1721810165417 1721810165436 19 329500.540000 3463446.150000 2.956370 20.200000 5C4225714 23 -66 
1721810165472 1721810165499 27 329499.550000 3463446.360000 2.955279 20.240000 5C4225714 23 -66 
1721810165527 1721810165553 26 329498.560000 3463446.560000 2.955279 20.200000 5C4225714 23 -66 
1721810165583 1721810165611 28 329496.570000 3463446.960000 2.955279 20.240000 5C4225714 23 -66 
1721810165638 1721810165654 16 329495.370000 3463447.200000 2.957242 20.240000 5C4225714 23 -66 
1721810165693 1721810165723 30 329494.370000 3463447.410000 2.957242 20.260000 5C4225714 23 -66 
1721810165749 1721810165771 22 329493.970000 3463447.480000 2.957242 20.300000 5C4225714 23 -66 
1721810165804 1721810165833 29 329492.380000 3463447.810000 2.960515 20.300000 5C4225714 23 -66 
1721810165859 1721810165888 29 329491.190000 3463448.050000 2.960515 20.300000 5C4225714 23 -66 
1721810165915 1721810165953 38 329490.600000 3463448.160000 2.960515 20.280000 5C4225714 23 -66 
1721810165970 1721810165988 18 329489.600000 3463448.360000 2.960515 20.280000 5C4225714 23 -66 
1721810166025 1721810166041 16 329488.400000 3463448.590000 2.962042 20.300000 5C4225714 23 -66 
1721810166080 1721810166108 28 329487.610000 3463448.750000 2.962042 20.340000 5C4225714 23 -66 
1721810166135 1721810166165 30 329486.610000 3463448.950000 2.962042 20.340000 5C4225714 23 -66 
1721810166190 1721810166219 29 329484.610000 3463449.340000 2.962042 20.320000 5C4225714 23 -66 
1721810166250 1721810166275 25 329483.410000 3463449.580000 2.965751 20.360000 5C4225714 23 -66 
1721810166308 1721810166335 27 329482.400000 3463449.780000 2.965751 20.360000 5C4225714 23 -66 
1721810166363 1721810166391 28 329481.200000 3463450.010000 2.965751 20.360000 5C4225714 23 -66 
1721810166418 1721810166446 28 329480.200000 3463450.200000 2.966623 20.360000 5C4225714 23 -66 
1721810166478 1721810166505 27 329479.600000 3463450.320000 2.966623 20.380000 5C4225714 23 -66 
1721810166537 1721810166565 28 329478.600000 3463450.510000 2.966623 20.360000 5C4225714 23 -66 
1721810166592 1721810166616 24 329475.990000 3463451.010000 2.969678 20.360000 5C4225714 23 -66 
1721810166647 1721810166675 28 329475.590000 3463451.080000 2.969678 20.400000 5C4225714 23 -66 
1721810166702 1721810166720 18 329474.380000 3463451.310000 2.969678 20.420000 5C4225714 23 -66 
1721810166757 1721810166785 28 329473.580000 3463451.470000 2.969678 20.440000 5C4225714 23 -66 
1721810166812 1721810166853 41 329472.770000 3463451.620000 2.969678 20.460000 5C4225714 23 -66 
1721810166868 1721810166897 29 329471.360000 3463451.880000 2.973168 20.440000 5C4225714 23 -66 
1721810166923 1721810166952 29 329470.550000 3463452.030000 2.973168 20.420000 5C4225714 23 -66 
1721810166978 1721810167007 29 329469.140000 3463452.290000 2.973168 20.420000 5C4225714 23 -66 
1721810167033 1721810167062 29 329468.130000 3463452.480000 2.978186 20.480000 5C4225714 23 -66 
1721810167089 1721810167110 21 329467.320000 3463452.630000 2.978186 20.520000 5C4225714 23 -66 
1721810167144 1721810167172 28 329466.110000 3463452.850000 2.978186 20.480000 5C4225714 23 -66 
1721810167199 1721810167228 29 329464.090000 3463453.210000 2.979932 20.480000 5C4225714 23 -66 
1721810167255 1721810167283 28 329463.480000 3463453.320000 2.979932 20.480000 5C4225714 23 -66 
1721810167312 1721810167340 28 329462.270000 3463453.540000 2.979932 20.520000 5C4225714 23 -66 
1721810167367 1721810167395 28 329461.250000 3463453.720000 2.979932 20.480000 5C4225714 23 -66 
1721810167426 1721810167455 29 329460.450000 3463453.870000 2.979932 20.520000 5C4225714 23 -66 
1721810167494 1721810167522 28 329459.020000 3463454.110000 2.983422 20.520000 5C4225714 7 -61 
1721810167550 1721810167578 28 329458.010000 3463454.300000 2.983422 20.560000 5C4225714 7 -61 
1721810167605 1721810167633 28 329456.380000 3463454.590000 2.983422 20.580000 5C4225714 7 -61 
1721810167662 1721810167692 30 329455.170000 3463454.800000 2.984513 20.600000 5C4225714 7 -61 
1721810167717 1721810167733 16 329453.740000 3463455.050000 2.984513 20.580000 5C4225714 7 -61 
1721810167773 1721810167800 27 329452.730000 3463455.230000 2.984513 20.580000 5C4225714 7 -61 
1721810167828 1721810167857 29 329451.700000 3463455.410000 2.987567 20.580000 5C4225714 7 -61 
1721810167883 1721810167906 23 329450.490000 3463455.620000 2.987567 20.600000 5C4225714 7 -61 
1721810167939 1721810167961 22 329449.670000 3463455.750000 2.987567 20.620000 5C4225714 7 -61 
1721810167994 1721810168023 29 329448.450000 3463455.970000 2.987567 20.640000 5C4225714 7 -61 
1721810168050 1721810168067 17 329447.430000 3463456.140000 2.988876 20.640000 5C4225714 7 -61 
1721810168105 1721810168128 23 329446.400000 3463456.320000 2.988876 20.680000 5C4225714 7 -61 
1721810168160 1721810168177 17 329444.770000 3463456.600000 2.988876 20.700000 5C4225714 7 -61 
1721810168216 1721810168236 20 329443.550000 3463456.810000 2.989095 20.700000 5C4225714 7 -61 
1721810168271 1721810168297 26 329442.520000 3463456.980000 2.989095 20.700000 5C4225714 7 -61 
1721810168326 1721810168346 20 329441.700000 3463457.110000 2.989095 20.680000 5C4225714 7 -61 
1721810168382 1721810168402 20 329440.470000 3463457.310000 2.989095 20.680000 5C4225714 7 -61 
1721810168437 1721810168455 18 329439.650000 3463457.450000 2.994549 20.700000 5C4225714 7 -61 
1721810168496 1721810168513 17 329438.630000 3463457.620000 2.994549 20.700000 5C4225714 7 -61 
1721810168551 1721810168574 23 329437.400000 3463457.830000 2.994549 20.700000 5C4225714 7 -61 
1721810168611 1721810168628 17 329435.350000 3463458.160000 3.000221 20.700000 5C4225714 7 -61 
1721810168667 1721810168687 20 329433.920000 3463458.390000 3.000221 20.700000 5C4225714 7 -61 
1721810168722 1721810168741 19 329433.100000 3463458.520000 3.000221 20.660000 5C4225714 7 -61 
1721810168778 1721810168795 17 329431.860000 3463458.710000 3.000221 20.660000 5C4225714 7 -61 
1721810168833 1721810168848 15 329430.840000 3463458.890000 2.998912 20.640000 5C4225714 7 -61 
1721810168888 1721810168907 19 329430.220000 3463458.980000 2.998912 20.640000 5C4225714 7 -61 
1721810168943 1721810168962 19 329429.210000 3463459.150000 2.998912 20.640000 5C4225714 7 -61 
1721810168999 1721810169016 17 329428.180000 3463459.310000 2.998912 20.640000 5C4225714 7 -61 
1721810169054 1721810169075 21 329426.950000 3463459.500000 3.001966 20.620000 5C4225714 7 -61 
1721810169110 1721810169136 26 329425.930000 3463459.660000 3.001966 20.620000 5C4225714 7 -61 
1721810169165 1721810169184 19 329425.110000 3463459.790000 3.001966 20.600000 5C4225714 7 -61 
1721810169220 1721810169238 18 329422.660000 3463460.170000 3.005675 20.580000 5C4225714 7 -61 
1721810169275 1721810169293 18 329421.650000 3463460.330000 3.005675 20.580000 5C4225714 7 -61 
1721810169330 1721810169347 17 329421.240000 3463460.390000 3.005675 20.520000 5C4225714 7 -61 
1721810169385 1721810169401 16 329419.610000 3463460.650000 3.005675 20.520000 5C4225714 7 -61 
1721810169440 1721810169460 20 329418.590000 3463460.810000 3.002403 20.520000 5C4225714 7 -61 
1721810169495 1721810169515 20 329418.190000 3463460.880000 3.002403 20.520000 5C4225714 7 -61 
1721810169551 1721810169570 19 329416.960000 3463461.070000 3.002403 20.500000 5C4225714 7 -61 
1721810169606 1721810169624 18 329415.950000 3463461.230000 3.002403 20.520000 5C4225714 7 -61 
1721810169665 1721810169684 19 329415.540000 3463461.300000 3.002403 20.480000 5C4225714 7 -61 
1721810169720 1721810169739 19 329413.710000 3463461.580000 3.003493 20.480000 5C4225714 7 -61 
1721810169775 1721810169796 21 329411.480000 3463461.930000 3.003493 20.460000 5C4225714 7 -61 
1721810169830 1721810169849 19 329410.470000 3463462.090000 3.004366 20.400000 5C4225714 7 -61 
1721810169886 1721810169901 15 329409.650000 3463462.210000 3.004366 20.440000 5C4225714 7 -61 
1721810169941 1721810169960 19 329408.430000 3463462.410000 3.004366 20.420000 5C4225714 7 -61 
1721810169998 1721810170015 17 329407.630000 3463462.530000 3.004366 20.400000 5C4225714 7 -61 
1721810170054 1721810170074 20 329406.410000 3463462.730000 3.003057 20.360000 5C4225714 7 -61 
1721810170109 1721810170132 23 329405.200000 3463462.920000 3.003057 20.360000 5C4225714 7 -61 
1721810170165 1721810170180 15 329404.190000 3463463.080000 3.003057 20.340000 5C4225714 7 -61 
1721810170220 1721810170241 21 329403.170000 3463463.240000 3.001312 20.340000 5C4225714 7 -61 
1721810170275 1721810170296 21 329401.760000 3463463.460000 3.001312 20.380000 5C4225714 7 -61 
1721810170331 1721810170351 20 329400.550000 3463463.660000 3.001312 20.340000 5C4225714 7 -61 
1721810170386 1721810170405 19 329399.340000 3463463.860000 3.001312 20.340000 5C4225714 7 -61 
1721810170441 1721810170459 18 329398.330000 3463464.020000 3.002403 20.300000 5C4225714 7 -61 
1721810170497 1721810170513 16 329397.320000 3463464.180000 3.002403 20.300000 5C4225714 7 -61 
1721810170552 1721810170572 20 329396.510000 3463464.300000 3.002403 20.300000 5C4225714 7 -61 
1721810170608 1721810170632 24 329395.310000 3463464.500000 3.002403 20.300000 5C4225714 7 -61 
1721810170663 1721810170681 18 329394.090000 3463464.680000 3.002839 20.300000 5C4225714 7 -61 
1721810170731 1721810170750 19 329393.290000 3463464.820000 3.002839 20.280000 5C4225714 7 -61 
1721810170790 1721810170809 19 329391.080000 3463465.170000 3.001530 20.280000 5C4225714 7 -61 
1721810170850 1721810170871 21 329390.080000 3463465.330000 3.001530 20.280000 5C4225714 7 -61 
1721810170909 1721810170928 19 329388.870000 3463465.510000 3.001530 20.220000 5C4225714 7 -61 
1721810170969 1721810170989 20 329387.870000 3463465.670000 3.001530 20.240000 5C4225714 7 -61 
1721810171024 1721810171040 16 329387.260000 3463465.760000 3.001530 20.220000 5C4225714 7 -61 
1721810171079 1721810171094 15 329386.270000 3463465.920000 3.004366 20.240000 5C4225714 7 -61 
1721810171134 1721810171149 15 329385.260000 3463466.080000 3.004366 20.220000 5C4225714 7 -61 
1721810171189 1721810171210 21 329383.060000 3463466.420000 3.006330 20.180000 5C4225714 7 -61 
1721810171245 1721810171260 15 329382.060000 3463466.580000 3.006330 20.180000 5C4225714 7 -61 
1721810171300 1721810171316 16 329381.660000 3463466.640000 3.006330 20.180000 5C4225714 7 -61 
1721810171356 1721810171372 16 329380.050000 3463466.870000 3.006330 20.180000 5C4225714 7 -61 
1721810171411 1721810171428 17 329378.860000 3463467.060000 3.008948 20.180000 5C4225714 7 -61 
1721810171467 1721810171484 17 329377.850000 3463467.220000 3.008948 20.180000 5C4225714 7 -61 
1721810171522 1721810171539 17 329376.850000 3463467.370000 3.008948 20.120000 5C4225714 7 -61 
1721810171578 1721810171595 17 329375.860000 3463467.520000 3.008948 20.100000 5C4225714 7 -61 
1721810171637 1721810171656 19 329375.060000 3463467.640000 3.008948 20.080000 5C4225714 7 -61 
1721810171696 1721810171716 20 329372.860000 3463467.970000 3.008948 20.080000 5C4225714 7 -61 
1721810171751 1721810171772 21 329371.870000 3463468.130000 3.008948 20.100000 5C4225714 7 -61 
1721810171807 1721810171826 19 329371.470000 3463468.180000 3.008948 20.060000 5C4225714 7 -61 
1721810171866 1721810171885 19 329370.080000 3463468.390000 3.011129 20.060000 5C4225714 7 -61 
1721810171922 1721810171939 17 329369.280000 3463468.510000 3.011129 20.040000 5C4225714 7 -61 
1721810171977 1721810171993 16 329368.090000 3463468.690000 3.011129 20.040000 5C4225714 7 -61 
1721810172032 1721810172048 16 329366.900000 3463468.860000 3.012220 19.980000 5C4225714 7 -61 
1721810172087 1721810172107 20 329365.900000 3463469.000000 3.012220 19.980000 5C4225714 7 -61 
1721810172142 1721810172161 19 329364.910000 3463469.150000 3.012220 19.920000 5C4225714 7 -61 
1721810172198 1721810172216 18 329363.130000 3463469.400000 3.017020 19.860000 5C4225714 7 -61 
1721810172253 1721810172271 18 329361.750000 3463469.590000 3.017020 19.840000 5C4225714 7 -61 
1721810172309 1721810172323 14 329360.960000 3463469.700000 3.017020 19.760000 5C4225714 7 -61 
1721810172364 1721810172380 16 329359.780000 3463469.870000 3.017020 19.760000 5C4225714 7 -61 
1721810172420 1721810172437 17 329358.800000 3463469.990000 3.022256 19.660000 5C4225714 7 -61 
1721810172475 1721810172491 16 329358.020000 3463470.100000 3.022256 19.680000 5C4225714 7 -61 
1721810172530 1721810172545 15 329356.840000 3463470.260000 3.022256 19.580000 5C4225714 7 -61 
1721810172585 1721810172606 21 329355.870000 3463470.380000 3.022256 19.580000 5C4225714 7 -61 
1721810172640 1721810172657 17 329355.090000 3463470.480000 3.028146 19.480000 5C4225714 7 -61 
1721810172695 1721810172713 18 329354.500000 3463470.560000 3.028146 19.460000 5C4225714 7 -61 
1721810172751 1721810172771 20 329353.150000 3463470.730000 3.028146 19.340000 5C4225714 7 -61 
1721810172806 1721810172824 18 329351.410000 3463470.930000 3.036655 19.360000 5C4225714 7 -61 
1721810172861 1721810172878 17 329350.440000 3463471.050000 3.036655 19.320000 5C4225714 7 -61 
1721810172917 1721810172937 20 329349.090000 3463471.200000 3.036655 19.320000 5C4225714 7 -61 
1721810172972 1721810172991 19 329348.520000 3463471.270000 3.036655 19.240000 5C4225714 7 -61 
1721810173027 1721810173045 18 329347.180000 3463471.410000 3.046909 19.200000 5C4225714 7 -61 
1721810173082 1721810173099 17 329346.220000 3463471.520000 3.046909 19.100000 5C4225714 7 -61 
1721810173137 1721810173158 21 329345.070000 3463471.630000 3.046909 19.080000 5C4225714 7 -61 
1721810173192 1721810173212 20 329344.120000 3463471.730000 3.046909 19.020000 5C4225714 7 -61 
1721810173248 1721810173266 18 329343.550000 3463471.780000 3.059780 19.020000 5C4225714 7 -61 
1721810173303 1721810173328 25 329342.230000 3463471.900000 3.059780 18.980000 5C4225714 7 -61 
1721810173358 1721810173378 20 329341.280000 3463471.980000 3.059780 18.960000 5C4225714 7 -61 
1721810173413 1721810173432 19 329339.590000 3463472.130000 3.069380 18.860000 5C4225714 7 -61 
1721810173468 1721810173485 17 329338.830000 3463472.200000 3.069380 18.800000 5C4225714 7 -61 
1721810173523 1721810173539 16 329337.700000 3463472.290000 3.069380 18.760000 5C4225714 7 -61 
1721810173579 1721810173599 20 329336.950000 3463472.340000 3.069380 18.680000 5C4225714 7 -61 
1721810173638 1721810173662 24 329336.010000 3463472.400000 3.082906 18.620000 5C4225714 7 -61 
1721810173694 1721810173718 24 329335.270000 3463472.450000 3.082906 18.600000 5C4225714 7 -61 
1721810173749 1721810173767 18 329333.970000 3463472.540000 3.082906 18.580000 5C4225714 7 -61 
1721810173805 1721810173820 15 329333.030000 3463472.580000 3.082906 18.560000 5C4225714 7 -61 
1721810173860 1721810173879 19 329332.110000 3463472.640000 3.098178 18.460000 5C4225714 7 -61 
1721810173915 1721810173933 18 329330.060000 3463472.730000 3.098178 18.440000 5C4225714 7 -61 
1721810173976 1721810173998 22 329329.330000 3463472.770000 3.098178 18.380000 5C4225714 7 -61 
1721810174031 1721810174048 17 329328.230000 3463472.810000 3.114322 18.340000 5C4225714 7 -61 
1721810174087 1721810174107 20 329327.120000 3463472.850000 3.114322 18.260000 5C4225714 7 -61 
1721810174142 1721810174161 19 329326.210000 3463472.870000 3.114322 18.220000 5C4225714 7 -61 
1721810174198 1721810174215 17 329326.210000 3463472.870000 3.114322 18.200000 5C4225714 7 -61 
1721810174253 1721810174276 23 329324.940000 3463472.920000 3.126321 18.160000 5C4225714 7 -61 
1721810174308 1721810174324 16 329324.020000 3463472.930000 3.126321 18.120000 5C4225714 7 -61 
1721810174363 1721810174383 20 329322.930000 3463472.950000 3.126321 18.080000 5C4225714 7 -61 
1721810174418 1721810174437 19 329322.020000 3463472.960000 3.126321 18.040000 5C4225714 7 -61 
1721810174474 1721810174498 24 329320.030000 3463472.980000 -3.141374 17.940000 5C4225714 7 -61 
1721810174529 1721810174547 18 329319.140000 3463472.990000 -3.141374 17.900000 5C4225714 7 -61 
1721810174584 1721810174601 17 329318.240000 3463472.990000 -3.141374 17.920000 5C4225714 7 -61 
1721810174640 1721810174660 20 329317.530000 3463472.980000 -3.130466 17.820000 5C4225714 7 -61 
1721810174695 1721810174713 18 329316.270000 3463472.980000 -3.130466 17.800000 5C4225714 7 -61 
1721810174751 1721810174767 16 329315.380000 3463472.970000 -3.130466 17.700000 5C4225714 7 -61 
1721810174806 1721810174821 15 329314.490000 3463472.950000 -3.130466 17.700000 5C4225714 7 -61 
1721810174862 1721810174880 18 329313.590000 3463472.930000 -3.116067 17.680000 5C4225714 7 -61 
1721810174917 1721810174934 17 329312.720000 3463472.910000 -3.116067 17.640000 5C4225714 7 -61 
1721810174972 1721810174993 21 329311.830000 3463472.900000 -3.116067 17.620000 5C4225714 7 -61 
1721810175028 1721810175047 19 329309.900000 3463472.840000 -3.102759 17.500000 5C4225714 7 -61 
1721810175083 1721810175101 18 329309.020000 3463472.800000 -3.102759 17.420000 5C4225714 7 -61 
1721810175138 1721810175156 18 329308.150000 3463472.770000 -3.102759 17.420000 5C4225714 7 -61 
1721810175193 1721810175211 18 329307.280000 3463472.730000 -3.087487 17.400000 5C4225714 7 -61 
1721810175248 1721810175265 17 329306.570000 3463472.690000 -3.087487 17.360000 5C4225714 7 -61 
1721810175304 1721810175324 20 329305.360000 3463472.620000 -3.087487 17.320000 5C4225714 7 -61 
1721810175359 1721810175378 19 329305.020000 3463472.610000 -3.087487 17.280000 5C4225714 7 -61 
1721810175415 1721810175432 17 329304.150000 3463472.560000 -3.087487 17.240000 5C4225714 7 -61 
1721810175470 1721810175485 15 329303.110000 3463472.490000 -3.072652 17.180000 5C4225714 7 -61 
1721810175525 1721810175544 19 329302.260000 3463472.430000 -3.072652 17.100000 5C4225714 7 -61 
1721810175581 1721810175598 17 329300.560000 3463472.290000 -3.072652 17.040000 5C4225714 7 -61 
1721810175636 1721810175657 21 329300.040000 3463472.240000 -3.056072 17.020000 5C4225714 7 -61 
1721810175692 1721810175709 17 329298.850000 3463472.130000 -3.056072 16.980000 5C4225714 7 -61 
1721810175747 1721810175768 21 329298.000000 3463472.060000 -3.056072 16.940000 5C4225714 7 -61 
1721810175803 1721810175820 17 329296.990000 3463471.950000 -3.036000 16.920000 5C4225714 7 -61 
1721810175858 1721810175874 16 329296.150000 3463471.850000 -3.036000 16.880000 5C4225714 7 -61 
1721810175913 1721810175933 20 329295.470000 3463471.780000 -3.036000 16.840000 5C4225714 7 -61 
1721810175969 1721810175986 17 329294.470000 3463471.660000 -3.036000 16.740000 5C4225714 7 -61 
1721810176024 1721810176040 16 329293.810000 3463471.580000 -3.036000 16.740000 5C4225714 7 -61 
1721810176079 1721810176100 21 329292.640000 3463471.430000 -3.018111 16.660000 5C4225714 7 -61 
1721810176139 1721810176159 20 329290.990000 3463471.210000 -3.018111 16.580000 5C4225714 7 -61 
1721810176199 1721810176225 26 329290.170000 3463471.090000 -2.998912 16.560000 5C4225714 7 -61 
1721810176255 1721810176274 19 329289.350000 3463470.970000 -2.998912 16.520000 5C4225714 7 -61 
1721810176310 1721810176328 18 329289.010000 3463470.920000 -2.998912 16.500000 5C4225714 7 -61 
1721810176366 1721810176382 16 329288.040000 3463470.770000 -2.998912 16.460000 5C4225714 7 -61 
1721810176421 1721810176441 20 329287.390000 3463470.650000 -2.998912 16.420000 5C4225714 7 -61 
1721810176476 1721810176495 19 329286.410000 3463470.490000 -2.981022 16.360000 5C4225714 7 -61 
1721810176531 1721810176559 28 329285.610000 3463470.360000 -2.981022 16.340000 5C4225714 7 -61 
1721810176587 1721810176605 18 329284.640000 3463470.190000 -2.981022 16.260000 5C4225714 7 -61 
1721810176642 1721810176658 16 329283.190000 3463469.920000 -2.964005 16.200000 5C4225714 7 -61 
1721810176698 1721810176716 18 329282.070000 3463469.710000 -2.964005 16.160000 5C4225714 7 -61 
1721810176757 1721810176777 20 329281.760000 3463469.650000 -2.964005 16.140000 5C4225714 7 -61 
1721810176841 1721810176857 16 329280.500000 3463469.390000 -2.946552 16.060000 5C4225714 7 -61 
1721810176895 1721810176913 18 329279.070000 3463469.090000 -2.946552 15.980000 5C4225714 7 -61 
1721810176990 1721810177011 21 329278.140000 3463468.890000 -2.946552 15.920000 5C4225714 7 -61 
1721810177092 1721810177125 33 329276.430000 3463468.500000 -2.924954 15.780000 5C4225714 7 -61 
1721810177183 1721810177205 22 329274.890000 3463468.150000 -2.924954 15.640000 5C4225714 7 -61 
1721810177286 1721810177302 16 329273.670000 3463467.870000 -2.908591 15.460000 5C4225714 7 -61 
1721810177345 1721810177365 20 329272.610000 3463467.610000 -2.908591 15.380000 5C4225714 7 -61 
1721810177437 1721810177457 20 329271.430000 3463467.320000 -2.902046 15.220000 5C4225714 7 -61 
1721810177514 1721810177531 17 329269.940000 3463466.960000 -2.902046 15.020000 5C4225714 7 -61 
1721810177611 1721810177637 26 329268.490000 3463466.590000 -2.890702 14.800000 5C4225714 7 -61 
1721810177687 1721810177707 20 329267.620000 3463466.360000 -2.890702 14.740000 5C4225714 7 -61 
1721810177767 1721810177783 16 329266.340000 3463466.030000 -2.890702 14.500000 5C4225714 7 -61 
1721810177841 1721810177857 16 329265.500000 3463465.810000 -2.880230 14.380000 5C4225714 7 -61 
1721810177918 1721810177937 19 329264.110000 3463465.430000 -2.880230 14.180000 5C4225714 7 -61 
1721810177995 1721810178013 18 329263.420000 3463465.250000 -2.880230 14.080000 5C4225714 7 -61 
1721810178068 1721810178088 20 329261.930000 3463464.830000 -2.869976 13.860000 5C4225714 7 -61 
