pub_time(ms) sub_time(ms) delay(ms) utmX(m) utmY(m) heading(rad) velocity(m/s) cellid(db) sinr(db) rsrp(db)
1721809961241 1721809961272 31 329231.340000 3463451.680000 0.617847 0.700000 5C4225714 22 -65 
1721809961297 1721809961320 23 329231.360000 3463451.710000 0.617847 0.820000 5C4225714 22 -65 
1721809961352 1721809961369 17 329231.410000 3463451.740000 0.617847 0.940000 5C4225714 22 -65 
1721809961407 1721809961423 16 329231.470000 3463451.770000 0.617847 1.060000 5C4225714 22 -65 
1721809961462 1721809961482 20 329231.520000 3463451.810000 0.618719 1.200000 5C4225714 22 -65 
1721809961517 1721809961543 26 329231.600000 3463451.870000 0.618719 1.380000 5C4225714 22 -65 
1721809961572 1721809961592 20 329231.670000 3463451.910000 0.618719 1.520000 5C4225714 22 -65 
1721809961627 1721809961647 20 329231.750000 3463451.960000 0.618719 1.700000 5C4225714 22 -65 
1721809961682 1721809961701 19 329231.900000 3463452.060000 0.614574 2.060000 5C4225714 22 -65 
1721809961737 1721809961755 18 329232.000000 3463452.130000 0.614574 2.260000 5C4225714 22 -65 
1721809961792 1721809961809 17 329232.060000 3463452.160000 0.614574 2.400000 5C4225714 22 -65 
1721809961847 1721809961863 16 329232.220000 3463452.260000 0.611302 2.600000 5C4225714 22 -65 
1721809961902 1721809961922 20 329232.350000 3463452.340000 0.611302 2.720000 5C4225714 22 -65 
1721809961957 1721809961976 19 329232.460000 3463452.410000 0.611302 2.940000 5C4225714 22 -65 
1721809962012 1721809962030 18 329232.590000 3463452.480000 0.611302 3.120000 5C4225714 22 -65 
1721809962072 1721809962095 23 329232.760000 3463452.590000 0.606938 3.260000 5C4225714 22 -65 
1721809962127 1721809962144 17 329232.910000 3463452.680000 0.606938 3.440000 5C4225714 22 -65 
1721809962182 1721809962198 16 329233.060000 3463452.780000 0.606938 3.600000 5C4225714 22 -65 
1721809962237 1721809962264 27 329233.160000 3463452.830000 0.606938 3.780000 5C4225714 22 -65 
1721809962292 1721809962308 16 329233.570000 3463453.080000 0.594939 4.120000 5C4225714 22 -65 
1721809962346 1721809962363 17 329233.640000 3463453.110000 0.594939 4.240000 5C4225714 22 -65 
1721809962401 1721809962418 17 329233.910000 3463453.260000 0.594939 4.440000 5C4225714 22 -65 
1721809962456 1721809962477 21 329234.180000 3463453.420000 0.580104 4.560000 5C4225714 22 -65 
1721809962511 1721809962531 20 329234.230000 3463453.460000 0.580104 4.740000 5C4225714 22 -65 
1721809962566 1721809962585 19 329234.230000 3463453.460000 0.580104 4.900000 5C4225714 22 -65 
1721809962621 1721809962639 18 329234.740000 3463453.740000 0.580104 5.080000 5C4225714 22 -65 
1721809962676 1721809962693 17 329235.000000 3463453.890000 0.562432 5.300000 5C4225714 22 -65 
1721809962731 1721809962752 21 329235.240000 3463454.010000 0.562432 5.440000 5C4225714 22 -65 
1721809962786 1721809962807 21 329235.490000 3463454.130000 0.562432 5.620000 5C4225714 22 -65 
1721809962841 1721809962861 20 329235.790000 3463454.280000 0.543888 5.740000 5C4225714 22 -65 
1721809962897 1721809962915 18 329236.320000 3463454.550000 0.543888 6.040000 5C4225714 22 -65 
1721809962952 1721809962969 17 329236.600000 3463454.690000 0.543888 6.200000 5C4225714 22 -65 
1721809963007 1721809963024 17 329236.890000 3463454.820000 0.519672 6.320000 5C4225714 22 -65 
1721809963062 1721809963077 15 329237.230000 3463454.990000 0.519672 6.580000 5C4225714 22 -65 
1721809963116 1721809963136 20 329237.410000 3463455.080000 0.519672 6.700000 5C4225714 22 -65 
1721809963175 1721809963195 20 329237.720000 3463455.220000 0.519672 7.040000 5C4225714 22 -65 
1721809963230 1721809963249 19 329238.100000 3463455.390000 0.491965 7.100000 5C4225714 22 -65 
1721809963285 1721809963304 19 329238.420000 3463455.540000 0.491965 7.260000 5C4225714 22 -65 
1721809963340 1721809963358 18 329238.820000 3463455.710000 0.491965 7.400000 5C4225714 22 -65 
1721809963395 1721809963412 17 329239.170000 3463455.860000 0.491965 7.620000 5C4225714 22 -65 
1721809963450 1721809963466 16 329239.520000 3463456.010000 0.464694 7.880000 5C4225714 22 -65 
1721809963505 1721809963520 15 329240.110000 3463456.240000 0.464694 8.080000 5C4225714 22 -65 
1721809963560 1721809963579 19 329240.560000 3463456.420000 0.464694 8.300000 5C4225714 22 -65 
1721809963615 1721809963634 19 329240.870000 3463456.540000 0.464694 8.500000 5C4225714 22 -65 
1721809963670 1721809963695 25 329241.340000 3463456.730000 0.435023 8.720000 5C4225714 22 -65 
1721809963725 1721809963744 19 329241.740000 3463456.880000 0.435023 8.780000 5C4225714 22 -65 
1721809963780 1721809963801 21 329242.070000 3463457.000000 0.435023 8.980000 5C4225714 22 -65 
1721809963835 1721809963857 22 329242.490000 3463457.160000 0.435023 9.160000 5C4225714 22 -65 
1721809963890 1721809963907 17 329243.090000 3463457.380000 0.407098 9.360000 5C4225714 22 -65 
1721809963945 1721809963963 18 329243.440000 3463457.500000 0.407098 9.520000 5C4225714 22 -65 
1721809964000 1721809964025 25 329243.700000 3463457.590000 0.407098 9.780000 5C4225714 22 -65 
1721809964055 1721809964075 20 329244.800000 3463457.970000 0.382663 10.040000 5C4225714 22 -65 
1721809964110 1721809964131 21 329244.800000 3463457.970000 0.382663 10.040000 5C4225714 22 -65 
1721809964165 1721809964181 16 329245.850000 3463458.320000 0.382663 10.200000 5C4225714 22 -65 
1721809964235 1721809964256 21 329246.430000 3463458.520000 0.362374 10.400000 5C4225714 22 -65 
1721809964289 1721809964309 20 329246.830000 3463458.650000 0.362374 10.560000 5C4225714 22 -65 
1721809964345 1721809964367 22 329247.140000 3463458.750000 0.362374 10.880000 5C4225714 22 -65 
1721809964400 1721809964418 18 329247.950000 3463459.010000 0.362374 11.000000 5C4225714 22 -65 
1721809964455 1721809964474 19 329248.580000 3463459.210000 0.343175 11.140000 5C4225714 22 -65 
1721809964510 1721809964530 20 329249.120000 3463459.390000 0.343175 11.240000 5C4225714 22 -65 
1721809964565 1721809964581 16 329249.440000 3463459.500000 0.343175 11.460000 5C4225714 22 -65 
1721809964620 1721809964645 25 329250.420000 3463459.810000 0.337067 11.780000 5C4225714 22 -65 
1721809964675 1721809964693 18 329251.220000 3463460.070000 0.337067 11.940000 5C4225714 22 -65 
1721809964730 1721809964750 20 329251.780000 3463460.230000 0.337067 12.080000 5C4225714 22 -65 
1721809964785 1721809964807 22 329252.360000 3463460.410000 0.337067 12.280000 5C4225714 22 -65 
1721809964841 1721809964857 16 329253.070000 3463460.630000 0.323977 12.460000 5C4225714 22 -65 
1721809964896 1721809964913 17 329253.550000 3463460.780000 0.323977 12.700000 5C4225714 22 -65 
1721809964951 1721809964969 18 329254.030000 3463460.930000 0.323977 12.780000 5C4225714 22 -65 
1721809965005 1721809965025 20 329254.640000 3463461.110000 0.323977 13.000000 5C4225714 22 -65 
1721809965060 1721809965081 21 329255.140000 3463461.250000 0.316777 13.120000 5C4225714 22 -65 
1721809965115 1721809965137 22 329255.900000 3463461.480000 0.316777 13.260000 5C4225714 22 -65 
1721809965171 1721809965189 18 329256.660000 3463461.700000 0.316777 13.520000 5C4225714 22 -65 
1721809965226 1721809965250 24 329257.300000 3463461.880000 0.316777 13.640000 5C4225714 22 -65 
1721809965281 1721809965301 20 329258.760000 3463462.300000 0.305214 13.880000 5C4225714 22 -65 
1721809965340 1721809965357 17 329259.160000 3463462.410000 0.305214 13.980000 5C4225714 22 -65 
1721809965396 1721809965413 17 329259.830000 3463462.600000 0.305214 14.140000 5C4225714 22 -65 
1721809965451 1721809965468 17 329260.780000 3463462.860000 0.296488 14.340000 5C4225714 22 -65 
1721809965506 1721809965526 20 329261.620000 3463463.090000 0.296488 14.380000 5C4225714 22 -65 
1721809965561 1721809965584 23 329262.310000 3463463.280000 0.296488 14.520000 5C4225714 22 -65 
1721809965616 1721809965633 17 329262.740000 3463463.390000 0.296488 14.680000 5C4225714 22 -65 
1721809965671 1721809965690 19 329263.440000 3463463.580000 0.286888 14.780000 5C4225714 22 -65 
1721809965726 1721809965746 20 329264.290000 3463463.810000 0.286888 14.940000 5C4225714 22 -65 
1721809965781 1721809965809 28 329265.020000 3463464.000000 0.286888 15.020000 5C4225714 22 -65 
1721809965836 1721809965854 18 329266.480000 3463464.370000 0.277507 15.240000 5C4225714 22 -65 
1721809965891 1721809965917 26 329267.220000 3463464.570000 0.277507 15.360000 5C4225714 22 -65 
1721809965947 1721809965962 15 329267.970000 3463464.760000 0.277507 15.460000 5C4225714 22 -65 
1721809966001 1721809966019 18 329268.710000 3463464.950000 0.277507 15.640000 5C4225714 22 -65 
1721809966061 1721809966081 20 329269.480000 3463465.140000 0.268999 15.660000 5C4225714 22 -65 
1721809966120 1721809966137 17 329270.380000 3463465.360000 0.268999 15.780000 5C4225714 22 -65 
1721809966175 1721809966200 25 329271.310000 3463465.580000 0.268999 15.860000 5C4225714 22 -65 
1721809966230 1721809966251 21 329271.780000 3463465.700000 0.268999 15.980000 5C4225714 22 -65 
1721809966285 1721809966307 22 329272.550000 3463465.870000 0.257872 16.060000 5C4225714 22 -65 
1721809966341 1721809966364 23 329274.280000 3463466.280000 0.257872 16.240000 5C4225714 22 -65 
1721809966400 1721809966421 21 329274.920000 3463466.420000 0.257872 16.360000 5C4225714 22 -65 
1721809966455 1721809966477 22 329275.880000 3463466.640000 0.246964 16.420000 5C4225714 22 -65 
1721809966510 1721809966527 17 329276.680000 3463466.810000 0.246964 16.520000 5C4225714 22 -65 
1721809966565 1721809966583 18 329277.490000 3463466.990000 0.246964 16.640000 5C4225714 22 -65 
1721809966620 1721809966639 19 329278.310000 3463467.150000 0.246964 16.740000 5C4225714 22 -65 
1721809966675 1721809966694 19 329279.450000 3463467.400000 0.235183 16.800000 5C4225714 22 -65 
1721809966730 1721809966750 20 329280.110000 3463467.530000 0.235183 16.900000 5C4225714 22 -65 
1721809966785 1721809966806 21 329280.610000 3463467.630000 0.235183 17.000000 5C4225714 22 -65 
1721809966840 1721809966856 16 329281.440000 3463467.790000 0.235183 17.020000 5C4225714 22 -65 
1721809966895 1721809966912 17 329282.440000 3463467.980000 0.217948 17.180000 5C4225714 22 -65 
1721809966950 1721809966975 25 329284.310000 3463468.330000 0.217948 17.320000 5C4225714 22 -65 
1721809967006 1721809967026 20 329284.990000 3463468.440000 0.217948 17.440000 5C4225714 22 -65 
1721809967061 1721809967076 15 329286.020000 3463468.640000 0.201804 17.460000 5C4225714 22 -65 
1721809967116 1721809967132 16 329286.880000 3463468.780000 0.201804 17.540000 5C4225714 22 -65 
1721809967171 1721809967189 18 329287.930000 3463468.950000 0.201804 17.600000 5C4225714 22 -65 
1721809967226 1721809967252 26 329288.790000 3463469.090000 0.185441 17.700000 5C4225714 22 -65 
1721809967281 1721809967303 22 329289.490000 3463469.200000 0.185441 17.720000 5C4225714 22 -65 
1721809967336 1721809967360 24 329289.670000 3463469.230000 0.185441 17.760000 5C4225714 22 -65 
1721809967391 1721809967411 20 329291.780000 3463469.530000 0.185441 17.820000 5C4225714 22 -65 
1721809967446 1721809967467 21 329293.020000 3463469.710000 0.164279 17.920000 5C4225714 22 -65 
1721809967501 1721809967523 22 329294.090000 3463469.850000 0.164279 17.940000 5C4225714 22 -65 
1721809967556 1721809967577 21 329294.810000 3463469.930000 0.164279 17.940000 5C4225714 22 -65 
1721809967612 1721809967640 28 329295.880000 3463470.060000 0.144644 17.940000 5C4225714 22 -65 
1721809967667 1721809967685 18 329296.590000 3463470.150000 0.144644 17.920000 5C4225714 22 -65 
1721809967722 1721809967741 19 329297.670000 3463470.250000 0.144644 17.920000 5C4225714 22 -65 
1721809967777 1721809967796 19 329298.570000 3463470.350000 0.144644 17.920000 5C4225714 22 -65 
1721809967832 1721809967855 23 329299.450000 3463470.420000 0.121300 17.900000 5C4225714 22 -65 
1721809967887 1721809967904 17 329300.170000 3463470.500000 0.121300 17.880000 5C4225714 22 -65 
1721809967942 1721809967958 16 329301.060000 3463470.580000 0.121300 17.900000 5C4225714 22 -65 
1721809967997 1721809968013 16 329302.850000 3463470.700000 0.098393 17.860000 5C4225714 22 -65 
1721809968053 1721809968079 26 329303.560000 3463470.750000 0.098393 17.860000 5C4225714 22 -65 
1721809968108 1721809968124 16 329304.990000 3463470.830000 0.098393 17.820000 5C4225714 22 -65 
1721809968163 1721809968183 20 329305.880000 3463470.870000 0.098393 17.820000 5C4225714 22 -65 
1721809968218 1721809968237 19 329306.770000 3463470.900000 0.071340 17.760000 5C4225714 22 -65 
1721809968274 1721809968298 24 329307.480000 3463470.930000 0.071340 17.760000 5C4225714 22 -65 
1721809968329 1721809968348 19 329308.190000 3463470.950000 0.071340 17.640000 5C4225714 22 -65 
1721809968384 1721809968402 18 329308.720000 3463470.960000 0.071340 17.620000 5C4225714 22 -65 
1721809968439 1721809968457 18 329310.140000 3463470.980000 0.043197 17.580000 5C4225714 22 -65 
1721809968494 1721809968511 17 329310.670000 3463470.990000 0.043197 17.600000 5C4225714 22 -65 
1721809968549 1721809968571 22 329311.900000 3463470.990000 0.043197 17.620000 5C4225714 22 -65 
1721809968607 1721809968626 19 329313.830000 3463470.970000 0.013308 17.600000 5C4225714 22 -65 
1721809968662 1721809968679 17 329314.710000 3463470.950000 0.013308 17.520000 5C4225714 22 -65 
1721809968717 1721809968742 25 329315.590000 3463470.920000 0.013308 17.480000 5C4225714 22 -65 
1721809968772 1721809968799 27 329316.470000 3463470.880000 0.013308 17.480000 5C4225714 22 -65 
1721809968828 1721809968844 16 329317.510000 3463470.830000 -0.015053 17.440000 5C4225714 22 -65 
1721809968883 1721809968906 23 329318.220000 3463470.800000 -0.015053 17.440000 5C4225714 22 -65 
1721809968937 1721809968956 19 329318.910000 3463470.760000 -0.015053 17.420000 5C4225714 22 -65 
1721809968992 1721809969012 20 329319.610000 3463470.720000 -0.015053 17.420000 5C4225714 22 -65 
1721809969047 1721809969067 20 329320.650000 3463470.630000 -0.044942 17.400000 5C4225714 22 -65 
1721809969102 1721809969117 15 329321.520000 3463470.580000 -0.044942 17.420000 5C4225714 22 -65 
1721809969157 1721809969173 16 329322.390000 3463470.500000 -0.044942 17.440000 5C4225714 22 -65 
1721809969212 1721809969229 17 329324.130000 3463470.330000 -0.067632 17.480000 5C4225714 22 -65 
1721809969267 1721809969285 18 329325.350000 3463470.210000 -0.067632 17.480000 5C4225714 22 -65 
1721809969322 1721809969341 19 329326.220000 3463470.120000 -0.067632 17.500000 5C4225714 22 -65 
1721809969376 1721809969403 27 329327.090000 3463470.020000 -0.067632 17.500000 5C4225714 22 -65 
1721809969431 1721809969455 24 329328.140000 3463469.890000 -0.090321 17.520000 5C4225714 22 -65 
1721809969486 1721809969506 20 329328.840000 3463469.810000 -0.090321 17.520000 5C4225714 22 -65 
1721809969542 1721809969558 16 329329.880000 3463469.680000 -0.090321 17.540000 5C4225714 22 -65 
1721809969597 1721809969615 18 329330.400000 3463469.600000 -0.090321 17.600000 5C4225714 22 -65 
1721809969656 1721809969678 22 329331.270000 3463469.490000 -0.110174 17.620000 5C4225714 22 -65 
1721809969711 1721809969736 25 329331.800000 3463469.420000 -0.110174 17.660000 5C4225714 22 -65 
1721809969766 1721809969787 21 329334.080000 3463469.090000 -0.110174 17.760000 5C4225714 22 -65 
1721809969821 1721809969841 20 329334.950000 3463468.950000 -0.128064 17.800000 5C4225714 22 -65 
1721809969877 1721809969895 18 329335.670000 3463468.850000 -0.128064 17.860000 5C4225714 22 -65 
1721809969932 1721809969949 17 329336.370000 3463468.740000 -0.128064 17.940000 5C4225714 22 -65 
1721809969987 1721809970017 30 329337.780000 3463468.500000 -0.128064 17.980000 5C4225714 22 -65 
1721809970042 1721809970061 19 329338.320000 3463468.420000 -0.140935 18.060000 5C4225714 22 -65 
1721809970097 1721809970115 18 329339.570000 3463468.220000 -0.140935 18.080000 5C4225714 22 -65 
1721809970152 1721809970170 18 329340.100000 3463468.120000 -0.140935 18.120000 5C4225714 22 -65 
1721809970208 1721809970223 15 329341.000000 3463467.980000 -0.140935 18.180000 5C4225714 22 -65 
1721809970263 1721809970282 19 329342.080000 3463467.780000 -0.155334 18.200000 5C4225714 22 -65 
1721809970318 1721809970337 19 329342.980000 3463467.620000 -0.155334 18.280000 5C4225714 22 -65 
1721809970373 1721809970391 18 329344.600000 3463467.330000 -0.155334 18.400000 5C4225714 22 -65 
1721809970428 1721809970447 19 329345.680000 3463467.120000 -0.165152 18.460000 5C4225714 22 -65 
1721809970483 1721809970503 20 329346.610000 3463466.950000 -0.165152 18.540000 5C4225714 22 -65 
1721809970538 1721809970555 17 329347.700000 3463466.750000 -0.165152 18.560000 5C4225714 22 -65 
1721809970593 1721809970610 17 329348.790000 3463466.530000 -0.176933 18.600000 5C4225714 22 -65 
1721809970649 1721809970667 18 329349.520000 3463466.400000 -0.176933 18.620000 5C4225714 22 -65 
1721809970708 1721809970728 20 329350.440000 3463466.210000 -0.176933 18.640000 5C4225714 22 -65 
1721809970766 1721809970786 20 329351.540000 3463466.000000 -0.176933 18.620000 5C4225714 22 -65 
1721809970821 1721809970842 21 329352.090000 3463465.880000 -0.176933 18.700000 5C4225714 22 -60 
1721809970877 1721809970898 21 329353.940000 3463465.510000 -0.180642 18.760000 5C4225714 9 -60 
1721809970932 1721809970948 16 329355.040000 3463465.290000 -0.180642 18.780000 5C4225714 9 -60 
1721809970987 1721809971004 17 329355.590000 3463465.180000 -0.180642 18.800000 5C4225714 9 -60 
1721809971042 1721809971310 268 329356.890000 3463464.910000 -0.188277 18.800000 5C4225714 9 -60 
1721809971097 1721809971310 213 329357.820000 3463464.720000 -0.188277 18.840000 5C4225714 9 -60 
1721809971156 1721809971310 154 329358.560000 3463464.560000 -0.188277 18.880000 5C4225714 9 -60 
1721809971216 1721809971310 94 329359.850000 3463464.300000 -0.191550 18.900000 5C4225714 9 -60 
1721809971271 1721809971329 58 329360.600000 3463464.140000 -0.191550 18.920000 5C4225714 9 -60 
1721809971326 1721809971349 23 329361.710000 3463463.900000 -0.191550 18.940000 5C4225714 9 -60 
1721809971381 1721809971409 28 329363.010000 3463463.630000 -0.191550 18.980000 5C4225714 9 -60 
1721809971436 1721809971453 17 329364.130000 3463463.390000 -0.195913 18.980000 5C4225714 9 -60 
1721809971491 1721809971509 18 329365.060000 3463463.190000 -0.195913 18.980000 5C4225714 9 -60 
1721809971546 1721809971565 19 329365.990000 3463462.990000 -0.195913 18.980000 5C4225714 9 -60 
1721809971601 1721809971622 21 329367.110000 3463462.750000 -0.195913 19.020000 5C4225714 9 -60 
1721809971656 1721809971673 17 329367.300000 3463462.700000 -0.201367 19.020000 5C4225714 9 -60 
1721809971711 1721809971729 18 329369.160000 3463462.310000 -0.201367 19.020000 5C4225714 9 -60 
1721809971767 1721809971793 26 329370.090000 3463462.090000 -0.201367 19.020000 5C4225714 9 -60 
1721809971822 1721809971838 16 329371.020000 3463461.890000 -0.203767 19.020000 5C4225714 9 -60 
1721809971877 1721809971893 16 329371.770000 3463461.730000 -0.203767 19.020000 5C4225714 9 -60 
1721809971936 1721809971957 21 329374.010000 3463461.220000 -0.203767 19.020000 5C4225714 9 -60 
1721809971991 1721809972011 20 329374.570000 3463461.100000 -0.203767 19.000000 5C4225714 9 -60 
1721809972046 1721809972066 20 329375.500000 3463460.890000 -0.206603 19.020000 5C4225714 9 -60 
1721809972101 1721809972126 25 329376.060000 3463460.760000 -0.206603 18.980000 5C4225714 9 -60 
1721809972156 1721809972176 20 329377.360000 3463460.480000 -0.206603 18.980000 5C4225714 9 -60 
1721809972212 1721809972230 18 329378.280000 3463460.260000 -0.206603 18.960000 5C4225714 9 -60 
1721809972267 1721809972285 18 329379.020000 3463460.090000 -0.208785 18.960000 5C4225714 9 -60 
1721809972322 1721809972339 17 329380.140000 3463459.840000 -0.208785 18.940000 5C4225714 9 -60 
1721809972377 1721809972399 22 329381.250000 3463459.590000 -0.208785 18.940000 5C4225714 9 -60 
1721809972432 1721809972454 22 329382.360000 3463459.340000 -0.208131 18.940000 5C4225714 9 -60 
1721809972487 1721809972516 29 329383.290000 3463459.140000 -0.208131 18.940000 5C4225714 9 -60 
1721809972542 1721809972560 18 329385.140000 3463458.720000 -0.208131 18.920000 5C4225714 9 -60 
1721809972597 1721809972614 17 329386.070000 3463458.520000 -0.208785 18.900000 5C4225714 9 -60 
1721809972652 1721809972672 20 329386.990000 3463458.310000 -0.208785 18.880000 5C4225714 9 -60 
1721809972708 1721809972726 18 329388.100000 3463458.070000 -0.208785 18.880000 5C4225714 9 -60 
1721809972763 1721809972780 17 329389.020000 3463457.860000 -0.208785 18.860000 5C4225714 9 -60 
1721809972818 1721809972834 16 329389.390000 3463457.770000 -0.208785 18.880000 5C4225714 9 -60 
1721809972873 1721809972889 16 329390.320000 3463457.580000 -0.207476 18.880000 5C4225714 9 -60 
1721809972929 1721809972948 19 329391.430000 3463457.330000 -0.207476 18.880000 5C4225714 9 -60 
1721809972988 1721809973008 20 329392.530000 3463457.080000 -0.207476 18.860000 5C4225714 9 -60 
1721809973043 1721809973063 20 329392.900000 3463457.010000 -0.207476 18.860000 5C4225714 9 -60 
1721809973098 1721809973114 16 329394.930000 3463456.550000 -0.205731 18.840000 5C4225714 9 -60 
1721809973153 1721809973169 16 329396.040000 3463456.310000 -0.205731 18.820000 5C4225714 9 -60 
1721809973208 1721809973228 20 329396.780000 3463456.160000 -0.205731 18.820000 5C4225714 9 -60 
1721809973263 1721809973282 19 329398.070000 3463455.870000 -0.204640 18.860000 5C4225714 9 -60 
1721809973318 1721809973344 26 329398.810000 3463455.710000 -0.204640 18.840000 5C4225714 9 -60 
1721809973373 1721809973393 20 329399.730000 3463455.510000 -0.204640 18.840000 5C4225714 9 -60 
1721809973428 1721809973447 19 329400.660000 3463455.310000 -0.201149 18.820000 5C4225714 9 -60 
1721809973483 1721809973501 18 329401.580000 3463455.110000 -0.201149 18.820000 5C4225714 9 -60 
1721809973538 1721809973555 17 329402.320000 3463454.950000 -0.201149 18.800000 5C4225714 9 -60 
1721809973593 1721809973614 21 329403.610000 3463454.670000 -0.201149 18.820000 5C4225714 9 -60 
1721809973649 1721809973666 17 329404.530000 3463454.470000 -0.200058 18.820000 5C4225714 9 -60 
1721809973704 1721809973721 17 329406.560000 3463454.040000 -0.200058 18.800000 5C4225714 9 -60 
1721809973759 1721809973780 21 329407.480000 3463453.830000 -0.200058 18.800000 5C4225714 9 -60 
1721809973814 1721809973835 21 329408.230000 3463453.680000 -0.198531 18.800000 5C4225714 9 -60 
1721809973869 1721809973892 23 329409.340000 3463453.450000 -0.198531 18.780000 5C4225714 9 -60 
1721809973924 1721809973941 17 329410.440000 3463453.210000 -0.198531 18.800000 5C4225714 9 -60 
1721809973980 1721809973995 15 329411.360000 3463453.020000 -0.198531 18.800000 5C4225714 9 -60 
1721809974035 1721809974054 19 329412.100000 3463452.860000 -0.196786 18.800000 5C4225714 9 -60 
1721809974094 1721809974114 20 329413.210000 3463452.620000 -0.196786 18.800000 5C4225714 9 -60 
1721809974149 1721809974168 19 329414.310000 3463452.390000 -0.196786 18.820000 5C4225714 9 -60 
1721809974204 1721809974222 18 329414.680000 3463452.310000 -0.196786 18.800000 5C4225714 9 -60 
1721809974259 1721809974282 23 329415.600000 3463452.110000 -0.195477 18.800000 5C4225714 9 -60 
1721809974313 1721809974331 18 329417.630000 3463451.680000 -0.195477 18.800000 5C4225714 9 -60 
1721809974368 1721809974385 17 329418.550000 3463451.490000 -0.195477 18.740000 5C4225714 9 -60 
1721809974424 1721809974445 21 329419.290000 3463451.330000 -0.197004 18.780000 5C4225714 9 -60 
1721809974483 1721809974504 21 329420.580000 3463451.070000 -0.197004 18.760000 5C4225714 9 -60 
1721809974538 1721809974562 24 329421.310000 3463450.910000 -0.197004 18.760000 5C4225714 9 -60 
1721809974593 1721809974612 19 329422.420000 3463450.670000 -0.197004 18.780000 5C4225714 9 -60 
1721809974648 1721809974667 19 329423.340000 3463450.480000 -0.196131 18.780000 5C4225714 9 -60 
1721809974703 1721809974723 20 329424.080000 3463450.320000 -0.196131 18.780000 5C4225714 9 -60 
1721809974757 1721809974773 16 329425.370000 3463450.060000 -0.196131 18.760000 5C4225714 9 -60 
1721809974812 1721809974830 18 329426.280000 3463449.860000 -0.196131 18.780000 5C4225714 9 -60 
1721809974868 1721809974886 18 329427.760000 3463449.560000 -0.195477 18.720000 5C4225714 9 -60 
1721809974923 1721809974942 19 329428.670000 3463449.350000 -0.195477 18.720000 5C4225714 9 -60 
1721809974977 1721809974998 21 329429.410000 3463449.200000 -0.195477 18.720000 5C4225714 9 -60 
1721809975033 1721809975051 18 329430.700000 3463448.930000 -0.195477 18.720000 5C4225714 9 -60 
1721809975088 1721809975107 19 329431.630000 3463448.740000 -0.195477 18.720000 5C4225714 9 -60 
1721809975147 1721809975163 16 329431.990000 3463448.650000 -0.195477 18.720000 5C4225714 9 -60 
1721809975201 1721809975218 17 329433.460000 3463448.340000 -0.195477 18.740000 5C4225714 9 -60 
1721809975257 1721809975275 18 329434.570000 3463448.110000 -0.197004 18.740000 5C4225714 9 -60 
1721809975312 1721809975331 19 329435.480000 3463447.920000 -0.197004 18.740000 5C4225714 9 -60 
1721809975367 1721809975384 17 329436.400000 3463447.730000 -0.197004 18.740000 5C4225714 9 -60 
1721809975422 1721809975444 22 329438.050000 3463447.380000 -0.194386 18.720000 5C4225714 9 -60 
1721809975477 1721809975496 19 329439.150000 3463447.150000 -0.194386 18.680000 5C4225714 9 -60 
1721809975533 1721809975552 19 329439.150000 3463447.150000 -0.194386 18.680000 5C4225714 9 -60 
1721809975588 1721809975615 27 329440.620000 3463446.840000 -0.194386 18.660000 5C4225714 9 -60 
1721809975643 1721809975662 19 329441.720000 3463446.610000 -0.195477 18.660000 5C4225714 9 -60 
1721809975697 1721809975718 21 329442.270000 3463446.500000 -0.195477 18.680000 5C4225714 9 -60 
1721809975752 1721809975772 20 329443.550000 3463446.230000 -0.195477 18.680000 5C4225714 9 -60 
1721809975808 1721809975826 18 329444.660000 3463446.000000 -0.195477 18.700000 5C4225714 9 -60 
1721809975863 1721809975880 17 329445.210000 3463445.890000 -0.193077 18.680000 5C4225714 9 -60 
1721809975918 1721809975939 21 329446.500000 3463445.620000 -0.193077 18.680000 5C4225714 9 -60 
1721809975973 1721809975993 20 329448.320000 3463445.240000 -0.193077 18.640000 5C4225714 9 -60 
1721809976028 1721809976047 19 329449.420000 3463445.010000 -0.192641 18.620000 5C4225714 9 -60 
1721809976084 1721809976101 17 329450.340000 3463444.820000 -0.192641 18.620000 5C4225714 9 -60 
1721809976139 1721809976156 17 329451.250000 3463444.630000 -0.192641 18.620000 5C4225714 9 -60 
1721809976199 1721809976218 19 329451.800000 3463444.520000 -0.192641 18.620000 5C4225714 9 -60 
1721809976259 1721809976285 26 329452.710000 3463444.330000 -0.193732 18.660000 5C4225714 9 -60 
1721809976313 1721809976329 16 329453.630000 3463444.130000 -0.193732 18.620000 5C4225714 9 -60 
1721809976370 1721809976389 19 329454.540000 3463443.940000 -0.193732 18.640000 5C4225714 9 -60 
1721809976438 1721809976456 18 329456.560000 3463443.530000 -0.193950 18.620000 5C4225714 9 -60 
1721809976493 1721809976512 19 329457.660000 3463443.300000 -0.193950 18.600000 5C4225714 9 -60 
1721809976548 1721809976564 16 329458.570000 3463443.110000 -0.193950 18.600000 5C4225714 9 -60 
1721809976604 1721809976620 16 329459.480000 3463442.920000 -0.191768 18.580000 5C4225714 9 -60 
1721809976659 1721809976675 16 329460.400000 3463442.730000 -0.191768 18.600000 5C4225714 9 -60 
1721809976713 1721809976732 19 329461.310000 3463442.550000 -0.191768 18.600000 5C4225714 9 -60 
1721809976768 1721809976788 20 329462.400000 3463442.320000 -0.191768 18.600000 5C4225714 9 -60 
1721809976824 1721809976843 19 329462.940000 3463442.200000 -0.191768 18.600000 5C4225714 9 -60 
1721809976879 1721809976897 18 329464.220000 3463441.930000 -0.193732 18.580000 5C4225714 9 -60 
1721809976934 1721809976951 17 329465.310000 3463441.700000 -0.193732 18.560000 5C4225714 9 -60 
1721809976989 1721809977010 21 329466.230000 3463441.510000 -0.193732 18.580000 5C4225714 9 -60 
1721809977045 1721809977064 19 329467.510000 3463441.250000 -0.192423 18.560000 5C4225714 9 -60 
1721809977100 1721809977119 19 329468.600000 3463441.020000 -0.192423 18.560000 5C4225714 9 -60 
1721809977155 1721809977174 19 329469.510000 3463440.840000 -0.192423 18.560000 5C4225714 9 -60 
1721809977211 1721809977228 17 329470.420000 3463440.650000 -0.191550 18.560000 5C4225714 9 -60 
1721809977266 1721809977282 16 329471.330000 3463440.450000 -0.191550 18.540000 5C4225714 9 -60 
1721809977321 1721809977341 20 329472.240000 3463440.260000 -0.191550 18.540000 5C4225714 9 -60 
1721809977380 1721809977401 21 329473.330000 3463440.030000 -0.191550 18.560000 5C4225714 9 -60 
1721809977436 1721809977450 14 329474.240000 3463439.850000 -0.190895 18.560000 5C4225714 9 -60 
1721809977491 1721809977509 18 329475.890000 3463439.500000 -0.190895 18.540000 5C4225714 9 -60 
1721809977546 1721809977564 18 329476.620000 3463439.360000 -0.190895 18.560000 5C4225714 9 -60 
1721809977601 1721809977618 17 329477.700000 3463439.130000 -0.192423 18.560000 5C4225714 9 -60 
1721809977657 1721809977673 16 329478.070000 3463439.050000 -0.192423 18.560000 5C4225714 9 -60 
1721809977712 1721809977728 16 329478.980000 3463438.870000 -0.192423 18.560000 5C4225714 9 -60 
1721809977767 1721809977786 19 329480.430000 3463438.550000 -0.192423 18.520000 5C4225714 9 -60 
1721809977822 1721809977843 21 329481.340000 3463438.370000 -0.192423 18.560000 5C4225714 9 -60 
1721809977878 1721809977894 16 329482.070000 3463438.220000 -0.192423 18.520000 5C4225714 9 -60 
1721809977933 1721809977950 17 329482.980000 3463438.020000 -0.192423 18.520000 5C4225714 9 -60 
1721809977988 1721809978006 18 329483.890000 3463437.830000 -0.192423 18.500000 5C4225714 9 -60 
1721809978043 1721809978063 20 329484.980000 3463437.600000 -0.193732 18.500000 5C4225714 9 -60 
1721809978097 1721809978114 17 329486.980000 3463437.180000 -0.193732 18.520000 5C4225714 9 -60 
1721809978152 1721809978177 25 329488.070000 3463436.950000 -0.193732 18.540000 5C4225714 9 -60 
1721809978208 1721809978224 16 329488.970000 3463436.760000 -0.195259 18.540000 5C4225714 9 -60 
1721809978263 1721809978281 18 329489.890000 3463436.570000 -0.195259 18.520000 5C4225714 9 -60 
1721809978318 1721809978338 20 329490.790000 3463436.380000 -0.195259 18.520000 5C4225714 9 -60 
1721809978373 1721809978394 21 329491.340000 3463436.270000 -0.195259 18.540000 5C4225714 9 -60 
1721809978433 1721809978461 28 329492.250000 3463436.080000 -0.195477 18.520000 5C4225714 9 -60 
1721809978488 1721809978506 18 329493.160000 3463435.880000 -0.195477 18.520000 5C4225714 9 -60 
1721809978543 1721809978564 21 329494.070000 3463435.690000 -0.195477 18.500000 5C4225714 9 -60 
1721809978598 1721809978619 21 329495.150000 3463435.460000 -0.195477 18.520000 5C4225714 9 -60 
1721809978653 1721809978671 18 329496.790000 3463435.120000 -0.194386 18.520000 5C4225714 9 -60 
1721809978708 1721809978727 19 329498.060000 3463434.850000 -0.194386 18.500000 5C4225714 9 -60 
1721809978763 1721809978783 20 329498.970000 3463434.660000 -0.194386 18.520000 5C4225714 9 -60 
1721809978819 1721809978839 20 329499.880000 3463434.470000 -0.195477 18.480000 5C4225714 9 -60 
1721809978874 1721809978896 22 329500.790000 3463434.280000 -0.195477 18.480000 5C4225714 9 -60 
1721809978929 1721809978947 18 329501.690000 3463434.080000 -0.195477 18.500000 5C4225714 9 -60 
1721809978985 1721809979003 18 329502.780000 3463433.850000 -0.195477 18.480000 5C4225714 9 -60 
1721809979040 1721809979060 20 329503.680000 3463433.660000 -0.194168 18.500000 5C4225714 9 -60 
1721809979095 1721809979111 16 329504.410000 3463433.520000 -0.194168 18.500000 5C4225714 9 -60 
1721809979150 1721809979169 19 329505.140000 3463433.360000 -0.194168 18.500000 5C4225714 9 -60 
1721809979206 1721809979226 20 329506.950000 3463432.990000 -0.192641 18.460000 5C4225714 9 -60 
1721809979261 1721809979281 20 329508.050000 3463432.760000 -0.192641 18.480000 5C4225714 9 -60 
1721809979316 1721809979332 16 329508.770000 3463432.600000 -0.192641 18.460000 5C4225714 9 -60 
1721809979371 1721809979389 18 329509.850000 3463432.380000 -0.192641 18.480000 5C4225714 9 -60 
1721809979427 1721809979446 19 329510.400000 3463432.270000 -0.192641 18.480000 5C4225714 9 -60 
1721809979483 1721809979502 19 329511.850000 3463431.970000 -0.192641 18.500000 5C4225714 9 -60 
1721809979540 1721809979564 24 329512.570000 3463431.810000 -0.192641 18.460000 5C4225714 9 -60 
1721809979599 1721809979622 23 329513.660000 3463431.580000 -0.192641 18.500000 5C4225714 9 -60 
1721809979655 1721809979672 17 329514.570000 3463431.400000 -0.190895 18.480000 5C4225714 9 -60 
1721809979710 1721809979730 20 329515.480000 3463431.210000 -0.190895 18.500000 5C4225714 9 -60 
1721809979765 1721809979786 21 329517.470000 3463430.790000 -0.190895 18.460000 5C4225714 9 -60 
1721809979820 1721809979841 21 329518.380000 3463430.610000 -0.191550 18.460000 5C4225714 9 -60 
1721809979875 1721809979898 23 329518.560000 3463430.570000 -0.191550 18.440000 5C4225714 9 -60 
1721809979931 1721809979949 18 329519.640000 3463430.340000 -0.191550 18.460000 5C4225714 9 -60 
1721809979986 1721809980005 19 329520.730000 3463430.110000 -0.191550 18.440000 5C4225714 9 -60 
1721809980041 1721809980062 21 329521.640000 3463429.920000 -0.193950 18.460000 5C4225714 9 -60 
1721809980097 1721809980113 16 329522.190000 3463429.810000 -0.193950 18.400000 5C4225714 9 -60 
1721809980152 1721809980176 24 329523.630000 3463429.500000 -0.193950 18.460000 5C4225714 9 -60 
1721809980207 1721809980226 19 329524.530000 3463429.310000 -0.193950 18.440000 5C4225714 9 -60 
1721809980262 1721809980278 16 329525.430000 3463429.120000 -0.193295 18.460000 5C4225714 9 -60 
1721809980317 1721809980336 19 329526.340000 3463428.940000 -0.193295 18.460000 5C4225714 9 -60 
1721809980373 1721809980394 21 329528.160000 3463428.550000 -0.193295 18.440000 5C4225714 9 -60 
1721809980428 1721809980452 24 329529.250000 3463428.320000 -0.195041 18.460000 5C4225714 9 -60 
1721809980483 1721809980507 24 329529.970000 3463428.170000 -0.195041 18.440000 5C4225714 9 -60 
1721809980538 1721809980558 20 329531.230000 3463427.890000 -0.195041 18.420000 5C4225714 9 -60 
1721809980593 1721809980614 21 329531.590000 3463427.820000 -0.195041 18.460000 5C4225714 9 -60 
1721809980648 1721809980679 31 329532.860000 3463427.560000 -0.197004 18.440000 5C4225714 9 -60 
1721809980704 1721809980733 29 329533.940000 3463427.320000 -0.197004 18.440000 5C4225714 9 -60 
1721809980759 1721809980778 19 329534.480000 3463427.200000 -0.197004 18.420000 5C4225714 9 -60 
1721809980814 1721809980834 20 329535.390000 3463427.000000 -0.197004 18.420000 5C4225714 9 -60 
1721809980870 1721809980890 20 329536.290000 3463426.810000 -0.198531 18.420000 5C4225714 9 -60 
1721809980925 1721809980942 17 329537.910000 3463426.460000 -0.198531 18.380000 5C4225714 9 -60 
1721809980980 1721809980999 19 329539.170000 3463426.200000 -0.198531 18.360000 5C4225714 9 -60 
1721809981036 1721809981055 19 329540.070000 3463426.010000 -0.198968 18.380000 5C4225714 9 -60 
1721809981091 1721809981111 20 329541.160000 3463425.770000 -0.198968 18.380000 5C4225714 9 -60 
1721809981145 1721809981163 18 329542.060000 3463425.580000 -0.198968 18.380000 5C4225714 9 -60 
1721809981201 1721809981219 18 329542.600000 3463425.470000 -0.198968 18.400000 5C4225714 9 -60 
1721809981256 1721809981276 20 329543.860000 3463425.190000 -0.199186 18.400000 5C4225714 9 -60 
1721809981311 1721809981327 16 329544.760000 3463425.000000 -0.199186 18.380000 5C4225714 9 -60 
1721809981366 1721809981382 16 329545.660000 3463424.800000 -0.199186 18.380000 5C4225714 9 -60 
1721809981421 1721809981441 20 329545.840000 3463424.760000 -0.199186 18.320000 5C4225714 9 -60 
1721809981481 1721809981499 18 329548.010000 3463424.290000 -0.198749 18.340000 5C4225714 9 -60 
1721809981540 1721809981557 17 329548.900000 3463424.100000 -0.198749 18.300000 5C4225714 9 -60 
1721809981595 1721809981614 19 329549.800000 3463423.910000 -0.198749 18.340000 5C4225714 9 -60 
1721809981651 1721809981669 18 329550.690000 3463423.720000 -0.198313 18.360000 5C4225714 9 -60 
1721809981705 1721809981726 21 329551.600000 3463423.530000 -0.198313 18.360000 5C4225714 9 -60 
1721809981761 1721809981779 18 329552.860000 3463423.250000 -0.198313 18.340000 5C4225714 9 -60 
1721809981816 1721809981833 17 329553.760000 3463423.060000 -0.201367 18.340000 5C4225714 9 -60 
1721809981872 1721809981894 22 329554.660000 3463422.870000 -0.201367 18.320000 5C4225714 9 -60 
1721809981927 1721809981943 16 329555.370000 3463422.710000 -0.201367 18.340000 5C4225714 9 -60 
1721809981983 1721809982002 19 329556.450000 3463422.480000 -0.201367 18.360000 5C4225714 9 -60 
1721809982038 1721809982056 18 329558.430000 3463422.060000 -0.198531 18.340000 5C4225714 9 -60 
1721809982093 1721809982110 17 329558.790000 3463421.980000 -0.198531 18.300000 5C4225714 9 -60 
1721809982148 1721809982165 17 329559.690000 3463421.790000 -0.198531 18.300000 5C4225714 9 -60 
1721809982204 1721809982219 15 329560.760000 3463421.560000 -0.198531 18.300000 5C4225714 9 -60 
1721809982258 1721809982278 20 329561.120000 3463421.490000 -0.196786 18.280000 5C4225714 9 -60 
1721809982314 1721809982338 24 329562.550000 3463421.170000 -0.196786 18.300000 5C4225714 9 -60 
1721809982369 1721809982387 18 329563.630000 3463420.950000 -0.196786 18.280000 5C4225714 9 -60 
1721809982424 1721809982441 17 329564.350000 3463420.800000 -0.196786 18.300000 5C4225714 9 -60 
1721809982479 1721809982497 18 329565.430000 3463420.570000 -0.194604 18.280000 5C4225714 9 -60 
1721809982533 1721809982551 18 329566.330000 3463420.380000 -0.194604 18.280000 5C4225714 9 -60 
1721809982588 1721809982605 17 329567.220000 3463420.190000 -0.194604 18.280000 5C4225714 9 -60 
1721809982644 1721809982659 15 329568.840000 3463419.850000 -0.195041 18.280000 5C4225714 9 -60 
1721809982698 1721809982719 21 329570.100000 3463419.590000 -0.195041 18.280000 5C4225714 9 -60 
1721809982753 1721809982773 20 329570.990000 3463419.410000 -0.195041 18.280000 5C4225714 9 -60 
1721809982812 1721809982839 27 329571.880000 3463419.220000 -0.193513 18.200000 5C4225714 9 -60 
1721809982867 1721809982891 24 329572.960000 3463418.990000 -0.193513 18.220000 5C4225714 9 -60 
1721809982921 1721809982941 20 329573.490000 3463418.880000 -0.193513 18.200000 5C4225714 9 -60 
1721809982976 1721809982995 19 329574.220000 3463418.720000 -0.193513 18.200000 5C4225714 9 -60 
1721809983032 1721809983055 23 329575.110000 3463418.540000 -0.193513 18.180000 5C4225714 9 -60 
1721809983087 1721809983104 17 329576.180000 3463418.310000 -0.193513 18.160000 5C4225714 9 -60 
1721809983142 1721809983163 21 329577.240000 3463418.090000 -0.193513 18.160000 5C4225714 9 -60 
1721809983198 1721809983217 19 329578.140000 3463417.910000 -0.193513 18.120000 5C4225714 9 -60 
1721809983254 1721809983271 17 329580.090000 3463417.500000 -0.195041 18.040000 5C4225714 9 -60 
1721809983309 1721809983330 21 329580.800000 3463417.340000 -0.195041 18.040000 5C4225714 9 -60 
1721809983365 1721809983384 19 329581.680000 3463417.150000 -0.195041 17.980000 5C4225714 9 -60 
1721809983420 1721809983437 17 329582.390000 3463417.000000 -0.194386 17.980000 5C4225714 9 -60 
1721809983475 1721809983492 17 329583.450000 3463416.780000 -0.194386 17.920000 5C4225714 9 -60 
1721809983531 1721809983546 15 329584.680000 3463416.520000 -0.194386 17.860000 5C4225714 9 -60 
1721809983586 1721809983605 19 329585.200000 3463416.400000 -0.194386 17.780000 5C4225714 9 -60 
1721809983641 1721809983672 31 329586.420000 3463416.150000 -0.196786 17.740000 5C4225714 9 -60 
1721809983696 1721809983723 27 329587.300000 3463415.970000 -0.196786 17.660000 5C4225714 9 -60 
1721809983753 1721809983777 24 329587.640000 3463415.890000 -0.196786 17.600000 5C4225714 9 -60 
1721809983810 1721809983828 18 329589.540000 3463415.490000 -0.195259 17.340000 5C4225714 9 -60 
1721809983864 1721809983884 20 329590.400000 3463415.300000 -0.195259 17.300000 5C4225714 9 -60 
1721809983920 1721809983944 24 329591.420000 3463415.080000 -0.195259 17.240000 5C4225714 9 -60 
1721809983975 1721809984001 26 329592.260000 3463414.900000 -0.195259 17.160000 5C4225714 9 -60 
1721809984031 1721809984052 21 329593.100000 3463414.720000 -0.197659 17.080000 5C4225714 8 -60 
1721809984086 1721809984104 18 329593.770000 3463414.580000 -0.197659 16.920000 5C4225714 8 -60 
1721809984141 1721809984160 19 329594.770000 3463414.360000 -0.197659 16.860000 5C4225714 8 -60 
1721809984197 1721809984215 18 329595.760000 3463414.150000 -0.197659 16.660000 5C4225714 8 -60 
1721809984252 1721809984268 16 329596.410000 3463414.020000 -0.200277 16.580000 5C4225714 8 -60 
1721809984307 1721809984331 24 329597.390000 3463413.800000 -0.200277 16.500000 5C4225714 8 -60 
1721809984361 1721809984382 21 329599.000000 3463413.450000 -0.200277 16.400000 5C4225714 8 -60 
1721809984417 1721809984438 21 329599.800000 3463413.270000 -0.198968 16.260000 5C4225714 8 -60 
1721809984472 1721809984497 25 329600.760000 3463413.070000 -0.198968 16.140000 5C4225714 8 -60 
1721809984527 1721809984547 20 329601.070000 3463413.000000 -0.198968 16.060000 5C4225714 8 -60 
1721809984582 1721809984603 21 329602.020000 3463412.790000 -0.198968 15.920000 5C4225714 8 -60 
1721809984637 1721809984654 17 329603.110000 3463412.570000 -0.202022 15.840000 5C4225714 8 -60 
1721809984696 1721809984715 19 329603.880000 3463412.390000 -0.202022 15.680000 5C4225714 8 -60 
1721809984751 1721809984774 23 329604.650000 3463412.220000 -0.202022 15.640000 5C4225714 8 -60 
1721809984806 1721809984827 21 329605.100000 3463412.120000 -0.202022 15.460000 5C4225714 8 -60 
1721809984861 1721809984877 16 329605.710000 3463411.990000 -0.202676 15.320000 5C4225714 8 -60 
1721809984917 1721809984933 16 329607.070000 3463411.690000 -0.202676 15.140000 5C4225714 8 -60 
1721809984971 1721809984987 16 329608.100000 3463411.460000 -0.202676 14.940000 5C4225714 8 -60 
1721809985028 1721809985044 16 329608.970000 3463411.270000 -0.202240 14.860000 5C4225714 8 -60 
1721809985087 1721809985107 20 329609.570000 3463411.150000 -0.202240 14.720000 5C4225714 8 -60 
1721809985142 1721809985162 20 329610.430000 3463410.960000 -0.202240 14.600000 5C4225714 8 -60 
1721809985197 1721809985218 21 329611.140000 3463410.810000 -0.202240 14.500000 5C4225714 8 -60 
1721809985252 1721809985274 22 329611.850000 3463410.650000 -0.204204 14.340000 5C4225714 8 -60 
1721809985307 1721809985335 28 329612.550000 3463410.490000 -0.204204 14.260000 5C4225714 8 -60 
1721809985362 1721809985387 25 329613.390000 3463410.310000 -0.204204 14.100000 5C4225714 8 -60 
1721809985417 1721809985437 20 329614.070000 3463410.160000 -0.204204 13.960000 5C4225714 8 -60 
1721809985472 1721809985495 23 329615.440000 3463409.860000 -0.204204 13.740000 5C4225714 8 -60 
1721809985527 1721809985547 20 329615.830000 3463409.780000 -0.204204 13.500000 5C4225714 8 -60 
1721809985583 1721809985605 22 329616.750000 3463409.560000 -0.204204 13.440000 5C4225714 8 -60 
1721809985638 1721809985663 25 329617.550000 3463409.390000 -0.205294 13.320000 5C4225714 8 -60 
1721809985693 1721809985714 21 329618.200000 3463409.250000 -0.205294 13.200000 5C4225714 8 -60 
1721809985748 1721809985765 17 329618.840000 3463409.110000 -0.205294 13.060000 5C4225714 8 -60 
1721809985802 1721809985818 16 329619.220000 3463409.020000 -0.205294 12.980000 5C4225714 8 -60 
1721809985857 1721809985877 20 329620.110000 3463408.820000 -0.204858 12.800000 5C4225714 8 -60 
1721809985912 1721809985932 20 329620.480000 3463408.740000 -0.204858 12.700000 5C4225714 8 -60 
1721809985967 1721809985986 19 329621.110000 3463408.600000 -0.204858 12.600000 5C4225714 8 -60 
1721809986023 1721809986041 18 329621.720000 3463408.460000 -0.204858 12.440000 5C4225714 8 -60 
1721809986078 1721809986095 17 329622.930000 3463408.200000 -0.207912 12.180000 5C4225714 8 -60 
1721809986133 1721809986149 16 329623.640000 3463408.040000 -0.207912 12.100000 5C4225714 8 -60 
1721809986188 1721809986205 17 329624.120000 3463407.930000 -0.207912 11.880000 5C4225714 8 -60 
1721809986243 1721809986264 21 329624.700000 3463407.800000 -0.206822 11.740000 5C4225714 8 -60 
1721809986298 1721809986317 19 329625.510000 3463407.620000 -0.206822 11.660000 5C4225714 8 -60 
1721809986354 1721809986371 17 329626.070000 3463407.490000 -0.206822 11.460000 5C4225714 8 -60 
1721809986409 1721809986425 16 329626.520000 3463407.400000 -0.206822 11.360000 5C4225714 8 -60 
1721809986464 1721809986484 20 329626.860000 3463407.320000 -0.205513 11.240000 5C4225714 8 -60 
1721809986519 1721809986540 21 329627.740000 3463407.130000 -0.205513 11.140000 5C4225714 8 -60 
1721809986579 1721809986599 20 329628.390000 3463406.990000 -0.205513 11.000000 5C4225714 8 -60 
1721809986634 1721809986653 19 329629.140000 3463406.830000 -0.203113 10.760000 5C4225714 8 -60 
1721809986693 1721809986712 19 329629.970000 3463406.650000 -0.203113 10.620000 5C4225714 8 -60 
1721809986748 1721809986766 18 329630.480000 3463406.540000 -0.203113 10.480000 5C4225714 8 -60 
1721809986803 1721809986820 17 329631.000000 3463406.440000 -0.201367 10.300000 5C4225714 8 -60 
1721809986858 1721809986879 21 329631.300000 3463406.380000 -0.201367 10.180000 5C4225714 8 -60 
1721809986914 1721809986933 19 329631.600000 3463406.310000 -0.201367 10.040000 5C4225714 8 -60 
1721809986969 1721809986986 17 329632.290000 3463406.180000 -0.201367 9.880000 5C4225714 8 -60 
1721809987024 1721809987040 16 329632.870000 3463406.070000 -0.190677 9.720000 5C4225714 8 -60 
1721809987079 1721809987094 15 329633.350000 3463405.990000 -0.190677 9.620000 5C4225714 8 -60 
1721809987134 1721809987153 19 329633.820000 3463405.900000 -0.190677 9.500000 5C4225714 8 -60 
1721809987189 1721809987207 18 329634.830000 3463405.730000 -0.175624 9.220000 5C4225714 8 -60 
1721809987244 1721809987262 18 329635.190000 3463405.670000 -0.175624 9.080000 5C4225714 8 -60 
1721809987300 1721809987315 15 329635.640000 3463405.610000 -0.175624 8.960000 5C4225714 8 -60 
1721809987359 1721809987375 16 329636.170000 3463405.530000 -0.175624 8.800000 5C4225714 8 -60 
1721809987414 1721809987434 20 329636.510000 3463405.480000 -0.153371 8.660000 5C4225714 8 -60 
1721809987469 1721809987491 22 329636.770000 3463405.450000 -0.153371 8.520000 5C4225714 8 -60 
1721809987524 1721809987543 19 329637.370000 3463405.380000 -0.153371 8.440000 5C4225714 8 -60 
1721809987579 1721809987600 21 329637.790000 3463405.340000 -0.153371 8.300000 5C4225714 8 -60 
1721809987635 1721809987655 20 329638.110000 3463405.310000 -0.153371 8.120000 5C4225714 8 -60 
1721809987690 1721809987710 20 329639.080000 3463405.250000 -0.122828 7.840000 5C4225714 8 -60 
1721809987745 1721809987763 18 329639.320000 3463405.240000 -0.122828 7.760000 5C4225714 8 -60 
1721809987800 1721809987817 17 329639.700000 3463405.230000 -0.122828 7.600000 5C4225714 8 -60 
1721809987856 1721809987876 20 329640.170000 3463405.220000 -0.082249 7.540000 5C4225714 8 -60 
1721809987911 1721809987929 18 329640.690000 3463405.220000 -0.082249 7.380000 5C4225714 8 -60 
1721809987966 1721809987983 17 329640.910000 3463405.230000 -0.082249 7.280000 5C4225714 8 -60 
1721809988022 1721809988042 20 329641.410000 3463405.250000 -0.035779 7.160000 5C4225714 8 -60 
1721809988077 1721809988096 19 329641.780000 3463405.270000 -0.035779 7.080000 5C4225714 8 -60 
1721809988132 1721809988157 25 329641.980000 3463405.290000 -0.035779 6.940000 5C4225714 8 -60 
1721809988187 1721809988207 20 329642.250000 3463405.310000 -0.035779 6.840000 5C4225714 8 -60 
1721809988242 1721809988258 16 329642.660000 3463405.360000 0.022035 6.700000 5C4225714 8 -60 
1721809988297 1721809988313 16 329643.000000 3463405.400000 0.022035 6.500000 5C4225714 8 -60 
1721809988352 1721809988368 16 329643.640000 3463405.500000 0.022035 6.400000 5C4225714 8 -60 
1721809988407 1721809988427 20 329644.010000 3463405.570000 0.079849 6.340000 5C4225714 8 -60 
1721809988463 1721809988481 18 329644.380000 3463405.650000 0.079849 6.260000 5C4225714 8 -60 
1721809988518 1721809988538 20 329644.690000 3463405.710000 0.079849 6.200000 5C4225714 8 -60 
1721809988573 1721809988594 21 329644.980000 3463405.790000 0.079849 6.120000 5C4225714 8 -60 
1721809988628 1721809988647 19 329645.160000 3463405.840000 0.139408 6.080000 5C4225714 8 -60 
1721809988684 1721809988703 19 329645.160000 3463405.840000 0.139408 6.020000 5C4225714 8 -60 
1721809988739 1721809988757 18 329645.570000 3463405.960000 0.139408 5.980000 5C4225714 8 -60 
1721809988794 1721809988817 23 329646.070000 3463406.120000 0.139408 5.920000 5C4225714 8 -60 
1721809988850 1721809988867 17 329646.350000 3463406.220000 0.204422 5.900000 5C4225714 8 -60 
1721809988905 1721809988932 27 329646.910000 3463406.440000 0.204422 5.800000 5C4225714 8 -60 
1721809988960 1721809988983 23 329647.170000 3463406.550000 0.204422 5.760000 5C4225714 8 -60 
1721809989016 1721809989035 19 329647.480000 3463406.700000 0.279253 5.740000 5C4225714 8 -60 
1721809989071 1721809989092 21 329647.740000 3463406.820000 0.279253 5.700000 5C4225714 8 -60 
1721809989126 1721809989148 22 329648.000000 3463406.950000 0.279253 5.660000 5C4225714 8 -60 
1721809989181 1721809989198 17 329648.290000 3463407.110000 0.279253 5.620000 5C4225714 8 -60 
1721809989237 1721809989254 17 329648.480000 3463407.230000 0.347539 5.580000 5C4225714 8 -60 
1721809989292 1721809989310 18 329648.590000 3463407.280000 0.347539 5.540000 5C4225714 8 -60 
1721809989349 1721809989366 17 329648.820000 3463407.430000 0.347539 5.500000 5C4225714 8 -60 
1721809989408 1721809989425 17 329649.370000 3463407.800000 0.427606 5.440000 5C4225714 8 -60 
1721809989463 1721809989481 18 329649.590000 3463407.960000 0.427606 5.400000 5C4225714 8 -60 
1721809989519 1721809989544 25 329649.840000 3463408.170000 0.427606 5.340000 5C4225714 8 -60 
1721809989574 1721809989590 16 329649.990000 3463408.300000 0.427606 5.320000 5C4225714 8 -60 
1721809989629 1721809989656 27 329650.240000 3463408.520000 0.511381 5.280000 5C4225714 8 -60 
1721809989684 1721809989702 18 329650.430000 3463408.700000 0.511381 5.240000 5C4225714 8 -60 
1721809989740 1721809989757 17 329650.640000 3463408.930000 0.511381 5.200000 5C4225714 8 -60 
1721809989799 1721809989818 19 329650.820000 3463409.120000 0.511381 5.140000 5C4225714 8 -60 
1721809989854 1721809989874 20 329650.980000 3463409.320000 0.609120 5.120000 5C4225714 8 -60 
1721809989909 1721809989930 21 329651.150000 3463409.510000 0.609120 5.060000 5C4225714 8 -60 
1721809989965 1721809989986 21 329651.440000 3463409.930000 0.609120 5.020000 5C4225714 8 -60 
1721809990020 1721809990036 16 329651.610000 3463410.170000 0.709258 4.980000 5C4225714 8 -60 
1721809990075 1721809990092 17 329651.680000 3463410.300000 0.709258 4.940000 5C4225714 8 -60 
1721809990130 1721809990150 20 329651.780000 3463410.480000 0.709258 4.900000 5C4225714 8 -60 
1721809990186 1721809990206 20 329651.920000 3463410.730000 0.709258 4.860000 5C4225714 8 -60 
1721809990241 1721809990262 21 329652.040000 3463411.000000 0.823141 4.800000 5C4225714 8 -60 
1721809990296 1721809990318 22 329652.120000 3463411.170000 0.823141 4.780000 5C4225714 8 -60 
1721809990352 1721809990368 16 329652.220000 3463411.450000 0.823141 4.740000 5C4225714 8 -60 
1721809990407 1721809990424 17 329652.290000 3463411.670000 0.823141 4.700000 5C4225714 8 -60 
1721809990466 1721809990486 20 329652.420000 3463412.120000 0.940732 4.640000 5C4225714 8 -60 
1721809990521 1721809990539 18 329652.460000 3463412.390000 0.940732 4.620000 5C4225714 8 -60 
1721809990576 1721809990595 19 329652.490000 3463412.620000 0.940732 4.560000 5C4225714 8 -60 
1721809990631 1721809990652 21 329652.500000 3463412.660000 1.064433 4.540000 5C4225714 8 -60 
1721809990686 1721809990703 17 329652.550000 3463413.070000 1.064433 4.520000 5C4225714 8 -60 
1721809990742 1721809990758 16 329652.550000 3463413.250000 1.064433 4.460000 5C4225714 8 -60 
1721809990797 1721809990815 18 329652.550000 3463413.380000 1.064433 4.460000 5C4225714 8 -60 
1721809990853 1721809990871 18 329652.540000 3463413.690000 1.195551 4.420000 5C4225714 8 -60 
1721809990912 1721809990929 17 329652.530000 3463413.900000 1.195551 4.380000 5C4225714 8 -60 
1721809990971 1721809990991 20 329652.510000 3463414.130000 1.195551 4.360000 5C4225714 8 -60 
1721809991027 1721809991056 29 329652.430000 3463414.590000 1.330595 4.320000 5C4225714 8 -60 
1721809991081 1721809991099 18 329652.420000 3463414.640000 1.330595 4.280000 5C4225714 8 -60 
1721809991136 1721809991157 21 329652.330000 3463414.970000 1.330595 4.260000 5C4225714 8 -60 
1721809991192 1721809991210 18 329652.240000 3463415.250000 1.466295 4.220000 5C4225714 8 -60 
1721809991250 1721809991267 17 329652.190000 3463415.420000 1.466295 4.200000 5C4225714 8 -60 
1721809991305 1721809991326 21 329652.110000 3463415.610000 1.466295 4.160000 5C4225714 8 -60 
1721809991361 1721809991382 21 329652.030000 3463415.800000 1.466295 4.160000 5C4225714 8 -60 
1721809991417 1721809991436 19 329651.910000 3463416.020000 1.602430 4.140000 5C4225714 8 -60 
1721809991474 1721809991492 18 329651.840000 3463416.120000 1.602430 4.120000 5C4225714 8 -60 
1721809991529 1721809991552 23 329651.620000 3463416.510000 1.602430 4.100000 5C4225714 8 -60 
1721809991584 1721809991600 16 329651.500000 3463416.670000 1.602430 4.080000 5C4225714 8 -60 
1721809991640 1721809991657 17 329651.380000 3463416.840000 1.739002 4.060000 5C4225714 8 -60 
1721809991696 1721809991718 22 329651.250000 3463417.000000 1.739002 4.040000 5C4225714 8 -60 
1721809991754 1721809991776 22 329651.120000 3463417.140000 1.739002 4.020000 5C4225714 8 -60 
1721809991823 1721809991840 17 329650.950000 3463417.320000 1.875356 4.020000 5C4225714 8 -60 
1721809991878 1721809991898 20 329650.820000 3463417.460000 1.875356 4.020000 5C4225714 8 -60 
1721809991933 1721809991956 23 329650.550000 3463417.710000 1.875356 4.020000 5C4225714 8 -60 
1721809991988 1721809992005 17 329650.360000 3463417.850000 2.008438 4.020000 5C4225714 8 -60 
1721809992045 1721809992062 17 329650.180000 3463418.000000 2.008438 4.020000 5C4225714 8 -60 
1721809992101 1721809992120 19 329650.050000 3463418.100000 2.008438 4.020000 5C4225714 8 -60 
1721809992156 1721809992173 17 329649.980000 3463418.150000 2.008438 4.020000 5C4225714 8 -60 
1721809992212 1721809992228 16 329649.680000 3463418.350000 2.139992 4.080000 5C4225714 8 -60 
1721809992269 1721809992288 19 329649.550000 3463418.440000 2.139992 4.100000 5C4225714 8 -60 
1721809992324 1721809992341 17 329649.450000 3463418.500000 2.139992 4.120000 5C4225714 8 -60 
1721809992379 1721809992402 23 329649.230000 3463418.630000 2.139992 4.160000 5C4225714 8 -60 
1721809992434 1721809992458 24 329648.930000 3463418.790000 2.256056 4.260000 5C4225714 8 -60 
1721809992490 1721809992510 20 329648.630000 3463418.950000 2.256056 4.280000 5C4225714 8 -60 
1721809992545 1721809992566 21 329648.440000 3463419.050000 2.256056 4.360000 5C4225714 8 -60 
1721809992608 1721809992624 16 329648.240000 3463419.140000 2.374084 4.360000 5C4225714 8 -60 
1721809992667 1721809992690 23 329648.000000 3463419.260000 2.374084 4.440000 5C4225714 8 -60 
1721809992723 1721809992749 26 329647.790000 3463419.340000 2.374084 4.480000 5C4225714 8 -60 
1721809992779 1721809992807 28 329647.580000 3463419.420000 2.374084 4.540000 5C4225714 8 -60 
1721809992834 1721809992856 22 329647.400000 3463419.480000 2.485349 4.580000 5C4225714 8 -60 
1721809992890 1721809992912 22 329647.020000 3463419.630000 2.485349 4.660000 5C4225714 8 -60 
1721809992945 1721809992961 16 329646.790000 3463419.700000 2.485349 4.720000 5C4225714 8 -60 
1721809993000 1721809993022 22 329646.510000 3463419.770000 2.592032 4.800000 5C4225714 8 -60 
1721809993056 1721809993083 27 329646.290000 3463419.850000 2.592032 4.840000 5C4225714 8 -60 
1721809993111 1721809993140 29 329646.050000 3463419.910000 2.592032 4.900000 5C4225714 8 -60 
1721809993166 1721809993184 18 329645.910000 3463419.940000 2.592032 4.980000 5C4225714 8 -60 
1721809993222 1721809993239 17 329645.570000 3463420.030000 2.689116 5.020000 5C4225714 8 -60 
1721809993277 1721809993306 29 329645.270000 3463420.100000 2.689116 5.080000 5C4225714 8 -60 
1721809993332 1721809993351 19 329645.070000 3463420.150000 2.689116 5.120000 5C4225714 8 -60 
1721809993388 1721809993416 28 329644.860000 3463420.190000 2.689116 5.220000 5C4225714 8 -60 
1721809993443 1721809993471 28 329644.190000 3463420.340000 2.763293 5.400000 5C4225714 8 -60 
1721809993498 1721809993526 28 329643.920000 3463420.390000 2.763293 5.460000 5C4225714 8 -60 
1721809993553 1721809993581 28 329643.650000 3463420.450000 2.763293 5.560000 5C4225714 8 -60 
1721809993608 1721809993632 24 329643.490000 3463420.470000 2.826124 5.620000 5C4225714 8 -60 
1721809993663 1721809993692 29 329643.210000 3463420.530000 2.826124 5.720000 5C4225714 8 -60 
1721809993723 1721809993751 28 329642.990000 3463420.570000 2.826124 5.800000 5C4225714 8 -60 
1721809993777 1721809993806 29 329642.630000 3463420.630000 2.826124 5.920000 5C4225714 8 -60 
1721809993833 1721809993861 28 329642.270000 3463420.680000 2.884375 6.000000 5C4225714 8 -60 
1721809993888 1721809993916 28 329642.040000 3463420.730000 2.884375 6.160000 5C4225714 8 -60 
1721809993943 1721809993981 38 329641.610000 3463420.780000 2.884375 6.260000 5C4225714 8 -60 
1721809993998 1721809994027 29 329641.290000 3463420.820000 2.884375 6.380000 5C4225714 8 -60 
1721809994054 1721809994083 29 329640.770000 3463420.880000 2.934771 6.680000 5C4225714 8 -60 
1721809994109 1721809994134 25 329640.240000 3463420.930000 2.934771 6.780000 5C4225714 8 -60 
1721809994164 1721809994192 28 329639.960000 3463420.950000 2.934771 6.960000 5C4225714 8 -60 
1721809994220 1721809994260 40 329639.610000 3463420.980000 2.986913 7.040000 5C4225714 8 -60 
1721809994275 1721809994303 28 329639.330000 3463421.000000 2.986913 7.200000 5C4225714 8 -60 
1721809994330 1721809994357 27 329638.960000 3463421.020000 2.986913 7.300000 5C4225714 8 -60 
1721809994386 1721809994413 27 329638.600000 3463421.050000 2.986913 7.460000 5C4225714 8 -60 
1721809994441 1721809994471 30 329638.220000 3463421.070000 3.035346 7.580000 5C4225714 8 -60 
1721809994496 1721809994525 29 329637.770000 3463421.100000 3.035346 7.720000 5C4225714 8 -60 
1721809994552 1721809994580 28 329637.380000 3463421.100000 3.035346 7.860000 5C4225714 8 -60 
1721809994607 1721809994636 29 329636.490000 3463421.130000 3.070252 8.100000 5C4225714 8 -60 
1721809994662 1721809994692 30 329636.170000 3463421.140000 3.070252 8.240000 5C4225714 8 -60 
1721809994718 1721809994746 28 329635.830000 3463421.150000 3.070252 8.420000 5C4225714 8 -60 
1721809994778 1721809994807 29 329635.230000 3463421.150000 3.070252 8.500000 5C4225714 8 -60 
1721809994834 1721809994862 28 329634.980000 3463421.150000 3.107122 8.720000 5C4225714 8 -60 
1721809994888 1721809994922 34 329634.540000 3463421.170000 3.107122 8.820000 5C4225714 8 -60 
1721809994959 1721809994977 18 329633.640000 3463421.160000 3.107122 9.100000 5C4225714 8 -60 
1721809995014 1721809995043 29 329633.190000 3463421.160000 3.129594 9.200000 5C4225714 8 -60 
1721809995070 1721809995100 30 329632.720000 3463421.180000 3.129594 9.360000 5C4225714 8 -60 
1721809995125 1721809995154 29 329632.160000 3463421.180000 3.129594 9.520000 5C4225714 8 -60 
1721809995180 1721809995221 41 329631.580000 3463421.170000 3.129594 9.680000 5C4225714 8 -60 
1721809995235 1721809995264 29 329631.190000 3463421.170000 -3.139847 9.780000 5C4225714 8 -60 
1721809995290 1721809995318 28 329630.600000 3463421.180000 -3.139847 9.920000 5C4225714 8 -60 
1721809995345 1721809995372 27 329630.300000 3463421.180000 -3.139847 10.040000 5C4225714 8 -60 
1721809995400 1721809995428 28 329629.590000 3463421.190000 -3.139847 10.200000 5C4225714 8 -60 
1721809995456 1721809995473 17 329629.070000 3463421.200000 -3.138975 10.380000 5C4225714 8 -60 
1721809995511 1721809995538 27 329628.760000 3463421.220000 -3.138975 10.500000 5C4225714 8 -60 
1721809995565 1721809995583 18 329627.910000 3463421.230000 -3.138975 10.600000 5C4225714 8 -60 
1721809995621 1721809995641 20 329627.160000 3463421.260000 3.138320 10.900000 5C4225714 8 -60 
1721809995676 1721809995695 19 329626.500000 3463421.290000 3.138320 11.060000 5C4225714 8 -60 
1721809995731 1721809995748 17 329625.940000 3463421.310000 3.138320 11.240000 5C4225714 8 -60 
1721809995787 1721809995803 16 329625.270000 3463421.340000 3.138320 11.340000 5C4225714 8 -60 
1721809995842 1721809995862 20 329624.810000 3463421.360000 3.126757 11.500000 5C4225714 8 -60 
1721809995897 1721809995916 19 329624.250000 3463421.400000 3.126757 11.660000 5C4225714 8 -60 
1721809995953 1721809995971 18 329623.780000 3463421.430000 3.126757 11.780000 5C4225714 8 -60 
1721809996008 1721809996025 17 329622.840000 3463421.490000 3.126757 11.920000 5C4225714 8 -60 
1721809996063 1721809996084 21 329622.240000 3463421.550000 3.108431 12.020000 5C4225714 8 -60 
1721809996118 1721809996139 21 329621.770000 3463421.590000 3.108431 12.260000 5C4225714 8 -60 
1721809996174 1721809996193 19 329620.280000 3463421.710000 3.088360 12.460000 5C4225714 8 -60 
1721809996229 1721809996247 18 329619.670000 3463421.780000 3.088360 12.620000 5C4225714 8 -60 
1721809996285 1721809996301 16 329619.040000 3463421.840000 3.088360 12.720000 5C4225714 8 -60 
1721809996340 1721809996362 22 329618.400000 3463421.910000 3.088360 12.840000 5C4225714 8 -60 
1721809996395 1721809996416 21 329618.010000 3463421.950000 3.088360 12.960000 5C4225714 8 -60 
1721809996451 1721809996471 20 329617.370000 3463422.030000 3.067852 13.140000 5C4225714 8 -60 
1721809996506 1721809996525 19 329616.590000 3463422.130000 3.067852 13.300000 5C4225714 8 -60 
1721809996562 1721809996580 18 329616.590000 3463422.130000 3.067852 13.480000 5C4225714 8 -60 
1721809996617 1721809996634 17 329615.260000 3463422.300000 3.067852 13.520000 5C4225714 8 -60 
1721809996672 1721809996688 16 329614.860000 3463422.350000 3.043854 13.660000 5C4225714 8 -60 
1721809996727 1721809996745 18 329613.910000 3463422.500000 3.043854 13.760000 5C4225714 8 -60 
1721809996782 1721809996799 17 329612.400000 3463422.730000 3.018983 14.020000 5C4225714 8 -60 
1721809996837 1721809996856 19 329611.840000 3463422.840000 3.018983 14.180000 5C4225714 8 -60 
1721809996897 1721809996914 17 329610.990000 3463422.970000 3.018983 14.340000 5C4225714 8 -60 
1721809996967 1721809996987 20 329610.280000 3463423.080000 3.018983 14.420000 5C4225714 8 -60 
1721809997035 1721809997054 19 329608.700000 3463423.360000 3.000875 14.700000 5C4225714 8 -60 
1721809997090 1721809997110 20 329607.980000 3463423.500000 3.000875 14.800000 5C4225714 8 -60 
1721809997145 1721809997161 16 329607.240000 3463423.620000 3.000875 14.980000 5C4225714 8 -68 
1721809997201 1721809997223 22 329607.100000 3463423.660000 3.000875 15.040000 5C4225714 9 -68 
1721809997257 1721809997274 17 329606.360000 3463423.790000 2.986913 15.200000 5C4225714 9 -68 
1721809997312 1721809997332 20 329605.470000 3463423.960000 2.986913 15.340000 5C4225714 9 -68 
1721809997368 1721809997388 20 329604.410000 3463424.170000 2.986913 15.420000 5C4225714 9 -68 
1721809997423 1721809997445 22 329603.650000 3463424.300000 2.975786 15.500000 5C4225714 9 -68 
1721809997478 1721809997501 23 329602.890000 3463424.470000 2.975786 15.640000 5C4225714 9 -68 
1721809997533 1721809997552 19 329602.130000 3463424.610000 2.975786 15.720000 5C4225714 9 -68 
1721809997589 1721809997608 19 329600.410000 3463424.960000 2.964442 15.980000 5C4225714 9 -68 
1721809997644 1721809997666 22 329599.630000 3463425.130000 2.964442 16.080000 5C4225714 9 -68 
1721809997700 1721809997719 19 329598.840000 3463425.300000 2.964442 16.180000 5C4225714 9 -68 
1721809997755 1721809997774 19 329598.040000 3463425.450000 2.964442 16.280000 5C4225714 9 -68 
1721809997810 1721809997831 21 329597.400000 3463425.600000 2.953315 16.400000 5C4225714 9 -68 
1721809997866 1721809997889 23 329596.760000 3463425.740000 2.953315 16.520000 5C4225714 9 -68 
1721809997921 1721809997940 19 329595.790000 3463425.950000 2.953315 16.600000 5C4225714 9 -68 
1721809997977 1721809997996 19 329594.970000 3463426.110000 2.953315 16.760000 5C4225714 9 -68 
1721809998033 1721809998053 20 329594.150000 3463426.290000 2.949606 16.840000 5C4225714 9 -68 
1721809998088 1721809998107 19 329593.340000 3463426.480000 2.949606 16.920000 5C4225714 9 -68 
1721809998143 1721809998161 18 329592.330000 3463426.700000 2.949606 17.000000 5C4225714 9 -68 
1721809998199 1721809998215 16 329590.650000 3463427.060000 2.943716 17.260000 5C4225714 9 -68 
1721809998254 1721809998274 20 329589.650000 3463427.290000 2.943716 17.340000 5C4225714 9 -68 
1721809998309 1721809998336 27 329588.960000 3463427.430000 2.943716 17.460000 5C4225714 9 -68 
1721809998364 1721809998385 21 329587.940000 3463427.660000 2.943716 17.540000 5C4225714 9 -68 
1721809998420 1721809998439 19 329587.080000 3463427.840000 2.945898 17.600000 5C4225714 9 -68 
1721809998475 1721809998493 18 329587.080000 3463427.840000 2.945898 17.740000 5C4225714 9 -68 
1721809998530 1721809998547 17 329585.690000 3463428.140000 2.945898 17.800000 5C4225714 9 -68 
1721809998585 1721809998601 16 329584.820000 3463428.330000 2.945898 17.940000 5C4225714 9 -68 
1721809998642 1721809998660 18 329583.940000 3463428.520000 2.946552 18.040000 5C4225714 9 -68 
1721809998697 1721809998716 19 329582.880000 3463428.750000 2.946552 18.180000 5C4225714 9 -68 
1721809998752 1721809998779 27 329581.270000 3463429.100000 2.946552 18.380000 5C4225714 9 -68 
1721809998807 1721809998828 21 329580.560000 3463429.250000 2.946552 18.420000 5C4225714 9 -68 
1721809998862 1721809998883 21 329579.110000 3463429.570000 2.946116 18.560000 5C4225714 9 -68 
1721809998918 1721809998936 18 329578.390000 3463429.720000 2.946116 18.620000 5C4225714 9 -68 
1721809998973 1721809998995 22 329577.290000 3463429.960000 2.946116 18.740000 5C4225714 9 -68 
1721809999029 1721809999045 16 329576.370000 3463430.150000 2.945461 18.800000 5C4225714 9 -68 
1721809999084 1721809999099 15 329575.270000 3463430.390000 2.945461 18.880000 5C4225714 9 -68 
1721809999139 1721809999158 19 329574.720000 3463430.510000 2.945461 18.980000 5C4225714 9 -68 
1721809999195 1721809999212 17 329573.410000 3463430.790000 2.945461 19.040000 5C4225714 9 -68 
1721809999250 1721809999268 18 329573.040000 3463430.870000 2.948516 19.120000 5C4225714 9 -68 
1721809999305 1721809999322 17 329571.350000 3463431.230000 2.948516 19.300000 5C4225714 9 -68 
1721809999361 1721809999381 20 329569.840000 3463431.560000 2.948516 19.360000 5C4225714 9 -68 
1721809999417 1721809999437 20 329569.270000 3463431.680000 2.947425 19.440000 5C4225714 9 -68 
1721809999472 1721809999491 19 329567.950000 3463431.960000 2.947425 19.480000 5C4225714 9 -68 
1721809999527 1721809999545 18 329567.180000 3463432.120000 2.947425 19.560000 5C4225714 9 -68 
1721809999583 1721809999606 23 329565.840000 3463432.400000 2.947425 19.580000 5C4225714 9 -68 
1721809999638 1721809999657 19 329564.870000 3463432.600000 2.949170 19.580000 5C4225714 9 -68 
1721809999693 1721809999711 18 329564.490000 3463432.690000 2.949170 19.660000 5C4225714 9 -68 
1721809999749 1721809999765 16 329563.330000 3463432.940000 2.949170 19.660000 5C4225714 9 -68 
1721809999804 1721809999824 20 329562.370000 3463433.130000 2.949170 19.700000 5C4225714 9 -68 
1721809999859 1721809999878 19 329560.240000 3463433.590000 2.951352 19.660000 5C4225714 9 -68 
1721809999914 1721809999933 19 329559.850000 3463433.670000 2.951352 19.660000 5C4225714 9 -68 
1721809999970 1721809999987 17 329558.300000 3463433.980000 2.951352 19.720000 5C4225714 9 -68 
1721810000025 1721810000054 29 329557.340000 3463434.190000 2.952224 19.720000 5C4225714 9 -68 
1721810000080 1721810000104 24 329556.370000 3463434.400000 2.952224 19.760000 5C4225714 9 -68 
1721810000136 1721810000153 17 329555.200000 3463434.640000 2.952224 19.760000 5C4225714 9 -68 
1721810000191 1721810000207 16 329554.230000 3463434.840000 2.952224 19.780000 5C4225714 9 -68 
1721810000246 1721810000266 20 329553.260000 3463435.040000 2.956806 19.760000 5C4225714 9 -68 
1721810000302 1721810000320 18 329552.490000 3463435.210000 2.956806 19.780000 5C4225714 9 -68 
1721810000357 1721810000374 17 329551.320000 3463435.450000 2.956806 19.760000 5C4225714 9 -68 
1721810000416 1721810000442 26 329549.380000 3463435.860000 2.955061 19.780000 5C4225714 9 -68 
1721810000472 1721810000491 19 329548.410000 3463436.060000 2.955061 19.820000 5C4225714 9 -68 
1721810000527 1721810000545 18 329547.630000 3463436.230000 2.955061 19.820000 5C4225714 9 -68 
1721810000582 1721810000599 17 329546.650000 3463436.420000 2.955061 19.840000 5C4225714 9 -68 
1721810000638 1721810000665 27 329545.670000 3463436.630000 2.954406 19.840000 5C4225714 9 -68 
1721810000693 1721810000714 21 329544.510000 3463436.880000 2.954406 19.840000 5C4225714 9 -68 
1721810000749 1721810000775 26 329544.120000 3463436.960000 2.954406 19.840000 5C4225714 9 -68 
1721810000804 1721810000824 20 329542.750000 3463437.240000 2.954406 19.860000 5C4225714 9 -68 
1721810000860 1721810000878 18 329541.390000 3463437.530000 2.953752 19.860000 5C4225714 9 -68 
1721810000915 1721810000932 17 329540.620000 3463437.700000 2.953752 19.860000 5C4225714 9 -68 
1721810000971 1721810000992 21 329538.460000 3463438.140000 2.953752 19.880000 5C4225714 9 -68 
1721810001026 1721810001056 30 329537.290000 3463438.380000 2.955061 19.900000 5C4225714 9 -68 
1721810001082 1721810001110 28 329536.510000 3463438.550000 2.955061 19.880000 5C4225714 9 -68 
1721810001137 1721810001162 25 329535.730000 3463438.710000 2.955061 19.880000 5C4225714 9 -68 
1721810001193 1721810001221 28 329534.550000 3463438.960000 2.955061 19.880000 5C4225714 9 -68 
1721810001248 1721810001287 39 329533.960000 3463439.080000 2.953970 19.920000 5C4225714 9 -68 
1721810001303 1721810001332 29 329533.190000 3463439.250000 2.953970 19.920000 5C4225714 9 -68 
1721810001359 1721810001386 27 329531.620000 3463439.570000 2.953970 19.940000 5C4225714 9 -68 
1721810001414 1721810001433 19 329530.830000 3463439.730000 2.953970 19.940000 5C4225714 9 -68 
1721810001469 1721810001496 27 329529.660000 3463439.980000 2.954406 19.960000 5C4225714 9 -68 
1721810001528 1721810001557 29 329528.490000 3463440.220000 2.954406 19.980000 5C4225714 9 -68 
1721810001584 1721810001612 28 329526.520000 3463440.630000 2.955061 19.980000 5C4225714 9 -68 
1721810001639 1721810001668 29 329525.550000 3463440.840000 2.955061 20.000000 5C4225714 9 -68 
1721810001695 1721810001717 22 329524.760000 3463440.990000 2.955061 20.000000 5C4225714 9 -68 
1721810001750 1721810001779 29 329523.970000 3463441.160000 2.955061 20.040000 5C4225714 9 -68 
1721810001806 1721810001834 28 329523.180000 3463441.330000 2.955061 20.000000 5C4225714 9 -68 
1721810001861 1721810001890 29 329522.210000 3463441.530000 2.955497 20.020000 5C4225714 9 -68 
1721810001917 1721810001946 29 329521.230000 3463441.740000 2.955497 20.000000 5C4225714 9 -68 
1721810001972 1721810001996 24 329519.840000 3463442.030000 2.955497 20.000000 5C4225714 9 -68 
1721810002027 1721810002057 30 329518.870000 3463442.230000 2.955497 20.000000 5C4225714 9 -68 
1721810002083 1721810002110 27 329516.900000 3463442.640000 2.955497 20.000000 5C4225714 9 -68 
1721810002138 1721810002166 28 329515.710000 3463442.890000 2.955497 20.000000 5C4225714 9 -68 
1721810002193 1721810002221 28 329514.740000 3463443.100000 2.952879 20.000000 5C4225714 9 -68 
1721810002248 1721810002267 19 329513.760000 3463443.300000 2.952879 19.980000 5C4225714 9 -68 
1721810002303 1721810002331 28 329512.970000 3463443.470000 2.952879 19.940000 5C4225714 9 -68 
1721810002358 1721810002386 28 329511.800000 3463443.710000 2.952879 19.920000 5C4225714 9 -68 
1721810002413 1721810002443 30 329511.010000 3463443.880000 2.952879 19.920000 5C4225714 9 -68 
1721810002469 1721810002488 19 329509.840000 3463444.120000 2.951788 19.900000 5C4225714 9 -68 
1721810002524 1721810002548 24 329509.050000 3463444.290000 2.951788 19.900000 5C4225714 9 -68 
1721810002584 1721810002601 17 329507.890000 3463444.540000 2.951788 19.900000 5C4225714 9 -68 
1721810002639 1721810002666 27 329506.130000 3463444.910000 2.950915 19.860000 5C4225714 9 -68 
1721810002694 1721810002735 41 329504.950000 3463445.150000 2.950915 19.860000 5C4225714 9 -68 
1721810002749 1721810002779 30 329503.980000 3463445.360000 2.950915 19.880000 5C4225714 9 -68 
1721810002805 1721810002832 27 329503.200000 3463445.520000 2.950915 19.880000 5C4225714 9 -68 
1721810002860 1721810002888 28 329502.030000 3463445.780000 2.951570 19.880000 5C4225714 9 -68 
1721810002916 1721810002944 28 329500.860000 3463446.020000 2.951570 19.840000 5C4225714 9 -68 
1721810002971 1721810002999 28 329499.890000 3463446.230000 2.951570 19.840000 5C4225714 9 -68 
1721810003026 1721810003055 29 329498.920000 3463446.440000 2.951352 19.840000 5C4225714 9 -68 
1721810003082 1721810003110 28 329498.140000 3463446.590000 2.951352 19.840000 5C4225714 9 -68 
1721810003137 1721810003166 29 329496.970000 3463446.840000 2.951352 19.840000 5C4225714 9 -68 
1721810003192 1721810003222 30 329494.830000 3463447.300000 2.949606 19.840000 5C4225714 9 -68 
1721810003248 1721810003276 28 329494.050000 3463447.470000 2.949606 19.840000 5C4225714 9 -68 
1721810003303 1721810003332 29 329492.880000 3463447.710000 2.949606 19.840000 5C4225714 9 -68 
1721810003363 1721810003383 20 329492.490000 3463447.790000 2.949606 19.860000 5C4225714 9 -68 
1721810003419 1721810003447 28 329491.330000 3463448.050000 2.950697 19.820000 5C4225714 9 -68 
1721810003474 1721810003503 29 329490.360000 3463448.250000 2.950697 19.760000 5C4225714 9 -68 
1721810003530 1721810003570 40 329489.390000 3463448.450000 2.950697 19.760000 5C4225714 9 -68 
1721810003585 1721810003613 28 329488.220000 3463448.710000 2.950697 19.760000 5C4225714 9 -68 
1721810003645 1721810003671 26 329487.650000 3463448.830000 2.950697 19.760000 5C4225714 9 -68 
1721810003702 1721810003730 28 329485.320000 3463449.320000 2.952006 19.720000 5C4225714 9 -68 
1721810003758 1721810003786 28 329484.150000 3463449.570000 2.952006 19.660000 5C4225714 9 -68 
1721810003813 1721810003852 39 329483.190000 3463449.770000 2.952006 19.660000 5C4225714 9 -68 
1721810003868 1721810003895 27 329482.230000 3463449.980000 2.952006 19.660000 5C4225714 9 -68 
1721810003923 1721810003951 28 329481.260000 3463450.180000 2.952006 19.580000 5C4225714 9 -68 
1721810003978 1721810004006 28 329480.490000 3463450.340000 2.952006 19.560000 5C4225714 9 -68 
1721810004033 1721810004049 16 329479.720000 3463450.510000 2.951134 19.520000 5C4225714 9 -68 
1721810004089 1721810004117 28 329478.960000 3463450.660000 2.951134 19.480000 5C4225714 9 -68 
1721810004144 1721810004174 30 329477.620000 3463450.950000 2.951134 19.460000 5C4225714 9 -68 
1721810004200 1721810004228 28 329476.660000 3463451.160000 2.951134 19.460000 5C4225714 9 -68 
1721810004255 1721810004284 29 329474.750000 3463451.550000 2.952224 19.460000 5C4225714 9 -68 
1721810004311 1721810004339 28 329474.180000 3463451.670000 2.952224 19.440000 5C4225714 9 -68 
1721810004366 1721810004395 29 329472.650000 3463452.000000 2.952224 19.460000 5C4225714 9 -68 
1721810004422 1721810004462 40 329472.080000 3463452.120000 2.951134 19.420000 5C4225714 9 -68 
1721810004477 1721810004517 40 329470.740000 3463452.400000 2.951134 19.380000 5C4225714 9 -68 
1721810004532 1721810004561 29 329469.800000 3463452.610000 2.951134 19.380000 5C4225714 9 -68 
1721810004588 1721810004617 29 329468.660000 3463452.850000 2.951134 19.420000 5C4225714 9 -68 
1721810004643 1721810004672 29 329467.700000 3463453.050000 2.949825 19.420000 5C4225714 9 -68 
1721810004699 1721810004727 28 329466.750000 3463453.250000 2.949825 19.420000 5C4225714 9 -68 
1721810004754 1721810004782 28 329466.560000 3463453.290000 2.949825 19.360000 5C4225714 9 -68 
1721810004809 1721810004838 29 329464.470000 3463453.740000 2.950915 19.340000 5C4225714 9 -68 
1721810004864 1721810004892 28 329463.330000 3463453.980000 2.950915 19.320000 5C4225714 9 -68 
1721810004920 1721810004947 27 329463.140000 3463454.010000 2.950915 19.320000 5C4225714 9 -68 
1721810004975 1721810005002 27 329461.250000 3463454.420000 2.950915 19.280000 5C4225714 9 -68 
1721810005030 1721810005057 27 329460.490000 3463454.580000 2.948952 19.280000 5C4225714 9 -68 
1721810005089 1721810005122 33 329459.350000 3463454.820000 2.948952 19.260000 5C4225714 9 -68 
1721810005148 1721810005177 29 329458.400000 3463455.020000 2.948952 19.260000 5C4225714 9 -68 
1721810005203 1721810005232 29 329457.270000 3463455.260000 2.948952 19.260000 5C4225714 9 -68 
1721810005259 1721810005288 29 329456.890000 3463455.350000 2.950915 19.240000 5C4225714 9 -68 
1721810005315 1721810005344 29 329454.440000 3463455.860000 2.950915 19.180000 5C4225714 9 -68 
1721810005370 1721810005386 16 329453.500000 3463456.070000 2.950915 19.100000 5C4225714 9 -68 
1721810005425 1721810005454 29 329452.370000 3463456.310000 2.950261 19.040000 5C4225714 9 -68 
1721810005481 1721810005507 26 329452.190000 3463456.340000 2.950261 19.000000 5C4225714 9 -68 
1721810005536 1721810005559 23 329450.880000 3463456.630000 2.950261 19.000000 5C4225714 9 -68 
1721810005592 1721810005609 17 329449.940000 3463456.820000 2.950261 18.980000 5C4225714 9 -68 
1721810005647 1721810005663 16 329449.010000 3463457.030000 2.948079 18.980000 5C4225714 9 -68 
1721810005702 1721810005722 20 329448.450000 3463457.150000 2.948079 18.980000 5C4225714 9 -68 
1721810005758 1721810005777 19 329447.150000 3463457.420000 2.948079 18.960000 5C4225714 9 -68 
1721810005813 1721810005831 18 329446.040000 3463457.660000 2.948079 18.980000 5C4225714 9 -68 
1721810005868 1721810005886 18 329444.180000 3463458.060000 2.948516 18.920000 5C4225714 9 -68 
1721810005924 1721810005940 16 329443.630000 3463458.180000 2.948516 18.880000 5C4225714 9 -68 
1721810005979 1721810005999 20 329442.700000 3463458.380000 2.948516 18.880000 5C4225714 9 -68 
1721810006034 1721810006053 19 329441.220000 3463458.690000 2.949606 18.900000 5C4225714 9 -68 
1721810006090 1721810006106 16 329440.290000 3463458.900000 2.949606 18.880000 5C4225714 9 -68 
1721810006145 1721810006160 15 329439.730000 3463459.010000 2.949606 18.900000 5C4225714 9 -68 
1721810006200 1721810006219 19 329439.360000 3463459.090000 2.949606 18.900000 5C4225714 9 -68 
1721810006256 1721810006275 19 329437.880000 3463459.410000 2.949606 18.920000 5C4225714 9 -68 
1721810006311 1721810006330 19 329436.770000 3463459.650000 2.949606 18.920000 5C4225714 9 -68 
1721810006366 1721810006385 19 329436.210000 3463459.760000 2.949606 18.900000 5C4225714 9 -68 
1721810006422 1721810006438 16 329433.990000 3463460.240000 2.948516 18.900000 5C4225714 9 -68 
1721810006477 1721810006505 28 329432.870000 3463460.480000 2.948516 18.880000 5C4225714 9 -68 
1721810006533 1721810006550 17 329432.130000 3463460.640000 2.948516 18.900000 5C4225714 9 -68 
1721810006588 1721810006609 21 329431.020000 3463460.880000 2.948516 18.880000 5C4225714 9 -68 
1721810006643 1721810006663 20 329430.280000 3463461.040000 2.950697 18.900000 5C4225714 9 -68 
1721810006699 1721810006716 17 329429.540000 3463461.200000 2.950697 18.880000 5C4225714 9 -68 
1721810006754 1721810006780 26 329428.240000 3463461.480000 2.950697 18.920000 5C4225714 9 -68 
1721810006810 1721810006829 19 329427.870000 3463461.560000 2.950697 18.900000 5C4225714 9 -68 
1721810006865 1721810006883 18 329426.200000 3463461.910000 2.948297 18.920000 5C4225714 9 -68 
1721810006925 1721810006943 18 329424.720000 3463462.230000 2.948297 18.900000 5C4225714 9 -68 
1721810006980 1721810006996 16 329423.980000 3463462.390000 2.948297 18.920000 5C4225714 9 -68 
1721810007036 1721810007056 20 329422.680000 3463462.670000 2.947207 18.900000 5C4225714 9 -68 
1721810007091 1721810007110 19 329422.120000 3463462.790000 2.947207 18.920000 5C4225714 9 -68 
1721810007146 1721810007164 18 329420.820000 3463463.060000 2.947207 18.900000 5C4225714 9 -68 
1721810007202 1721810007222 20 329420.080000 3463463.220000 2.947207 18.900000 5C4225714 9 -68 
1721810007257 1721810007279 22 329418.780000 3463463.500000 2.949388 18.900000 5C4225714 9 -68 
1721810007331 1721810007347 16 329416.930000 3463463.890000 2.949388 18.900000 5C4225714 9 -68 
1721810007385 1721810007403 18 329416.000000 3463464.080000 2.950479 18.940000 5C4225714 9 -68 
1721810007441 1721810007459 18 329414.890000 3463464.320000 2.950479 18.900000 5C4225714 9 -68 
1721810007496 1721810007518 22 329413.960000 3463464.520000 2.950479 18.920000 5C4225714 9 -68 
1721810007552 1721810007569 17 329413.030000 3463464.710000 2.950479 18.920000 5C4225714 9 -68 
1721810007607 1721810007627 20 329412.470000 3463464.830000 2.950479 18.920000 5C4225714 9 -68 
1721810007662 1721810007678 16 329411.540000 3463465.020000 2.953533 18.900000 5C4225714 9 -68 
1721810007718 1721810007738 20 329410.800000 3463465.180000 2.953533 18.920000 5C4225714 9 -68 
1721810007774 1721810007796 22 329409.500000 3463465.440000 2.953533 18.920000 5C4225714 9 -68 
1721810007829 1721810007855 26 329408.570000 3463465.630000 2.955061 18.920000 5C4225714 9 -68 
1721810007885 1721810007905 20 329407.640000 3463465.820000 2.955061 18.900000 5C4225714 9 -68 
1721810007948 1721810007966 18 329405.590000 3463466.240000 2.955061 18.900000 5C4225714 9 -68 
1721810008003 1721810008021 18 329404.660000 3463466.420000 2.958115 18.900000 5C4225714 9 -68 
1721810008058 1721810008075 17 329404.110000 3463466.530000 2.958115 18.920000 5C4225714 9 -68 
1721810008113 1721810008140 27 329402.800000 3463466.790000 2.958115 18.940000 5C4225714 9 -68 
1721810008169 1721810008190 21 329401.870000 3463466.970000 2.958115 18.960000 5C4225714 9 -68 
1721810008223 1721810008244 21 329400.760000 3463467.190000 2.963133 18.900000 5C4225714 9 -68 
1721810008278 1721810008296 18 329400.380000 3463467.260000 2.963133 18.900000 5C4225714 9 -68 
1721810008333 1721810008352 19 329399.450000 3463467.450000 2.963133 18.900000 5C4225714 9 -68 
1721810008389 1721810008405 16 329398.330000 3463467.660000 2.963133 18.900000 5C4225714 9 -68 
1721810008444 1721810008463 19 329396.470000 3463468.030000 2.965533 18.920000 5C4225714 9 -68 
1721810008499 1721810008520 21 329395.350000 3463468.230000 2.965533 18.960000 5C4225714 9 -68 
1721810008555 1721810008572 17 329394.420000 3463468.420000 2.965533 18.940000 5C4225714 9 -68 
1721810008612 1721810008628 16 329393.490000 3463468.590000 2.972950 18.940000 5C4225714 9 -68 
1721810008667 1721810008688 21 329392.550000 3463468.770000 2.972950 18.940000 5C4225714 9 -68 
1721810008722 1721810008743 21 329392.180000 3463468.830000 2.972950 18.940000 5C4225714 9 -68 
1721810008778 1721810008797 19 329390.690000 3463469.110000 2.972950 18.900000 5C4225714 9 -68 
1721810008833 1721810008854 21 329389.570000 3463469.310000 2.977532 18.900000 5C4225714 9 -68 
1721810008889 1721810008906 17 329388.820000 3463469.450000 2.977532 18.900000 5C4225714 9 -68 
1721810008944 1721810008964 20 329388.070000 3463469.580000 2.977532 18.920000 5C4225714 9 -68 
1721810009000 1721810009024 24 329386.770000 3463469.810000 2.977532 18.920000 5C4225714 9 -68 
1721810009056 1721810009075 19 329385.270000 3463470.080000 2.982768 18.920000 5C4225714 9 -68 
1721810009113 1721810009132 19 329384.520000 3463470.210000 2.982768 18.940000 5C4225714 9 -68 
1721810009169 1721810009190 21 329383.210000 3463470.440000 2.982768 18.940000 5C4225714 9 -68 
1721810009225 1721810009253 28 329382.280000 3463470.600000 2.989095 18.920000 5C4225714 9 -68 
1721810009280 1721810009299 19 329381.340000 3463470.760000 2.989095 18.960000 5C4225714 9 -68 
1721810009336 1721810009357 21 329380.970000 3463470.820000 2.989095 18.960000 5C4225714 9 -68 
1721810009392 1721810009415 23 329379.280000 3463471.090000 2.989095 18.940000 5C4225714 9 -68 
1721810009447 1721810009464 17 329378.340000 3463471.240000 2.996294 18.960000 5C4225714 9 -68 
1721810009504 1721810009524 20 329376.270000 3463471.560000 2.996294 18.900000 5C4225714 9 -68 
1721810009560 1721810009580 20 329375.520000 3463471.670000 2.996294 18.900000 5C4225714 9 -68 
1721810009615 1721810009640 25 329374.770000 3463471.770000 3.008948 18.900000 5C4225714 9 -68 
1721810009670 1721810009688 18 329373.830000 3463471.910000 3.008948 18.900000 5C4225714 9 -68 
1721810009725 1721810009740 15 329372.510000 3463472.100000 3.008948 18.940000 5C4225714 9 -68 
1721810009780 1721810009804 24 329372.330000 3463472.120000 3.008948 18.920000 5C4225714 9 -68 
1721810009836 1721810009861 25 329371.010000 3463472.300000 3.021165 18.940000 5C4225714 9 -68 
1721810009891 1721810009908 17 329369.880000 3463472.450000 3.021165 18.940000 5C4225714 9 -68 
1721810009947 1721810009965 18 329368.940000 3463472.580000 3.021165 18.980000 5C4225714 9 -68 
1721810010001 1721810010022 21 329368.190000 3463472.670000 3.021165 18.980000 5C4225714 9 -68 
1721810010057 1721810010074 17 329366.120000 3463472.920000 3.030764 18.900000 5C4225714 9 -68 
1721810010116 1721810010136 20 329364.990000 3463473.050000 3.030764 18.900000 5C4225714 9 -68 
1721810010177 1721810010193 16 329364.050000 3463473.160000 3.030764 18.900000 5C4225714 9 -68 
1721810010242 1721810010262 20 329363.100000 3463473.260000 3.044072 18.920000 5C4225714 9 -68 
1721810010318 1721810010338 20 329361.210000 3463473.450000 3.044072 18.920000 5C4225714 7 -61 
1721810010373 1721810010392 19 329360.450000 3463473.520000 3.044072 18.940000 5C4225714 7 -61 
1721810010429 1721810010456 27 329359.510000 3463473.620000 3.060653 18.940000 5C4225714 7 -61 
1721810010484 1721810010506 22 329358.750000 3463473.690000 3.060653 18.940000 5C4225714 7 -61 
1721810010539 1721810010560 21 329358.000000 3463473.760000 3.060653 18.940000 5C4225714 7 -61 
1721810010594 1721810010620 26 329356.680000 3463473.870000 3.060653 18.940000 5C4225714 7 -61 
1721810010649 1721810010669 20 329355.730000 3463473.970000 3.067852 18.940000 5C4225714 7 -61 
1721810010704 1721810010724 20 329355.160000 3463474.010000 3.067852 18.940000 5C4225714 7 -61 
1721810010762 1721810010781 19 329353.650000 3463474.130000 3.067852 18.920000 5C4225714 7 -61 
1721810010817 1721810010836 19 329352.140000 3463474.260000 3.076579 18.900000 5C4225714 7 -61 
1721810010872 1721810010896 24 329350.820000 3463474.350000 3.076579 18.900000 5C4225714 7 -61 
1721810010930 1721810010951 21 329349.680000 3463474.430000 3.076579 18.900000 5C4225714 7 -61 
1721810010985 1721810011001 16 329348.740000 3463474.490000 3.076579 18.900000 5C4225714 7 -61 
1721810011040 1721810011057 17 329347.800000 3463474.550000 3.093378 18.900000 5C4225714 7 -61 
1721810011095 1721810011115 20 329347.030000 3463474.600000 3.093378 18.900000 5C4225714 7 -61 
1721810011152 1721810011169 17 329347.030000 3463474.600000 3.093378 18.900000 5C4225714 7 -61 
1721810011207 1721810011230 23 329345.330000 3463474.690000 3.093378 18.900000 5C4225714 7 -61 
1721810011263 1721810011279 16 329344.570000 3463474.740000 3.102977 18.920000 5C4225714 7 -61 
1721810011320 1721810011337 17 329342.680000 3463474.820000 3.102977 18.940000 5C4225714 7 -61 
1721810011376 1721810011393 17 329341.350000 3463474.880000 3.102977 18.940000 5C4225714 7 -61 
1721810011432 1721810011449 17 329340.780000 3463474.900000 3.116504 18.940000 5C4225714 7 -61 
1721810011487 1721810011508 21 329339.840000 3463474.940000 3.116504 18.940000 5C4225714 7 -61 
1721810011541 1721810011560 19 329338.330000 3463474.980000 3.116504 18.940000 5C4225714 7 -61 
1721810011598 1721810011616 18 329337.380000 3463475.000000 3.116504 18.920000 5C4225714 7 -61 
1721810011655 1721810011680 25 329336.620000 3463475.020000 3.130903 18.900000 5C4225714 7 -61 
1721810011711 1721810011737 26 329335.480000 3463475.040000 3.130903 18.900000 5C4225714 7 -61 
1721810011766 1721810011786 20 329334.350000 3463475.050000 3.130903 18.900000 5C4225714 7 -61 
1721810011822 1721810011844 22 329332.640000 3463475.060000 -3.137011 18.900000 5C4225714 7 -61 
1721810011877 1721810011901 24 329331.500000 3463475.060000 -3.137011 18.960000 5C4225714 7 -61 
1721810011932 1721810011948 16 329330.930000 3463475.060000 -3.137011 18.900000 5C4225714 7 -61 
1721810011989 1721810012005 16 329329.990000 3463475.050000 -3.137011 18.920000 5C4225714 7 -61 
1721810012044 1721810012064 20 329329.040000 3463475.040000 -3.119994 18.920000 5C4225714 7 -61 
1721810012100 1721810012123 23 329328.080000 3463475.040000 -3.119994 18.920000 5C4225714 7 -61 
1721810012155 1721810012173 18 329327.140000 3463475.020000 -3.119994 18.900000 5C4225714 7 -61 
1721810012210 1721810012231 21 329326.200000 3463475.000000 -3.119994 18.900000 5C4225714 7 -61 
1721810012265 1721810012284 19 329325.050000 3463474.980000 -3.110177 18.900000 5C4225714 7 -61 
1721810012325 1721810012348 23 329324.480000 3463474.960000 -3.110177 18.940000 5C4225714 7 -61 
1721810012387 1721810012412 25 329322.600000 3463474.910000 -3.110177 18.900000 5C4225714 7 -61 
1721810012442 1721810012462 20 329321.070000 3463474.840000 -3.094032 18.900000 5C4225714 7 -61 
1721810012497 1721810012520 23 329320.320000 3463474.810000 -3.094032 18.900000 5C4225714 7 -61 
1721810012560 1721810012576 16 329319.190000 3463474.760000 -3.094032 18.900000 5C4225714 7 -61 
1721810012616 1721810012632 16 329318.620000 3463474.740000 -3.094032 18.880000 5C4225714 7 -61 
1721810012671 1721810012688 17 329318.620000 3463474.740000 -3.094032 18.880000 5C4225714 7 -61 
1721810012726 1721810012744 18 329316.730000 3463474.630000 -3.081815 18.820000 5C4225714 7 -61 
1721810012782 1721810012800 18 329314.850000 3463474.520000 -3.081815 18.800000 5C4225714 7 -61 
1721810012837 1721810012856 19 329313.710000 3463474.440000 -3.067852 18.800000 5C4225714 7 -61 
1721810012892 1721810012919 27 329312.770000 3463474.380000 -3.067852 18.780000 5C4225714 7 -61 
1721810012948 1721810012967 19 329311.840000 3463474.300000 -3.067852 18.760000 5C4225714 7 -61 
1721810013003 1721810013021 18 329310.900000 3463474.220000 -3.067852 18.660000 5C4225714 7 -61 
1721810013058 1721810013075 17 329309.780000 3463474.130000 -3.053017 18.660000 5C4225714 7 -61 
1721810013113 1721810013133 20 329309.030000 3463474.060000 -3.053017 18.600000 5C4225714 7 -61 
1721810013168 1721810013190 22 329307.920000 3463473.960000 -3.053017 18.560000 5C4225714 7 -61 
1721810013223 1721810013250 27 329307.360000 3463473.910000 -3.053017 18.580000 5C4225714 7 -61 
1721810013278 1721810013293 15 329306.250000 3463473.800000 -3.038836 18.540000 5C4225714 7 -61 
1721810013333 1721810013353 20 329304.960000 3463473.660000 -3.038836 18.500000 5C4225714 7 -61 
1721810013389 1721810013408 19 329303.310000 3463473.480000 -3.022910 18.400000 5C4225714 7 -61 
1721810013443 1721810013461 18 329302.380000 3463473.370000 -3.022910 18.280000 5C4225714 7 -61 
1721810013499 1721810013514 15 329301.300000 3463473.240000 -3.022910 18.280000 5C4225714 7 -61 
1721810013554 1721810013574 20 329300.210000 3463473.110000 -3.022910 18.200000 5C4225714 7 -61 
1721810013609 1721810013625 16 329300.210000 3463473.110000 -3.022910 18.180000 5C4225714 7 -61 
1721810013664 1721810013684 20 329298.940000 3463472.940000 -3.011347 18.140000 5C4225714 7 -61 
1721810013720 1721810013747 27 329298.400000 3463472.870000 -3.011347 18.120000 5C4225714 7 -61 
1721810013775 1721810013793 18 329296.960000 3463472.670000 -3.011347 18.120000 5C4225714 7 -61 
1721810013830 1721810013854 24 329296.060000 3463472.540000 -2.995203 18.040000 5C4225714 7 -61 
1721810013885 1721810013902 17 329295.150000 3463472.410000 -2.995203 18.040000 5C4225714 7 -61 
1721810013941 1721810013962 21 329293.380000 3463472.150000 -2.995203 17.900000 5C4225714 7 -61 
1721810013996 1721810014012 16 329292.490000 3463472.010000 -2.982113 17.860000 5C4225714 7 -61 
1721810014051 1721810014067 16 329291.420000 3463471.840000 -2.982113 17.820000 5C4225714 7 -61 
1721810014106 1721810014131 25 329290.540000 3463471.700000 -2.982113 17.780000 5C4225714 7 -61 
1721810014161 1721810014183 22 329289.830000 3463471.580000 -2.982113 17.740000 5C4225714 7 -61 
1721810014217 1721810014244 27 329288.780000 3463471.410000 -2.967060 17.720000 5C4225714 7 -61 
1721810014272 1721810014292 20 329287.910000 3463471.260000 -2.967060 17.660000 5C4225714 7 -61 
1721810014328 1721810014346 18 329287.210000 3463471.130000 -2.967060 17.640000 5C4225714 7 -61 
1721810014383 1721810014407 24 329286.160000 3463470.940000 -2.967060 17.600000 5C4225714 7 -61 
1721810014438 1721810014463 25 329285.130000 3463470.750000 -2.956588 17.560000 5C4225714 7 -61 
1721810014494 1721810014511 17 329284.250000 3463470.590000 -2.956588 17.520000 5C4225714 7 -61 
1721810014549 1721810014577 28 329282.540000 3463470.260000 -2.956588 17.400000 5C4225714 7 -61 
1721810014604 1721810014621 17 329282.020000 3463470.170000 -2.944807 17.340000 5C4225714 7 -61 
1721810014674 1721810014693 19 329281.160000 3463469.990000 -2.944807 17.260000 5C4225714 7 -61 
1721810014730 1721810014751 21 329280.310000 3463469.830000 -2.944807 17.200000 5C4225714 7 -61 
1721810014785 1721810014802 17 329279.470000 3463469.650000 -2.944807 17.080000 5C4225714 7 -61 
1721810014841 1721810014861 20 329278.460000 3463469.440000 -2.933026 17.040000 5C4225714 7 -61 
1721810014896 1721810014912 16 329277.620000 3463469.260000 -2.933026 16.920000 5C4225714 7 -61 
1721810014951 1721810014971 20 329275.970000 3463468.910000 -2.933026 16.640000 5C4225714 7 -61 
1721810015007 1721810015029 22 329275.480000 3463468.800000 -2.933026 16.580000 5C4225714 7 -61 
1721810015062 1721810015081 19 329274.330000 3463468.550000 -2.918409 16.460000 5C4225714 7 -61 
1721810015118 1721810015143 25 329273.530000 3463468.360000 -2.918409 16.340000 5C4225714 7 -61 
1721810015173 1721810015195 22 329272.890000 3463468.220000 -2.918409 16.260000 5C4225714 7 -61 
1721810015228 1721810015249 21 329272.250000 3463468.070000 -2.918409 16.140000 5C4225714 7 -61 
1721810015284 1721810015304 20 329271.140000 3463467.810000 -2.912736 16.020000 5C4225714 7 -61 
1721810015339 1721810015361 22 329270.200000 3463467.600000 -2.912736 15.960000 5C4225714 7 -61 
1721810015394 1721810015420 26 329269.430000 3463467.410000 -2.912736 15.760000 5C4225714 7 -61 
1721810015449 1721810015468 19 329268.820000 3463467.260000 -2.902701 15.700000 5C4225714 7 -61 
1721810015504 1721810015525 21 329267.900000 3463467.050000 -2.902701 15.520000 5C4225714 7 -61 
1721810015559 1721810015579 20 329266.240000 3463466.640000 -2.902701 15.280000 5C4225714 7 -61 
1721810015615 1721810015639 24 329265.500000 3463466.450000 -2.894847 15.160000 5C4225714 7 -61 
1721810015670 1721810015693 23 329264.760000 3463466.280000 -2.894847 15.040000 5C4225714 7 -61 
1721810015725 1721810015745 20 329264.180000 3463466.120000 -2.894847 14.960000 5C4225714 7 -61 
1721810015789 1721810015812 23 329263.600000 3463465.970000 -2.894847 14.820000 5C4225714 7 -61 
1721810015844 1721810015865 21 329262.880000 3463465.800000 -2.890047 14.720000 5C4225714 7 -61 
1721810015900 1721810015922 22 329262.160000 3463465.610000 -2.890047 14.580000 5C4225714 7 -61 
1721810015955 1721810015976 21 329261.450000 3463465.430000 -2.890047 14.420000 5C4225714 7 -61 
1721810016010 1721810016029 19 329260.760000 3463465.240000 -2.890047 14.320000 5C4225714 7 -61 
1721810016065 1721810016086 21 329259.500000 3463464.920000 -2.881539 14.040000 5C4225714 7 -61 
1721810016120 1721810016136 16 329258.560000 3463464.660000 -2.881539 13.980000 5C4225714 7 -61 
1721810016175 1721810016193 18 329257.880000 3463464.480000 -2.881539 13.840000 5C4225714 7 -61 
1721810016230 1721810016250 20 329257.210000 3463464.300000 -2.873248 13.740000 5C4225714 7 -61 
1721810016286 1721810016304 18 329256.550000 3463464.110000 -2.873248 13.580000 5C4225714 7 -61 
1721810016341 1721810016360 19 329255.890000 3463463.940000 -2.873248 13.500000 5C4225714 7 -61 
1721810016396 1721810016416 20 329255.110000 3463463.730000 -2.873248 13.320000 5C4225714 7 -61 
1721810016451 1721810016474 23 329254.470000 3463463.550000 -2.869321 13.220000 5C4225714 7 -61 
