pub_time(ms) sub_time(ms) delay(ms) utmX(m) utmY(m) heading(rad) velocity(m/s) cellid(db) sinr(db) rsrp(db)
1722323998318 1722323998352 34 329244.400000 3463454.220000 0.297142 0.040000 5C4225714 11 -64 
1722323998373 1722323998397 24 329244.430000 3463454.230000 0.297142 0.240000 5C4225714 11 -64 
1722323998428 1722323998455 27 329244.460000 3463454.230000 0.297142 0.340000 5C4225714 11 -64 
1722323998483 1722323998502 19 329244.480000 3463454.240000 0.294524 0.500000 5C4225714 11 -64 
1722323998538 1722323998566 28 329244.520000 3463454.260000 0.294524 0.640000 5C4225714 11 -64 
1722323998597 1722323998620 23 329244.570000 3463454.270000 0.294524 0.800000 5C4225714 11 -64 
1722323998652 1722323998682 30 329244.600000 3463454.290000 0.294524 0.920000 5C4225714 11 -64 
1722323998707 1722323998723 16 329244.630000 3463454.300000 0.294524 1.100000 5C4225714 11 -64 
1722323998762 1722323998781 19 329244.720000 3463454.320000 0.296270 1.240000 5C4225714 11 -64 
1722323998817 1722323998832 15 329244.790000 3463454.340000 0.296270 1.400000 5C4225714 11 -64 
1722323998871 1722323998889 18 329244.930000 3463454.380000 0.296270 1.740000 5C4225714 11 -64 
1722323998926 1722323998941 15 329245.090000 3463454.430000 0.296706 1.880000 5C4225714 11 -64 
1722323998981 1722323998997 16 329245.180000 3463454.460000 0.296706 2.100000 5C4225714 11 -64 
1722323999035 1722323999053 18 329245.250000 3463454.490000 0.296706 2.220000 5C4225714 11 -64 
1722323999090 1722323999106 16 329245.370000 3463454.520000 0.296706 2.460000 5C4225714 11 -64 
1722323999145 1722323999160 15 329245.490000 3463454.560000 0.298451 2.580000 5C4225714 11 -64 
1722323999200 1722323999219 19 329245.650000 3463454.610000 0.298451 2.780000 5C4225714 11 -64 
1722323999255 1722323999273 18 329245.760000 3463454.640000 0.298451 3.040000 5C4225714 11 -64 
1722323999309 1722323999325 16 329245.970000 3463454.720000 0.300851 3.180000 5C4225714 11 -64 
1722323999364 1722323999385 21 329246.100000 3463454.760000 0.300851 3.400000 5C4225714 11 -64 
1722323999419 1722323999439 20 329246.300000 3463454.820000 0.300851 3.600000 5C4225714 11 -64 
1722323999474 1722323999494 20 329246.490000 3463454.890000 0.300851 3.760000 5C4225714 11 -64 
1722323999529 1722323999548 19 329246.630000 3463454.930000 0.306305 3.960000 5C4225714 11 -64 
1722323999584 1722323999602 18 329247.020000 3463455.070000 0.306305 4.320000 5C4225714 11 -64 
1722323999642 1722323999661 19 329247.230000 3463455.130000 0.306305 4.460000 5C4225714 11 -64 
1722323999701 1722323999724 23 329247.490000 3463455.230000 0.312414 4.680000 5C4225714 11 -64 
1722323999755 1722323999773 18 329247.720000 3463455.300000 0.312414 4.840000 5C4225714 11 -64 
1722323999810 1722323999827 17 329248.010000 3463455.390000 0.312414 5.060000 5C4225714 11 -64 
1722323999865 1722323999881 16 329248.200000 3463455.470000 0.312414 5.220000 5C4225714 11 -64 
1722323999920 1722323999939 19 329248.500000 3463455.570000 0.322231 5.480000 5C4225714 11 -64 
1722323999975 1722323999994 19 329248.550000 3463455.580000 0.322231 5.580000 5C4225714 11 -64 
1722324000030 1722324000049 19 329248.930000 3463455.720000 0.322231 5.820000 5C4225714 11 -64 
1722324000085 1722324000105 20 329249.250000 3463455.840000 0.322231 6.000000 5C4225714 11 -64 
1722324000140 1722324000159 19 329249.840000 3463456.050000 0.332703 6.340000 5C4225714 11 -64 
1722324000195 1722324000213 18 329250.140000 3463456.160000 0.332703 6.560000 5C4225714 11 -64 
1722324000250 1722324000267 17 329250.520000 3463456.300000 0.332703 6.720000 5C4225714 11 -64 
1722324000305 1722324000329 24 329250.900000 3463456.430000 0.339467 6.940000 5C4225714 11 -64 
1722324000360 1722324000379 19 329251.240000 3463456.550000 0.339467 7.200000 5C4225714 11 -64 
1722324000414 1722324000433 19 329251.500000 3463456.660000 0.339467 7.300000 5C4225714 11 -64 
1722324000470 1722324000487 17 329251.710000 3463456.730000 0.339467 7.580000 5C4225714 11 -64 
1722324000525 1722324000541 16 329252.210000 3463456.910000 0.346012 7.740000 5C4225714 11 -64 
1722324000580 1722324000600 20 329252.580000 3463457.050000 0.346012 7.920000 5C4225714 11 -64 
1722324000635 1722324000655 20 329252.870000 3463457.160000 0.346012 8.080000 5C4225714 11 -64 
1722324000690 1722324000710 20 329253.330000 3463457.330000 0.346012 8.320000 5C4225714 11 -64 
1722324000747 1722324000764 17 329254.050000 3463457.580000 0.354738 8.720000 5C4225714 11 -64 
1722324000802 1722324000823 21 329254.290000 3463457.680000 0.354738 8.840000 5C4225714 11 -64 
1722324000857 1722324000877 20 329254.870000 3463457.890000 0.354738 9.040000 5C4225714 11 -64 
1722324000912 1722324000931 19 329255.370000 3463458.070000 0.355611 9.180000 5C4225714 11 -64 
1722324000967 1722324000986 19 329255.810000 3463458.230000 0.355611 9.440000 5C4225714 11 -64 
1722324001022 1722324001047 25 329256.250000 3463458.390000 0.355611 9.660000 5C4225714 11 -64 
1722324001077 1722324001096 19 329256.800000 3463458.590000 0.355611 9.780000 5C4225714 11 -64 
1722324001132 1722324001150 18 329257.260000 3463458.750000 0.355393 10.020000 5C4225714 11 -64 
1722324001187 1722324001204 17 329257.640000 3463458.890000 0.355393 10.160000 5C4225714 11 -64 
1722324001242 1722324001259 17 329258.310000 3463459.130000 0.355393 10.300000 5C4225714 11 -64 
1722324001297 1722324001313 16 329258.710000 3463459.270000 0.355393 10.440000 5C4225714 11 -64 
1722324001352 1722324001367 15 329259.610000 3463459.570000 0.353647 10.760000 5C4225714 11 -64 
1722324001407 1722324001422 15 329260.110000 3463459.750000 0.353647 10.900000 5C4225714 11 -64 
1722324001462 1722324001482 20 329260.740000 3463459.970000 0.353647 11.060000 5C4225714 11 -64 
1722324001517 1722324001536 19 329261.150000 3463460.110000 0.346448 11.240000 5C4225714 11 -64 
1722324001572 1722324001590 18 329261.790000 3463460.340000 0.346448 11.460000 5C4225714 11 -64 
1722324001627 1722324001643 16 329262.440000 3463460.560000 0.346448 11.560000 5C4225714 11 -64 
1722324001682 1722324001703 21 329262.870000 3463460.710000 0.346448 11.800000 5C4225714 11 -64 
1722324001737 1722324001756 19 329263.540000 3463460.940000 0.343612 11.920000 5C4225714 11 -64 
1722324001792 1722324001810 18 329263.990000 3463461.100000 0.343612 12.080000 5C4225714 11 -64 
1722324001847 1722324001865 18 329264.800000 3463461.370000 0.343612 12.240000 5C4225714 11 -64 
1722324001907 1722324001925 18 329265.370000 3463461.570000 0.341430 12.360000 5C4225714 11 -64 
1722324001961 1722324001979 18 329266.330000 3463461.890000 0.341430 12.600000 5C4225714 11 -64 
1722324002016 1722324002035 19 329266.920000 3463462.090000 0.341430 12.720000 5C4225714 11 -64 
1722324002071 1722324002098 27 329267.530000 3463462.300000 0.341430 12.880000 5C4225714 11 -64 
1722324002126 1722324002142 16 329268.270000 3463462.550000 0.336849 13.000000 5C4225714 11 -64 
1722324002181 1722324002198 17 329268.890000 3463462.750000 0.336849 13.120000 5C4225714 11 -64 
1722324002236 1722324002258 22 329269.520000 3463462.950000 0.336849 13.300000 5C4225714 11 -64 
1722324002291 1722324002307 16 329270.020000 3463463.120000 0.336849 13.440000 5C4225714 11 -64 
1722324002345 1722324002361 16 329270.920000 3463463.400000 0.328776 13.540000 5C4225714 11 -64 
1722324002401 1722324002421 20 329271.580000 3463463.620000 0.328776 13.680000 5C4225714 11 -64 
1722324002456 1722324002475 19 329271.970000 3463463.730000 0.328776 13.760000 5C4225714 11 -64 
1722324002511 1722324002528 17 329272.620000 3463463.940000 0.328776 13.940000 5C4225714 11 -64 
1722324002566 1722324002583 17 329273.420000 3463464.180000 0.319613 14.020000 5C4225714 11 -64 
1722324002621 1722324002638 17 329274.640000 3463464.550000 0.319613 14.280000 5C4225714 11 -64 
1722324002676 1722324002695 19 329275.590000 3463464.840000 0.305869 14.420000 5C4225714 11 -64 
1722324002731 1722324002749 18 329276.290000 3463465.040000 0.305869 14.500000 5C4225714 11 -64 
1722324002786 1722324002805 19 329276.710000 3463465.160000 0.305869 14.620000 5C4225714 11 -64 
1722324002841 1722324002859 18 329277.840000 3463465.480000 0.305869 14.780000 5C4225714 11 -64 
1722324002896 1722324002913 17 329278.420000 3463465.640000 0.293433 14.820000 5C4225714 11 -64 
1722324002950 1722324002968 18 329279.280000 3463465.870000 0.293433 15.000000 5C4225714 11 -64 
1722324003006 1722324003022 16 329279.710000 3463466.000000 0.293433 15.060000 5C4225714 11 -64 
1722324003061 1722324003076 15 329280.140000 3463466.120000 0.293433 15.120000 5C4225714 11 -64 
1722324003116 1722324003134 18 329281.020000 3463466.340000 0.293433 15.220000 5C4225714 11 -64 
1722324003171 1722324003188 17 329282.050000 3463466.620000 0.278816 15.280000 5C4225714 11 -64 
1722324003226 1722324003241 15 329283.250000 3463466.920000 0.278816 15.520000 5C4225714 11 -64 
1722324003281 1722324003297 16 329284.300000 3463467.180000 0.263545 15.620000 5C4225714 11 -64 
1722324003336 1722324003354 18 329285.210000 3463467.400000 0.263545 15.720000 5C4225714 11 -64 
1722324003392 1722324003410 18 329285.970000 3463467.570000 0.263545 15.740000 5C4225714 11 -64 
1722324003447 1722324003464 17 329286.900000 3463467.780000 0.263545 15.820000 5C4225714 11 -64 
1722324003502 1722324003518 16 329287.670000 3463467.940000 0.241946 15.940000 5C4225714 11 -64 
1722324003557 1722324003572 15 329288.450000 3463468.120000 0.241946 15.980000 5C4225714 11 -64 
1722324003612 1722324003631 19 329289.240000 3463468.280000 0.241946 16.160000 5C4225714 11 -64 
1722324003667 1722324003685 18 329289.710000 3463468.380000 0.241946 16.220000 5C4225714 11 -64 
1722324003722 1722324003739 17 329290.500000 3463468.540000 0.224275 16.320000 5C4225714 11 -64 
1722324003777 1722324003793 16 329291.310000 3463468.690000 0.224275 16.420000 5C4225714 11 -64 
1722324003832 1722324003852 20 329291.630000 3463468.760000 0.224275 16.500000 5C4225714 11 -64 
1722324003887 1722324003906 19 329293.730000 3463469.140000 0.204640 16.680000 5C4225714 11 -64 
1722324003942 1722324003961 19 329294.880000 3463469.350000 0.204640 16.740000 5C4225714 11 -64 
1722324004001 1722324004020 19 329295.710000 3463469.490000 0.204640 16.860000 5C4225714 11 -64 
1722324004060 1722324004080 20 329296.210000 3463469.570000 0.204640 16.900000 5C4225714 11 -64 
1722324004115 1722324004136 21 329297.040000 3463469.700000 0.182823 17.040000 5C4225714 11 -64 
1722324004170 1722324004187 17 329297.890000 3463469.830000 0.182823 17.120000 5C4225714 11 -64 
1722324004225 1722324004243 18 329299.750000 3463470.090000 0.182823 17.320000 5C4225714 11 -64 
1722324004279 1722324004296 17 329300.610000 3463470.200000 0.153807 17.360000 5C4225714 11 -64 
1722324004334 1722324004353 19 329301.480000 3463470.300000 0.153807 17.460000 5C4225714 11 -64 
1722324004389 1722324004408 19 329302.340000 3463470.400000 0.153807 17.520000 5C4225714 11 -64 
1722324004445 1722324004463 18 329303.390000 3463470.520000 0.153807 17.660000 5C4225714 11 -64 
1722324004500 1722324004518 18 329304.430000 3463470.610000 0.129591 17.720000 5C4225714 11 -64 
1722324004555 1722324004571 16 329305.140000 3463470.690000 0.129591 17.780000 5C4225714 11 -64 
1722324004610 1722324004625 15 329306.030000 3463470.760000 0.129591 17.940000 5C4225714 11 -64 
1722324004665 1722324004684 19 329306.740000 3463470.820000 0.129591 17.960000 5C4225714 11 -64 
1722324004721 1722324004746 25 329307.460000 3463470.870000 0.099920 18.120000 5C4225714 11 -64 
1722324004775 1722324004793 18 329308.720000 3463470.950000 0.099920 18.120000 5C4225714 11 -64 
1722324004830 1722324004846 16 329310.520000 3463471.030000 0.099920 18.220000 5C4225714 11 -64 
1722324004885 1722324004909 24 329311.430000 3463471.060000 0.065886 18.340000 5C4225714 11 -64 
1722324004940 1722324004958 18 329312.360000 3463471.090000 0.065886 18.480000 5C4225714 11 -64 
1722324004995 1722324005022 27 329313.090000 3463471.100000 0.065886 18.540000 5C4225714 11 -64 
1722324005050 1722324005068 18 329314.370000 3463471.110000 0.065886 18.620000 5C4225714 11 -64 
1722324005108 1722324005128 20 329315.300000 3463471.110000 0.030107 18.580000 5C4225714 11 -64 
1722324005163 1722324005182 19 329316.420000 3463471.100000 0.030107 18.680000 5C4225714 11 -64 
1722324005222 1722324005248 26 329317.350000 3463471.090000 0.030107 18.720000 5C4225714 11 -62 
1722324005278 1722324005297 19 329318.290000 3463471.060000 0.030107 18.820000 5C4225714 9 -62 
1722324005333 1722324005351 18 329318.850000 3463471.040000 -0.000873 18.900000 5C4225714 9 -62 
1722324005388 1722324005405 17 329320.730000 3463470.950000 -0.000873 19.020000 5C4225714 9 -62 
1722324005444 1722324005459 15 329321.870000 3463470.890000 -0.000873 19.040000 5C4225714 9 -62 
1722324005499 1722324005518 19 329322.060000 3463470.880000 -0.000873 19.100000 5C4225714 9 -62 
1722324005554 1722324005572 18 329323.780000 3463470.770000 -0.033379 19.160000 5C4225714 9 -62 
1722324005609 1722324005626 17 329324.930000 3463470.690000 -0.033379 19.240000 5C4225714 9 -62 
1722324005664 1722324005681 17 329325.690000 3463470.620000 -0.033379 19.300000 5C4225714 9 -62 
1722324005719 1722324005738 19 329326.650000 3463470.540000 -0.059123 19.400000 5C4225714 9 -62 
1722324005774 1722324005792 18 329327.620000 3463470.470000 -0.059123 19.420000 5C4225714 9 -62 
1722324005829 1722324005847 18 329328.010000 3463470.430000 -0.059123 19.500000 5C4225714 9 -62 
1722324005884 1722324005903 19 329329.360000 3463470.300000 -0.059123 19.500000 5C4225714 9 -62 
1722324005938 1722324005957 19 329330.530000 3463470.190000 -0.072213 19.640000 5C4225714 9 -62 
1722324005994 1722324006010 16 329331.510000 3463470.090000 -0.072213 19.660000 5C4225714 9 -62 
1722324006049 1722324006064 15 329333.660000 3463469.870000 -0.072213 19.800000 5C4225714 9 -62 
1722324006104 1722324006123 19 329334.650000 3463469.760000 -0.085739 19.840000 5C4225714 9 -62 
1722324006159 1722324006177 18 329335.640000 3463469.650000 -0.085739 19.920000 5C4225714 9 -62 
1722324006214 1722324006231 17 329336.630000 3463469.520000 -0.085739 20.020000 5C4225714 9 -62 
1722324006269 1722324006287 18 329337.620000 3463469.410000 -0.085739 20.080000 5C4225714 9 -62 
1722324006328 1722324006347 19 329338.220000 3463469.330000 -0.102538 20.180000 5C4225714 9 -62 
1722324006382 1722324006408 26 329339.610000 3463469.150000 -0.102538 20.200000 5C4225714 9 -62 
1722324006437 1722324006454 17 329340.810000 3463468.990000 -0.102538 20.260000 5C4225714 9 -62 
1722324006493 1722324006510 17 329341.420000 3463468.900000 -0.102538 20.280000 5C4225714 9 -62 
1722324006548 1722324006571 23 329342.220000 3463468.790000 -0.115628 20.340000 5C4225714 9 -62 
1722324006603 1722324006620 17 329344.240000 3463468.500000 -0.115628 20.500000 5C4225714 9 -62 
1722324006658 1722324006679 21 329345.660000 3463468.280000 -0.115628 20.580000 5C4225714 9 -62 
1722324006713 1722324006733 20 329346.670000 3463468.130000 -0.129809 20.620000 5C4225714 9 -62 
1722324006768 1722324006787 19 329347.900000 3463467.930000 -0.129809 20.700000 5C4225714 9 -62 
1722324006823 1722324006849 26 329348.710000 3463467.790000 -0.129809 20.720000 5C4225714 9 -62 
1722324006878 1722324006900 22 329349.730000 3463467.620000 -0.129809 20.780000 5C4225714 9 -62 
1722324006933 1722324006952 19 329350.970000 3463467.420000 -0.143990 20.840000 5C4225714 9 -62 
1722324006988 1722324007004 16 329352.200000 3463467.220000 -0.143990 20.860000 5C4225714 9 -62 
1722324007042 1722324007059 17 329353.030000 3463467.070000 -0.143990 20.920000 5C4225714 9 -62 
1722324007097 1722324007113 16 329354.260000 3463466.850000 -0.153153 20.960000 5C4225714 9 -62 
1722324007152 1722324007167 15 329354.470000 3463466.810000 -0.153153 21.040000 5C4225714 9 -62 
1722324007207 1722324007226 19 329356.760000 3463466.410000 -0.153153 21.120000 5C4225714 9 -62 
1722324007262 1722324007287 25 329358.200000 3463466.140000 -0.162097 21.140000 5C4225714 9 -62 
1722324007317 1722324007335 18 329359.250000 3463465.960000 -0.162097 21.180000 5C4225714 9 -62 
1722324007388 1722324007405 17 329360.290000 3463465.780000 -0.162097 21.180000 5C4225714 9 -62 
1722324007442 1722324007460 18 329361.540000 3463465.550000 -0.162097 21.220000 5C4225714 9 -62 
1722324007497 1722324007525 28 329362.590000 3463465.350000 -0.163188 21.240000 5C4225714 9 -62 
1722324007552 1722324007571 19 329363.430000 3463465.190000 -0.163188 21.320000 5C4225714 9 -62 
1722324007608 1722324007628 20 329364.280000 3463465.040000 -0.163188 21.320000 5C4225714 9 -62 
1722324007662 1722324007679 17 329366.370000 3463464.650000 -0.163188 21.380000 5C4225714 9 -62 
1722324007717 1722324007738 21 329367.430000 3463464.450000 -0.168424 21.480000 5C4225714 9 -62 
1722324007772 1722324007793 21 329368.690000 3463464.210000 -0.168424 21.440000 5C4225714 9 -62 
1722324007827 1722324007848 21 329369.740000 3463464.000000 -0.168424 21.480000 5C4225714 9 -62 
1722324007882 1722324007902 20 329370.590000 3463463.850000 -0.168424 21.480000 5C4225714 9 -62 
1722324007937 1722324007962 25 329371.650000 3463463.640000 -0.173006 21.520000 5C4225714 9 -62 
1722324007992 1722324008018 26 329373.130000 3463463.360000 -0.173006 21.540000 5C4225714 9 -62 
1722324008047 1722324008074 27 329374.200000 3463463.160000 -0.173006 21.560000 5C4225714 9 -62 
1722324008102 1722324008118 16 329375.470000 3463462.910000 -0.170824 21.620000 5C4225714 9 -62 
1722324008162 1722324008183 21 329376.320000 3463462.750000 -0.170824 21.620000 5C4225714 9 -62 
1722324008219 1722324008237 18 329378.670000 3463462.310000 -0.170824 21.660000 5C4225714 9 -62 
1722324008278 1722324008293 15 329379.300000 3463462.170000 -0.171479 21.720000 5C4225714 9 -62 
1722324008332 1722324008349 17 329380.170000 3463462.020000 -0.171479 21.680000 5C4225714 9 -62 
1722324008387 1722324008404 17 329381.660000 3463461.740000 -0.171479 21.760000 5C4225714 9 -62 
1722324008448 1722324008466 18 329382.730000 3463461.530000 -0.171479 21.780000 5C4225714 9 -62 
1722324008502 1722324008518 16 329383.580000 3463461.360000 -0.173442 21.820000 5C4225714 9 -62 
1722324008558 1722324008577 19 329384.870000 3463461.120000 -0.173442 21.820000 5C4225714 9 -62 
1722324008613 1722324008628 15 329385.950000 3463460.910000 -0.173442 21.880000 5C4225714 9 -62 
1722324008669 1722324008686 17 329386.810000 3463460.750000 -0.173442 21.860000 5C4225714 9 -62 
1722324008726 1722324008743 17 329389.180000 3463460.290000 -0.170606 21.900000 5C4225714 9 -62 
1722324008781 1722324008797 16 329390.050000 3463460.140000 -0.170606 21.960000 5C4225714 9 -62 
1722324008836 1722324008857 21 329391.340000 3463459.880000 -0.170606 21.960000 5C4225714 9 -62 
1722324008891 1722324008909 18 329392.200000 3463459.710000 -0.173878 21.980000 5C4225714 9 -62 
1722324008948 1722324008967 19 329393.290000 3463459.520000 -0.173878 21.980000 5C4225714 9 -62 
1722324009003 1722324009021 18 329394.370000 3463459.300000 -0.173878 22.000000 5C4225714 9 -62 
1722324009059 1722324009078 19 329395.890000 3463459.010000 -0.173878 22.000000 5C4225714 9 -62 
1722324009114 1722324009131 17 329396.970000 3463458.800000 -0.172351 22.000000 5C4225714 9 -62 
1722324009170 1722324009189 19 329397.850000 3463458.630000 -0.172351 22.000000 5C4225714 9 -62 
1722324009227 1722324009250 23 329400.450000 3463458.140000 -0.172351 22.060000 5C4225714 9 -62 
1722324009283 1722324009304 21 329401.530000 3463457.920000 -0.172351 22.060000 5C4225714 9 -62 
1722324009338 1722324009362 24 329402.630000 3463457.730000 -0.172351 22.060000 5C4225714 9 -62 
1722324009393 1722324009410 17 329403.720000 3463457.510000 -0.172351 22.040000 5C4225714 9 -62 
1722324009449 1722324009468 19 329404.140000 3463457.420000 -0.172351 22.060000 5C4225714 9 -62 
1722324009504 1722324009527 23 329405.660000 3463457.130000 -0.173224 22.060000 5C4225714 9 -62 
1722324009559 1722324009576 17 329406.550000 3463456.970000 -0.173224 22.060000 5C4225714 9 -62 
1722324009614 1722324009633 19 329407.630000 3463456.760000 -0.173224 22.060000 5C4225714 9 -62 
1722324009670 1722324009687 17 329408.720000 3463456.550000 -0.173224 22.080000 5C4225714 9 -62 
1722324009727 1722324009743 16 329410.240000 3463456.250000 -0.171479 22.080000 5C4225714 9 -62 
1722324009782 1722324009802 20 329411.980000 3463455.920000 -0.171479 22.100000 5C4225714 9 -62 
1722324009838 1722324009854 16 329413.500000 3463455.630000 -0.171479 22.080000 5C4225714 9 -62 
1722324009898 1722324009924 26 329413.940000 3463455.550000 -0.172569 22.140000 5C4225714 9 -62 
1722324009954 1722324009973 19 329415.260000 3463455.290000 -0.172569 22.100000 5C4225714 9 -62 
1722324010009 1722324010028 19 329416.340000 3463455.090000 -0.172569 22.140000 5C4225714 9 -62 
1722324010063 1722324010086 23 329417.650000 3463454.830000 -0.172569 22.120000 5C4225714 9 -62 
1722324010119 1722324010138 19 329417.870000 3463454.780000 -0.172569 22.140000 5C4225714 9 -62 
1722324010176 1722324010198 22 329419.830000 3463454.410000 -0.173442 22.140000 5C4225714 9 -62 
1722324010233 1722324010249 16 329420.920000 3463454.190000 -0.173442 22.160000 5C4225714 9 -62 
1722324010289 1722324010310 21 329423.320000 3463453.720000 -0.176496 22.160000 5C4225714 9 -62 
1722324010345 1722324010360 15 329424.190000 3463453.560000 -0.176496 22.160000 5C4225714 9 -62 
1722324010400 1722324010418 18 329425.720000 3463453.260000 -0.176496 22.140000 5C4225714 9 -62 
1722324010455 1722324010482 27 329425.940000 3463453.210000 -0.176496 22.140000 5C4225714 9 -62 
1722324010510 1722324010530 20 329427.900000 3463452.830000 -0.177805 22.100000 5C4225714 9 -62 
1722324010565 1722324010582 17 329428.340000 3463452.750000 -0.177805 22.120000 5C4225714 9 -62 
1722324010624 1722324010642 18 329429.860000 3463452.450000 -0.177805 22.120000 5C4225714 9 -62 
1722324010678 1722324010696 18 329430.510000 3463452.320000 -0.177805 22.140000 5C4225714 9 -62 
1722324010734 1722324010750 16 329431.810000 3463452.060000 -0.175624 22.100000 5C4225714 9 -62 
1722324010789 1722324010804 15 329433.120000 3463451.810000 -0.175624 22.100000 5C4225714 9 -62 
1722324010844 1722324010863 19 329435.300000 3463451.380000 -0.175624 22.060000 5C4225714 9 -62 
1722324010899 1722324010917 18 329436.380000 3463451.170000 -0.177151 22.060000 5C4225714 9 -62 
1722324010954 1722324010972 18 329437.250000 3463451.000000 -0.177151 22.060000 5C4225714 9 -62 
1722324011009 1722324011026 17 329438.550000 3463450.740000 -0.177151 22.060000 5C4225714 9 -62 
1722324011064 1722324011083 19 329439.850000 3463450.480000 -0.177151 22.040000 5C4225714 9 -62 
1722324011119 1722324011136 17 329440.940000 3463450.270000 -0.177369 22.040000 5C4225714 9 -62 
1722324011174 1722324011198 24 329441.810000 3463450.090000 -0.177369 22.020000 5C4225714 9 -62 
1722324011230 1722324011246 16 329443.110000 3463449.840000 -0.177369 22.060000 5C4225714 9 -62 
1722324011285 1722324011305 20 329444.190000 3463449.620000 -0.177369 22.000000 5C4225714 9 -62 
1722324011340 1722324011359 19 329445.280000 3463449.400000 -0.179551 22.060000 5C4225714 9 -62 
1722324011395 1722324011413 18 329445.930000 3463449.280000 -0.179551 22.000000 5C4225714 9 -62 
1722324011450 1722324011467 17 329448.740000 3463448.700000 -0.180423 22.000000 5C4225714 9 -62 
1722324011505 1722324011522 17 329449.390000 3463448.580000 -0.180423 22.020000 5C4225714 9 -62 
1722324011560 1722324011581 21 329450.470000 3463448.370000 -0.180423 22.000000 5C4225714 9 -62 
1722324011615 1722324011636 21 329451.770000 3463448.100000 -0.180423 21.980000 5C4225714 9 -62 
1722324011670 1722324011690 20 329452.850000 3463447.880000 -0.180423 21.980000 5C4225714 9 -62 
1722324011733 1722324011753 20 329453.940000 3463447.670000 -0.182605 22.000000 5C4225714 9 -62 
1722324011788 1722324011814 26 329455.010000 3463447.450000 -0.182605 22.000000 5C4225714 9 -62 
1722324011843 1722324011863 20 329455.230000 3463447.400000 -0.182605 21.980000 5C4225714 9 -62 
1722324011898 1722324011917 19 329457.380000 3463446.970000 -0.184350 21.980000 5C4225714 9 -62 
1722324011953 1722324011971 18 329459.330000 3463446.570000 -0.184350 21.960000 5C4225714 9 -62 
1722324012009 1722324012025 16 329460.620000 3463446.300000 -0.184350 21.940000 5C4225714 9 -62 
1722324012064 1722324012080 16 329461.060000 3463446.220000 -0.184350 21.980000 5C4225714 9 -62 
1722324012119 1722324012136 17 329462.350000 3463445.940000 -0.186532 21.940000 5C4225714 9 -62 
1722324012174 1722324012191 17 329463.430000 3463445.730000 -0.186532 21.960000 5C4225714 9 -62 
1722324012229 1722324012250 21 329464.720000 3463445.460000 -0.186532 21.900000 5C4225714 9 -62 
1722324012284 1722324012305 21 329465.360000 3463445.330000 -0.186532 21.960000 5C4225714 9 -62 
1722324012340 1722324012359 19 329466.650000 3463445.060000 -0.186750 21.920000 5C4225714 9 -62 
1722324012395 1722324012413 18 329467.950000 3463444.800000 -0.186750 21.920000 5C4225714 9 -62 
1722324012450 1722324012467 17 329469.240000 3463444.520000 -0.186750 21.920000 5C4225714 9 -62 
1722324012505 1722324012526 21 329470.310000 3463444.310000 -0.187405 21.900000 5C4225714 9 -62 
1722324012560 1722324012580 20 329472.470000 3463443.860000 -0.187405 21.920000 5C4225714 9 -62 
1722324012615 1722324012634 19 329473.540000 3463443.630000 -0.187405 21.920000 5C4225714 9 -62 
1722324012670 1722324012689 19 329474.840000 3463443.360000 -0.189586 21.900000 5C4225714 9 -62 
1722324012725 1722324012745 20 329475.920000 3463443.140000 -0.189586 21.940000 5C4225714 9 -62 
1722324012785 1722324012802 17 329476.990000 3463442.910000 -0.189586 21.920000 5C4225714 9 -62 
1722324012844 1722324012864 20 329478.060000 3463442.680000 -0.189586 21.960000 5C4225714 9 -62 
1722324012899 1722324012918 19 329478.920000 3463442.500000 -0.190459 21.920000 5C4225714 9 -62 
1722324012954 1722324012971 17 329479.560000 3463442.360000 -0.190459 21.920000 5C4225714 9 -62 
1722324013009 1722324013025 16 329480.640000 3463442.140000 -0.190459 21.900000 5C4225714 9 -62 
1722324013064 1722324013087 23 329483.220000 3463441.590000 -0.191768 21.920000 5C4225714 9 -62 
1722324013120 1722324013139 19 329484.310000 3463441.360000 -0.191768 21.900000 5C4225714 9 -62 
1722324013175 1722324013198 23 329485.380000 3463441.130000 -0.191768 21.900000 5C4225714 9 -62 
1722324013229 1722324013248 19 329486.450000 3463440.910000 -0.191768 21.900000 5C4225714 9 -62 
1722324013284 1722324013301 17 329487.730000 3463440.630000 -0.191768 21.900000 5C4225714 9 -62 
1722324013342 1722324013362 20 329488.810000 3463440.400000 -0.191768 21.900000 5C4225714 9 -62 
1722324013397 1722324013420 23 329489.890000 3463440.170000 -0.191768 21.920000 5C4225714 9 -62 
1722324013454 1722324013476 22 329490.960000 3463439.930000 -0.191768 21.900000 5C4225714 9 -62 
1722324013509 1722324013533 24 329492.250000 3463439.660000 -0.194168 21.920000 5C4225714 9 -62 
1722324013564 1722324013582 18 329493.330000 3463439.430000 -0.194168 21.900000 5C4225714 9 -62 
1722324013619 1722324013637 18 329495.470000 3463438.960000 -0.194168 21.900000 5C4225714 9 -62 
1722324013674 1722324013692 18 329496.550000 3463438.740000 -0.195913 21.920000 5C4225714 9 -62 
1722324013729 1722324013746 17 329497.190000 3463438.600000 -0.195913 21.900000 5C4225714 9 -62 
1722324013785 1722324013805 20 329498.060000 3463438.410000 -0.195913 21.900000 5C4225714 9 -62 
1722324013840 1722324013859 19 329499.120000 3463438.180000 -0.195913 21.900000 5C4225714 9 -62 
1722324013895 1722324013912 17 329500.620000 3463437.850000 -0.197222 21.900000 5C4225714 9 -62 
1722324013950 1722324013971 21 329501.490000 3463437.670000 -0.197222 21.900000 5C4225714 9 -62 
1722324014005 1722324014023 18 329502.770000 3463437.380000 -0.197222 21.900000 5C4225714 9 -62 
1722324014060 1722324014078 18 329503.840000 3463437.150000 -0.197222 21.900000 5C4225714 9 -62 
1722324014115 1722324014132 17 329504.920000 3463436.910000 -0.197877 21.880000 5C4225714 9 -62 
1722324014170 1722324014187 17 329506.210000 3463436.640000 -0.197877 21.900000 5C4225714 9 -62 
1722324014225 1722324014241 16 329507.910000 3463436.270000 -0.197877 21.880000 5C4225714 9 -62 
1722324014280 1722324014300 20 329509.410000 3463435.930000 -0.198968 21.860000 5C4225714 9 -62 
1722324014335 1722324014354 19 329510.060000 3463435.800000 -0.198968 21.880000 5C4225714 9 -62 
1722324014390 1722324014408 18 329511.780000 3463435.430000 -0.198968 21.880000 5C4225714 9 -62 
1722324014446 1722324014462 16 329512.840000 3463435.190000 -0.198968 21.900000 5C4225714 9 -62 
1722324014501 1722324014517 16 329513.690000 3463435.000000 -0.196786 21.860000 5C4225714 9 -62 
1722324014556 1722324014574 18 329514.350000 3463434.860000 -0.196786 21.900000 5C4225714 9 -62 
1722324014611 1722324014635 24 329515.630000 3463434.580000 -0.196786 21.860000 5C4225714 9 -62 
1722324014666 1722324014684 18 329516.480000 3463434.400000 -0.196786 21.820000 5C4225714 9 -62 
1722324014721 1722324014738 17 329517.760000 3463434.120000 -0.198095 21.840000 5C4225714 9 -62 
1722324014776 1722324014793 17 329519.060000 3463433.850000 -0.198095 21.820000 5C4225714 9 -62 
1722324014831 1722324014849 18 329520.980000 3463433.430000 -0.198095 21.840000 5C4225714 9 -62 
1722324014886 1722324014904 18 329522.480000 3463433.100000 -0.194168 21.860000 5C4225714 9 -62 
1722324014946 1722324014960 14 329523.560000 3463432.870000 -0.194168 21.820000 5C4225714 9 -62 
1722324015004 1722324015022 18 329524.620000 3463432.650000 -0.194168 21.860000 5C4225714 9 -62 
1722324015060 1722324015076 16 329525.700000 3463432.420000 -0.194168 21.820000 5C4225714 9 -62 
1722324015114 1722324015131 17 329526.760000 3463432.190000 -0.193732 21.860000 5C4225714 9 -62 
1722324015169 1722324015186 17 329527.840000 3463431.960000 -0.193732 21.840000 5C4225714 9 -62 
1722324015224 1722324015242 18 329528.490000 3463431.830000 -0.193732 21.840000 5C4225714 9 -62 
1722324015280 1722324015296 16 329529.550000 3463431.590000 -0.193732 21.820000 5C4225714 9 -62 
1722324015335 1722324015350 15 329531.910000 3463431.100000 -0.191768 21.820000 5C4225714 9 -62 
1722324015390 1722324015409 19 329532.980000 3463430.870000 -0.191768 21.820000 5C4225714 9 -62 
1722324015445 1722324015463 18 329533.620000 3463430.740000 -0.191768 21.780000 5C4225714 9 -62 
1722324015500 1722324015517 17 329535.110000 3463430.420000 -0.189805 21.800000 5C4225714 9 -62 
1722324015555 1722324015571 16 329536.400000 3463430.150000 -0.189805 21.740000 5C4225714 9 -62 
1722324015611 1722324015631 20 329537.460000 3463429.930000 -0.189805 21.740000 5C4225714 9 -62 
1722324015666 1722324015685 19 329538.530000 3463429.700000 -0.189805 21.760000 5C4225714 9 -62 
1722324015721 1722324015739 18 329539.820000 3463429.440000 -0.188714 21.720000 5C4225714 9 -62 
1722324015776 1722324015795 19 329540.240000 3463429.340000 -0.188714 21.740000 5C4225714 9 -62 
1722324015831 1722324015848 17 329541.730000 3463429.030000 -0.188714 21.720000 5C4225714 9 -62 
1722324015887 1722324015904 17 329542.370000 3463428.900000 -0.188714 21.720000 5C4225714 9 -62 
1722324015941 1722324015958 17 329544.720000 3463428.410000 -0.189586 21.700000 5C4225714 9 -62 
1722324015996 1722324016013 17 329545.990000 3463428.140000 -0.189586 21.660000 5C4225714 9 -62 
1722324016051 1722324016071 20 329546.840000 3463427.960000 -0.189586 21.640000 5C4225714 9 -62 
1722324016106 1722324016123 17 329548.110000 3463427.700000 -0.189150 21.580000 5C4225714 9 -62 
1722324016161 1722324016182 21 329549.180000 3463427.480000 -0.189150 21.640000 5C4225714 9 -62 
1722324016217 1722324016238 21 329549.610000 3463427.380000 -0.189150 21.600000 5C4225714 9 -62 
1722324016271 1722324016288 17 329551.520000 3463426.990000 -0.189150 21.640000 5C4225714 9 -62 
1722324016326 1722324016343 17 329552.580000 3463426.770000 -0.189586 21.600000 5C4225714 9 -62 
1722324016382 1722324016397 15 329553.640000 3463426.540000 -0.189586 21.560000 5C4225714 9 -62 
1722324016437 1722324016463 26 329554.900000 3463426.280000 -0.189586 21.560000 5C4225714 9 -62 
1722324016492 1722324016511 19 329555.970000 3463426.060000 -0.188059 21.540000 5C4225714 9 -62 
1722324016547 1722324016565 18 329558.080000 3463425.630000 -0.188059 21.500000 5C4225714 9 -62 
1722324016602 1722324016619 17 329559.140000 3463425.400000 -0.188059 21.480000 5C4225714 9 -62 
1722324016657 1722324016674 17 329559.760000 3463425.270000 -0.188059 21.460000 5C4225714 9 -62 
1722324016713 1722324016732 19 329560.820000 3463425.050000 -0.188277 21.460000 5C4225714 9 -62 
1722324016768 1722324016785 17 329561.450000 3463424.920000 -0.188277 21.380000 5C4225714 9 -62 
1722324016823 1722324016839 16 329563.130000 3463424.570000 -0.188277 21.380000 5C4225714 9 -62 
1722324016878 1722324016898 20 329563.760000 3463424.450000 -0.188277 21.300000 5C4225714 9 -62 
1722324016933 1722324016953 20 329565.020000 3463424.180000 -0.186750 21.280000 5C4225714 9 -62 
1722324016989 1722324017006 17 329566.280000 3463423.930000 -0.186750 21.200000 5C4225714 9 -62 
1722324017044 1722324017060 16 329567.320000 3463423.710000 -0.186750 21.200000 5C4225714 9 -62 
1722324017099 1722324017119 20 329568.360000 3463423.500000 -0.186750 21.140000 5C4225714 9 -62 
1722324017154 1722324017173 19 329570.650000 3463423.040000 -0.185005 21.060000 5C4225714 9 -62 
1722324017214 1722324017231 17 329571.470000 3463422.860000 -0.185005 21.040000 5C4225714 9 -62 
1722324017269 1722324017295 26 329572.510000 3463422.650000 -0.185005 20.960000 5C4225714 9 -62 
1722324017325 1722324017342 17 329573.750000 3463422.400000 -0.185005 20.940000 5C4225714 9 -62 
1722324017380 1722324017397 17 329574.570000 3463422.230000 -0.185005 20.860000 5C4225714 9 -62 
1722324017435 1722324017455 20 329576.000000 3463421.930000 -0.185005 20.780000 5C4225714 9 -62 
1722324017490 1722324017509 19 329577.020000 3463421.730000 -0.185005 20.720000 5C4225714 9 -62 
1722324017545 1722324017563 18 329578.040000 3463421.520000 -0.185005 20.640000 5C4225714 9 -62 
1722324017600 1722324017617 17 329578.650000 3463421.400000 -0.185005 20.600000 5C4225714 9 -62 
1722324017656 1722324017672 16 329579.660000 3463421.180000 -0.185005 20.520000 5C4225714 9 -62 
1722324017711 1722324017726 15 329581.890000 3463420.730000 -0.187187 20.360000 5C4225714 9 -62 
1722324017766 1722324017781 15 329582.890000 3463420.520000 -0.187187 20.300000 5C4225714 9 -62 
1722324017821 1722324017838 17 329583.890000 3463420.320000 -0.187187 20.160000 5C4225714 9 -62 
1722324017875 1722324017898 23 329584.870000 3463420.100000 -0.187841 20.040000 5C4225714 9 -62 
1722324017930 1722324017947 17 329585.470000 3463419.980000 -0.187841 19.920000 5C4225714 9 -62 
1722324017985 1722324018001 16 329586.850000 3463419.700000 -0.187841 19.800000 5C4225714 9 -62 
1722324018041 1722324018058 17 329588.020000 3463419.450000 -0.187841 19.660000 5C4225714 9 -62 
1722324018096 1722324018113 17 329588.970000 3463419.250000 -0.189150 19.500000 5C4225714 9 -62 
1722324018151 1722324018168 17 329589.940000 3463419.060000 -0.189150 19.380000 5C4225714 9 -62 
1722324018206 1722324018225 19 329590.700000 3463418.900000 -0.189150 19.200000 5C4225714 9 -62 
1722324018272 1722324018296 24 329592.770000 3463418.470000 -0.190023 18.920000 5C4225714 9 -62 
1722324018327 1722324018344 17 329593.890000 3463418.240000 -0.190023 18.800000 5C4225714 9 -62 
1722324018386 1722324018402 16 329594.620000 3463418.080000 -0.190023 18.560000 5C4225714 9 -62 
1722324018441 1722324018459 18 329595.710000 3463417.850000 -0.190023 18.460000 5C4225714 25 -62 
1722324018496 1722324018516 20 329596.610000 3463417.660000 -0.189368 18.180000 5C4225714 25 -62 
1722324018551 1722324018568 17 329597.520000 3463417.480000 -0.189368 18.100000 5C4225714 25 -62 
1722324018606 1722324018624 18 329598.410000 3463417.290000 -0.189368 17.940000 5C4225714 25 -62 
1722324018662 1722324018684 22 329598.760000 3463417.220000 -0.189368 17.820000 5C4225714 25 -62 
1722324018717 1722324018734 17 329599.800000 3463416.990000 -0.190895 17.680000 5C4225714 25 -62 
1722324018772 1722324018790 18 329601.710000 3463416.590000 -0.190895 17.340000 5C4225714 25 -62 
1722324018827 1722324018843 16 329602.050000 3463416.520000 -0.190895 17.180000 5C4225714 25 -62 
1722324018882 1722324018902 20 329603.400000 3463416.230000 -0.190895 16.980000 5C4225714 25 -62 
1722324018937 1722324018957 20 329604.240000 3463416.060000 -0.190895 16.860000 5C4225714 25 -62 
1722324018993 1722324019008 15 329604.580000 3463415.990000 -0.190895 16.580000 5C4225714 25 -62 
1722324019047 1722324019063 16 329605.880000 3463415.710000 -0.190895 16.460000 5C4225714 25 -62 
1722324019103 1722324019118 15 329606.840000 3463415.500000 -0.191550 16.300000 5C4225714 25 -62 
1722324019158 1722324019179 21 329607.650000 3463415.340000 -0.191550 16.060000 5C4225714 25 -62 
1722324019212 1722324019228 16 329608.430000 3463415.170000 -0.191550 15.880000 5C4225714 25 -62 
1722324019267 1722324019282 15 329609.210000 3463415.010000 -0.191550 15.640000 5C4225714 25 -62 
1722324019322 1722324019338 16 329609.970000 3463414.850000 -0.190459 15.440000 5C4225714 25 -62 
1722324019376 1722324019393 17 329610.720000 3463414.690000 -0.190459 15.120000 5C4225714 25 -62 
1722324019436 1722324019454 18 329612.350000 3463414.360000 -0.190459 14.760000 5C4225714 25 -62 
1722324019491 1722324019511 20 329613.070000 3463414.210000 -0.189805 14.560000 5C4225714 25 -62 
1722324019546 1722324019563 17 329613.780000 3463414.070000 -0.189805 14.400000 5C4225714 25 -62 
1722324019602 1722324019621 19 329614.340000 3463413.950000 -0.189805 14.180000 5C4225714 25 -62 
1722324019657 1722324019674 17 329614.900000 3463413.830000 -0.189805 13.960000 5C4225714 25 -62 
1722324019712 1722324019729 17 329615.580000 3463413.690000 -0.187405 13.720000 5C4225714 25 -62 
1722324019767 1722324019784 17 329616.120000 3463413.590000 -0.187405 13.560000 5C4225714 25 -62 
1722324019822 1722324019840 18 329617.050000 3463413.390000 -0.187405 13.240000 5C4225714 25 -62 
1722324019878 1722324019894 16 329617.700000 3463413.260000 -0.187405 13.100000 5C4225714 25 -62 
1722324019933 1722324019949 16 329618.350000 3463413.130000 -0.186314 12.900000 5C4225714 25 -62 
1722324019988 1722324020008 20 329619.470000 3463412.910000 -0.186314 12.480000 5C4225714 25 -62 
1722324020043 1722324020064 21 329620.210000 3463412.760000 -0.186314 12.340000 5C4225714 25 -62 
1722324020102 1722324020122 20 329620.800000 3463412.640000 -0.183478 12.100000 5C4225714 25 -62 
1722324020158 1722324020177 19 329621.400000 3463412.520000 -0.183478 11.800000 5C4225714 25 -62 
1722324020213 1722324020229 16 329622.090000 3463412.390000 -0.183478 11.680000 5C4225714 25 -62 
1722324020268 1722324020287 19 329622.660000 3463412.280000 -0.183478 11.440000 5C4225714 25 -62 
1722324020324 1722324020341 17 329623.220000 3463412.170000 -0.178024 11.260000 5C4225714 25 -62 
1722324020379 1722324020395 16 329623.770000 3463412.070000 -0.178024 11.000000 5C4225714 25 -62 
1722324020434 1722324020449 15 329624.210000 3463411.990000 -0.178024 10.900000 5C4225714 25 -62 
1722324020489 1722324020509 20 329624.940000 3463411.860000 -0.178024 10.620000 5C4225714 25 -62 
1722324020548 1722324020569 21 329625.980000 3463411.670000 -0.173878 10.180000 5C4225714 25 -62 
1722324020603 1722324020623 20 329626.470000 3463411.590000 -0.173878 9.980000 5C4225714 25 -62 
1722324020658 1722324020674 16 329626.860000 3463411.510000 -0.173878 9.820000 5C4225714 25 -62 
1722324020713 1722324020731 18 329627.240000 3463411.450000 -0.163843 9.640000 5C4225714 25 -62 
1722324020769 1722324020784 15 329627.720000 3463411.380000 -0.163843 9.420000 5C4225714 25 -62 
1722324020824 1722324020843 19 329628.280000 3463411.290000 -0.163843 9.300000 5C4225714 25 -62 
1722324020879 1722324020896 17 329628.730000 3463411.220000 -0.163843 9.100000 5C4225714 25 -62 
1722324020934 1722324020955 21 329629.170000 3463411.140000 -0.151625 8.920000 5C4225714 25 -62 
1722324020990 1722324021009 19 329629.700000 3463411.080000 -0.151625 8.700000 5C4225714 25 -62 
1722324021045 1722324021063 18 329629.870000 3463411.060000 -0.151625 8.540000 5C4225714 25 -62 
1722324021100 1722324021118 18 329630.870000 3463410.940000 -0.133518 8.140000 5C4225714 25 -62 
1722324021155 1722324021172 17 329631.360000 3463410.900000 -0.133518 7.980000 5C4225714 25 -62 
1722324021210 1722324021230 20 329631.750000 3463410.870000 -0.133518 7.780000 5C4225714 25 -62 
1722324021266 1722324021283 17 329631.750000 3463410.870000 -0.133518 7.620000 5C4225714 25 -62 
1722324021321 1722324021337 16 329632.590000 3463410.830000 -0.101884 7.460000 5C4225714 25 -62 
1722324021376 1722324021392 16 329632.810000 3463410.830000 -0.101884 7.320000 5C4225714 25 -62 
1722324021431 1722324021451 20 329633.100000 3463410.830000 -0.101884 7.120000 5C4225714 25 -62 
1722324021486 1722324021505 19 329633.460000 3463410.820000 -0.101884 7.000000 5C4225714 25 -62 
1722324021541 1722324021567 26 329633.950000 3463410.830000 -0.060432 6.800000 5C4225714 25 -62 
1722324021599 1722324021617 18 329634.220000 3463410.840000 -0.060432 6.700000 5C4225714 25 -62 
1722324021658 1722324021677 19 329634.930000 3463410.870000 -0.060432 6.400000 5C4225714 25 -62 
1722324021713 1722324021732 19 329635.320000 3463410.900000 -0.016144 6.240000 5C4225714 25 -62 
1722324021768 1722324021786 18 329635.550000 3463410.930000 -0.016144 6.100000 5C4225714 25 -62 
1722324021823 1722324021848 25 329635.790000 3463410.950000 -0.016144 5.920000 5C4225714 25 -62 
1722324021878 1722324021897 19 329636.250000 3463411.010000 0.026616 5.800000 5C4225714 25 -62 
1722324021934 1722324021960 26 329636.490000 3463411.050000 0.026616 5.660000 5C4225714 25 -62 
1722324021989 1722324022009 20 329636.760000 3463411.100000 0.026616 5.560000 5C4225714 25 -62 
1722324022044 1722324022063 19 329637.070000 3463411.160000 0.026616 5.400000 5C4225714 25 -62 
1722324022099 1722324022120 21 329637.380000 3463411.220000 0.081376 5.220000 5C4225714 25 -62 
1722324022154 1722324022181 27 329637.490000 3463411.240000 0.081376 5.080000 5C4225714 25 -62 
1722324022210 1722324022229 19 329637.970000 3463411.370000 0.081376 4.880000 5C4225714 25 -62 
1722324022265 1722324022283 18 329638.250000 3463411.450000 0.135481 4.840000 5C4225714 25 -62 
1722324022320 1722324022338 18 329638.430000 3463411.520000 0.135481 4.760000 5C4225714 25 -62 
1722324022375 1722324022393 18 329638.700000 3463411.620000 0.135481 4.720000 5C4225714 25 -62 
1722324022430 1722324022448 18 329638.950000 3463411.730000 0.135481 4.660000 5C4225714 25 -62 
1722324022486 1722324022501 15 329639.160000 3463411.830000 0.209658 4.640000 5C4225714 25 -62 
1722324022541 1722324022559 18 329639.370000 3463411.930000 0.209658 4.580000 5C4225714 25 -62 
1722324022596 1722324022612 16 329639.480000 3463412.000000 0.209658 4.560000 5C4225714 25 -62 
1722324022651 1722324022667 16 329639.650000 3463412.080000 0.209658 4.540000 5C4225714 25 -62 
1722324022706 1722324022721 15 329639.870000 3463412.220000 0.209658 4.540000 5C4225714 25 -62 
1722324022761 1722324022780 19 329640.110000 3463412.390000 0.296051 4.500000 5C4225714 25 -62 
1722324022816 1722324022833 17 329640.430000 3463412.630000 0.296051 4.460000 5C4225714 25 -62 
1722324022872 1722324022888 16 329640.660000 3463412.820000 0.394663 4.440000 5C4225714 25 -62 
1722324022927 1722324022941 14 329640.780000 3463412.920000 0.394663 4.400000 5C4225714 25 -62 
1722324022982 1722324022998 16 329641.000000 3463413.130000 0.394663 4.420000 5C4225714 25 -62 
1722324023037 1722324023053 16 329641.140000 3463413.290000 0.394663 4.380000 5C4225714 25 -62 
1722324023091 1722324023108 17 329641.290000 3463413.450000 0.503309 4.360000 5C4225714 25 -62 
1722324023146 1722324023165 19 329641.450000 3463413.660000 0.503309 4.360000 5C4225714 25 -62 
1722324023202 1722324023221 19 329641.580000 3463413.850000 0.503309 4.360000 5C4225714 25 -62 
1722324023257 1722324023278 21 329641.680000 3463413.990000 0.503309 4.340000 5C4225714 25 -62 
1722324023312 1722324023328 16 329641.790000 3463414.180000 0.631373 4.320000 5C4225714 25 -62 
1722324023372 1722324023388 16 329641.970000 3463414.530000 0.631373 4.280000 5C4225714 25 -62 
1722324023427 1722324023447 20 329642.050000 3463414.720000 0.631373 4.260000 5C4225714 25 -62 
1722324023482 1722324023499 17 329642.130000 3463414.960000 0.769036 4.240000 5C4225714 25 -62 
1722324023538 1722324023555 17 329642.180000 3463415.090000 0.769036 4.220000 5C4225714 25 -62 
1722324023593 1722324023610 17 329642.240000 3463415.290000 0.769036 4.220000 5C4225714 25 -62 
1722324023648 1722324023665 17 329642.290000 3463415.540000 0.769036 4.200000 5C4225714 25 -62 
1722324023704 1722324023727 23 329642.330000 3463415.790000 0.920007 4.180000 5C4225714 25 -62 
1722324023764 1722324023782 18 329642.360000 3463415.910000 0.920007 4.160000 5C4225714 25 -62 
1722324023819 1722324023837 18 329642.370000 3463416.240000 0.920007 4.120000 5C4225714 25 -62 
1722324023874 1722324023890 16 329642.380000 3463416.450000 0.920007 4.120000 5C4225714 25 -62 
1722324023929 1722324023951 22 329642.360000 3463416.860000 1.064869 4.060000 5C4225714 25 -62 
1722324023984 1722324024002 18 329642.340000 3463417.100000 1.064869 4.020000 5C4225714 25 -62 
1722324024039 1722324024056 17 329642.300000 3463417.300000 1.064869 4.020000 5C4225714 25 -62 
1722324024094 1722324024122 28 329642.260000 3463417.500000 1.220858 4.020000 5C4225714 25 -62 
1722324024150 1722324024166 16 329642.220000 3463417.690000 1.220858 3.980000 5C4225714 25 -62 
1722324024205 1722324024225 20 329642.190000 3463417.810000 1.220858 3.960000 5C4225714 25 -62 
1722324024260 1722324024280 20 329642.140000 3463417.950000 1.220858 3.920000 5C4225714 25 -62 
1722324024315 1722324024334 19 329642.070000 3463418.140000 1.377065 3.920000 5C4225714 25 -62 
1722324024371 1722324024387 16 329641.980000 3463418.400000 1.377065 3.880000 5C4225714 25 -62 
1722324024426 1722324024441 15 329641.980000 3463418.400000 1.377065 3.860000 5C4225714 25 -62 
1722324024481 1722324024501 20 329641.830000 3463418.710000 1.377065 3.840000 5C4225714 25 -62 
1722324024536 1722324024558 22 329641.630000 3463419.080000 1.523891 3.800000 5C4225714 25 -62 
1722324024592 1722324024611 19 329641.500000 3463419.270000 1.523891 3.780000 5C4225714 25 -62 
1722324024647 1722324024665 18 329641.390000 3463419.420000 1.523891 3.780000 5C4225714 25 -62 
1722324024702 1722324024719 17 329641.260000 3463419.560000 1.669844 3.760000 5C4225714 25 -62 
1722324024757 1722324024773 16 329641.180000 3463419.690000 1.669844 3.740000 5C4225714 25 -62 
1722324024811 1722324024832 21 329641.000000 3463419.880000 1.669844 3.740000 5C4225714 25 -62 
1722324024866 1722324024881 15 329640.860000 3463420.000000 1.669844 3.700000 5C4225714 25 -62 
1722324024921 1722324024940 19 329640.740000 3463420.130000 1.817979 3.680000 5C4225714 25 -62 
1722324024977 1722324024994 17 329640.600000 3463420.250000 1.817979 3.680000 5C4225714 25 -62 
1722324025032 1722324025051 19 329640.510000 3463420.320000 1.817979 3.680000 5C4225714 25 -62 
1722324025087 1722324025103 16 329640.200000 3463420.520000 1.969168 3.680000 5C4225714 25 -62 
1722324025142 1722324025163 21 329640.090000 3463420.610000 1.969168 3.660000 5C4225714 25 -62 
1722324025202 1722324025220 18 329639.900000 3463420.730000 1.969168 3.660000 5C4225714 25 -62 
1722324025257 1722324025278 21 329639.810000 3463420.770000 1.969168 3.680000 5C4225714 25 -62 
1722324025312 1722324025336 24 329639.530000 3463420.900000 2.117957 3.680000 5C4225714 25 -62 
1722324025367 1722324025385 18 329639.380000 3463420.980000 2.117957 3.680000 5C4225714 25 -62 
1722324025423 1722324025445 22 329639.200000 3463421.050000 2.117957 3.700000 5C4225714 25 -62 
1722324025478 1722324025498 20 329638.990000 3463421.120000 2.117957 3.720000 5C4225714 25 -62 
1722324025533 1722324025553 20 329638.840000 3463421.170000 2.259983 3.740000 5C4225714 25 -62 
1722324025589 1722324025615 26 329638.640000 3463421.240000 2.259983 3.760000 5C4225714 25 -62 
1722324025644 1722324025660 16 329638.260000 3463421.310000 2.259983 3.780000 5C4225714 25 -62 
1722324025699 1722324025725 26 329638.110000 3463421.330000 2.412481 3.780000 5C4225714 25 -62 
1722324025754 1722324025781 27 329637.940000 3463421.380000 2.412481 3.800000 5C4225714 25 -62 
1722324025809 1722324025830 21 329637.780000 3463421.390000 2.412481 3.820000 5C4225714 25 -62 
1722324025864 1722324025888 24 329637.550000 3463421.410000 2.412481 3.840000 5C4225714 25 -62 
1722324025925 1722324025948 23 329637.400000 3463421.420000 2.548617 3.860000 5C4225714 25 -62 
1722324025984 1722324026003 19 329637.170000 3463421.440000 2.548617 3.880000 5C4225714 25 -62 
1722324026039 1722324026055 16 329637.060000 3463421.440000 2.548617 3.900000 5C4225714 25 -62 
1722324026094 1722324026113 19 329636.820000 3463421.440000 2.548617 3.920000 5C4225714 25 -62 
1722324026150 1722324026167 17 329636.350000 3463421.440000 2.689116 3.940000 5C4225714 25 -62 
1722324026205 1722324026221 16 329636.150000 3463421.430000 2.689116 3.940000 5C4225714 25 -62 
1722324026260 1722324026280 20 329635.990000 3463421.420000 2.689116 3.960000 5C4225714 25 -62 
1722324026315 1722324026335 20 329635.790000 3463421.420000 2.812816 3.980000 5C4225714 25 -62 
1722324026371 1722324026396 25 329635.510000 3463421.420000 2.812816 4.020000 5C4225714 25 -62 
1722324026426 1722324026452 26 329635.350000 3463421.410000 2.812816 4.040000 5C4225714 25 -62 
1722324026481 1722324026500 19 329635.110000 3463421.390000 2.908155 4.040000 5C4225714 25 -62 
1722324026536 1722324026561 25 329634.960000 3463421.410000 2.908155 4.080000 5C4225714 25 -62 
1722324026591 1722324026609 18 329634.790000 3463421.400000 2.908155 4.100000 5C4225714 25 -62 
1722324026647 1722324026663 16 329634.590000 3463421.380000 2.908155 4.120000 5C4225714 25 -62 
1722324026702 1722324026722 20 329634.380000 3463421.370000 2.908155 4.160000 5C4225714 25 -62 
1722324026757 1722324026775 18 329633.920000 3463421.380000 2.985822 4.220000 5C4225714 25 -62 
1722324026812 1722324026829 17 329633.750000 3463421.380000 2.985822 4.260000 5C4225714 25 -62 
1722324026868 1722324026888 20 329633.490000 3463421.400000 2.985822 4.320000 5C4225714 25 -62 
1722324026923 1722324026943 20 329633.280000 3463421.410000 3.029019 4.380000 5C4225714 25 -62 
1722324026977 1722324026998 21 329633.010000 3463421.430000 3.029019 4.420000 5C4225714 25 -62 
1722324027041 1722324027057 16 329632.780000 3463421.440000 3.029019 4.500000 5C4225714 25 -62 
1722324027095 1722324027111 16 329632.650000 3463421.460000 3.029019 4.540000 5C4225714 25 -62 
1722324027151 1722324027170 19 329632.290000 3463421.490000 3.044727 4.620000 5C4225714 25 -62 
1722324027206 1722324027222 16 329632.050000 3463421.520000 3.044727 4.660000 5C4225714 25 -62 
1722324027261 1722324027278 17 329631.670000 3463421.550000 3.044727 4.820000 5C4225714 25 -62 
1722324027316 1722324027333 17 329631.430000 3463421.590000 3.051490 4.940000 5C4225714 25 -62 
1722324027372 1722324027386 14 329631.230000 3463421.610000 3.051490 5.000000 5C4225714 25 -62 
1722324027427 1722324027447 20 329630.880000 3463421.650000 3.051490 5.140000 5C4225714 25 -62 
1722324027482 1722324027501 19 329630.780000 3463421.650000 3.051490 5.220000 5C4225714 25 -62 
1722324027538 1722324027562 24 329630.360000 3463421.710000 3.053454 5.360000 5C4225714 25 -62 
1722324027594 1722324027612 18 329630.090000 3463421.740000 3.053454 5.480000 5C4225714 25 -62 
1722324027649 1722324027667 18 329629.820000 3463421.770000 3.053454 5.560000 5C4225714 25 -62 
1722324027704 1722324027732 28 329629.470000 3463421.810000 3.046909 5.740000 5C4225714 25 -62 
1722324027760 1722324027776 16 329629.180000 3463421.860000 3.046909 5.860000 5C4225714 25 -62 
1722324027815 1722324027840 25 329628.700000 3463421.910000 3.046909 6.180000 5C4225714 25 -62 
1722324027869 1722324027890 21 329628.510000 3463421.930000 3.046909 6.320000 5C4225714 25 -62 
1722324027924 1722324027943 19 329628.080000 3463421.980000 3.045163 6.540000 5C4225714 25 -62 
1722324027979 1722324027998 19 329627.750000 3463422.020000 3.045163 6.680000 5C4225714 25 -62 
1722324028035 1722324028059 24 329627.350000 3463422.070000 3.045163 6.880000 5C4225714 25 -62 
1722324028094 1722324028118 24 329627.070000 3463422.110000 3.045163 7.020000 5C4225714 25 -62 
1722324028153 1722324028177 24 329626.580000 3463422.180000 3.040582 7.260000 5C4225714 25 -62 
1722324028208 1722324028226 18 329626.220000 3463422.230000 3.040582 7.380000 5C4225714 25 -62 
1722324028263 1722324028280 17 329625.770000 3463422.280000 3.040582 7.600000 5C4225714 25 -62 
1722324028318 1722324028338 20 329625.000000 3463422.390000 3.037746 7.920000 5C4225714 25 -62 
1722324028374 1722324028391 17 329624.600000 3463422.440000 3.037746 8.080000 5C4225714 25 -62 
1722324028429 1722324028449 20 329624.350000 3463422.470000 3.037746 8.300000 5C4225714 25 -62 
1722324028486 1722324028514 28 329624.110000 3463422.500000 3.037746 8.480000 5C4225714 25 -62 
1722324028541 1722324028562 21 329623.600000 3463422.580000 3.029892 8.640000 5C4225714 25 -62 
1722324028597 1722324028616 19 329622.990000 3463422.670000 3.029892 8.860000 5C4225714 25 -62 
1722324028652 1722324028666 14 329622.640000 3463422.700000 3.029892 9.000000 5C4225714 25 -62 
1722324028707 1722324028736 29 329622.380000 3463422.740000 3.029892 9.220000 5C4225714 25 -62 
1722324028762 1722324028779 17 329621.560000 3463422.880000 3.025746 9.340000 5C4225714 25 -62 
1722324028817 1722324028834 17 329621.080000 3463422.940000 3.025746 9.560000 5C4225714 25 -62 
1722324028871 1722324028887 16 329620.610000 3463423.000000 3.025746 9.760000 5C4225714 25 -62 
1722324028926 1722324028946 20 329619.540000 3463423.180000 3.019201 10.120000 5C4225714 25 -62 
1722324028982 1722324028998 16 329619.130000 3463423.240000 3.019201 10.300000 5C4225714 25 -62 
1722324029037 1722324029057 20 329618.720000 3463423.300000 3.019201 10.480000 5C4225714 25 -62 
1722324029092 1722324029111 19 329618.000000 3463423.410000 3.012220 10.620000 5C4225714 25 -62 
1722324029147 1722324029165 18 329617.680000 3463423.470000 3.012220 10.740000 5C4225714 25 -62 
1722324029202 1722324029219 17 329617.480000 3463423.510000 3.012220 10.900000 5C4225714 25 -62 
1722324029258 1722324029274 16 329616.610000 3463423.650000 3.012220 11.080000 5C4225714 25 -62 
1722324029313 1722324029340 27 329615.950000 3463423.740000 3.003057 11.180000 5C4225714 25 -62 
1722324029368 1722324029387 19 329615.510000 3463423.830000 3.003057 11.400000 5C4225714 25 -62 
1722324029423 1722324029441 18 329614.840000 3463423.950000 3.003057 11.520000 5C4225714 25 -62 
1722324029478 1722324029495 17 329614.720000 3463423.960000 3.003057 11.720000 5C4225714 25 -62 
1722324029534 1722324029551 17 329612.980000 3463424.280000 2.994330 12.020000 5C4225714 25 -62 
1722324029589 1722324029610 21 329612.390000 3463424.380000 2.994330 12.180000 5C4225714 25 -62 
1722324029645 1722324029670 25 329611.780000 3463424.490000 2.994330 12.360000 5C4225714 25 -62 
1722324029700 1722324029718 18 329611.280000 3463424.570000 2.985386 12.560000 5C4225714 25 -62 
1722324029755 1722324029772 17 329610.430000 3463424.740000 2.985386 12.680000 5C4225714 25 -62 
1722324029811 1722324029827 16 329609.790000 3463424.850000 2.985386 12.820000 5C4225714 25 -62 
1722324029866 1722324029881 15 329609.290000 3463424.950000 2.985386 13.020000 5C4225714 25 -62 
1722324029921 1722324029936 15 329608.520000 3463425.110000 2.979932 13.160000 5C4225714 25 -62 
1722324029976 1722324029992 16 329608.270000 3463425.160000 2.979932 13.320000 5C4225714 25 -62 
1722324030031 1722324030054 23 329607.480000 3463425.300000 2.979932 13.440000 5C4225714 25 -62 
1722324030086 1722324030104 18 329606.810000 3463425.420000 2.979932 13.680000 5C4225714 25 -62 
1722324030141 1722324030158 17 329605.330000 3463425.710000 2.973605 14.000000 5C4225714 25 -62 
1722324030197 1722324030217 20 329604.640000 3463425.840000 2.973605 14.080000 5C4225714 25 -62 
1722324030252 1722324030270 18 329603.800000 3463425.990000 2.973605 14.260000 5C4225714 25 -62 
1722324030307 1722324030325 18 329603.230000 3463426.100000 2.972950 14.380000 5C4225714 25 -62 
1722324030362 1722324030379 17 329602.400000 3463426.280000 2.972950 14.520000 5C4225714 25 -62 
1722324030417 1722324030434 17 329602.110000 3463426.330000 2.972950 14.600000 5C4225714 25 -62 
1722324030472 1722324030493 21 329600.960000 3463426.550000 2.972950 14.780000 5C4225714 25 -62 
1722324030527 1722324030547 20 329600.520000 3463426.630000 2.967496 14.900000 5C4225714 25 -62 
1722324030582 1722324030601 19 329600.090000 3463426.730000 2.967496 15.000000 5C4225714 25 -62 
1722324030637 1722324030655 18 329599.060000 3463426.940000 2.967496 15.120000 5C4225714 25 -62 
1722324030693 1722324030708 15 329598.170000 3463427.110000 2.967496 15.220000 5C4225714 25 -62 
1722324030748 1722324030767 19 329596.670000 3463427.420000 2.965533 15.540000 5C4225714 25 -62 
1722324030803 1722324030820 17 329595.910000 3463427.560000 2.965533 15.600000 5C4225714 25 -62 
1722324030858 1722324030874 16 329594.980000 3463427.740000 2.965533 15.780000 5C4225714 25 -62 
1722324030914 1722324030936 22 329594.220000 3463427.910000 2.963351 15.820000 5C4225714 25 -62 
1722324030969 1722324030985 16 329593.440000 3463428.060000 2.963351 15.920000 5C4225714 25 -62 
1722324031024 1722324031039 15 329592.650000 3463428.210000 2.963351 16.040000 5C4225714 25 -62 
1722324031079 1722324031097 18 329591.700000 3463428.400000 2.964878 16.160000 5C4225714 25 -62 
1722324031134 1722324031152 18 329591.230000 3463428.480000 2.964878 16.220000 5C4225714 25 -62 
1722324031190 1722324031208 18 329590.110000 3463428.710000 2.964878 16.420000 5C4225714 25 -62 
1722324031245 1722324031262 17 329589.620000 3463428.810000 2.964878 16.500000 5C4225714 25 -62 
1722324031300 1722324031320 20 329588.820000 3463428.950000 2.964878 16.620000 5C4225714 25 -62 
1722324031356 1722324031374 18 329587.520000 3463429.220000 2.969460 16.800000 5C4225714 25 -62 
1722324031410 1722324031429 19 329586.200000 3463429.460000 2.969460 16.860000 5C4225714 25 -62 
1722324031466 1722324031482 16 329585.360000 3463429.620000 2.969460 16.940000 5C4225714 25 -62 
1722324031524 1722324031541 17 329584.540000 3463429.790000 2.970332 17.120000 5C4225714 25 -67 
1722324031578 1722324031595 17 329583.520000 3463429.980000 2.970332 17.180000 5C4225714 3 -67 
1722324031634 1722324031654 20 329583.020000 3463430.080000 2.970332 17.280000 5C4225714 3 -67 
1722324031689 1722324031707 18 329581.820000 3463430.300000 2.971205 17.340000 5C4225714 3 -67 
1722324031744 1722324031761 17 329580.980000 3463430.470000 2.971205 17.340000 5C4225714 3 -67 
1722324031799 1722324031820 21 329579.940000 3463430.660000 2.971205 17.520000 5C4225714 3 -67 
1722324031855 1722324031874 19 329579.250000 3463430.790000 2.971205 17.540000 5C4225714 3 -67 
1722324031910 1722324031928 18 329577.350000 3463431.170000 2.967932 17.760000 5C4225714 3 -67 
1722324031965 1722324031984 19 329577.000000 3463431.240000 2.967932 17.780000 5C4225714 3 -67 
1722324032019 1722324032038 19 329576.130000 3463431.410000 2.967932 17.860000 5C4225714 3 -67 
1722324032074 1722324032093 19 329575.060000 3463431.620000 2.967932 17.940000 5C4225714 3 -67 
1722324032130 1722324032148 18 329574.020000 3463431.820000 2.966842 18.060000 5C4225714 3 -67 
1722324032185 1722324032202 17 329573.130000 3463431.990000 2.966842 18.140000 5C4225714 3 -67 
1722324032240 1722324032256 16 329572.420000 3463432.140000 2.966842 18.240000 5C4225714 3 -67 
1722324032296 1722324032312 16 329571.330000 3463432.340000 2.967060 18.280000 5C4225714 3 -67 
1722324032351 1722324032368 17 329570.970000 3463432.410000 2.967060 18.460000 5C4225714 3 -67 
1722324032407 1722324032422 15 329569.350000 3463432.730000 2.967060 18.500000 5C4225714 3 -67 
1722324032462 1722324032481 19 329568.440000 3463432.910000 2.967060 18.640000 5C4225714 3 -67 
1722324032517 1722324032537 20 329566.430000 3463433.300000 2.968805 18.800000 5C4225714 3 -67 
1722324032573 1722324032591 18 329565.690000 3463433.440000 2.968805 18.920000 5C4225714 3 -67 
1722324032628 1722324032648 20 329564.750000 3463433.610000 2.968805 18.980000 5C4225714 3 -67 
1722324032682 1722324032703 21 329563.820000 3463433.790000 2.970769 19.100000 5C4225714 3 -67 
1722324032738 1722324032758 20 329563.070000 3463433.950000 2.970769 19.140000 5C4225714 3 -67 
1722324032793 1722324032820 27 329562.690000 3463434.010000 2.970769 19.280000 5C4225714 3 -67 
1722324032848 1722324032868 20 329560.990000 3463434.340000 2.970769 19.280000 5C4225714 3 -67 
1722324032903 1722324032924 21 329560.040000 3463434.520000 2.971859 19.440000 5C4225714 3 -67 
1722324032958 1722324032985 27 329559.470000 3463434.640000 2.971859 19.460000 5C4225714 3 -67 
1722324033014 1722324033034 20 329558.130000 3463434.900000 2.971859 19.560000 5C4225714 3 -67 
1722324033069 1722324033088 19 329557.160000 3463435.080000 2.971859 19.620000 5C4225714 3 -67 
1722324033123 1722324033142 19 329555.230000 3463435.440000 2.970769 19.800000 5C4225714 3 -67 
1722324033178 1722324033198 20 329554.060000 3463435.670000 2.970769 19.840000 5C4225714 3 -67 
1722324033233 1722324033253 20 329553.280000 3463435.820000 2.970769 19.940000 5C4225714 3 -67 
1722324033289 1722324033307 18 329552.490000 3463435.960000 2.971205 19.980000 5C4225714 3 -67 
1722324033344 1722324033360 16 329551.510000 3463436.160000 2.971205 20.080000 5C4225714 3 -67 
1722324033399 1722324033417 18 329550.330000 3463436.390000 2.971205 20.180000 5C4225714 3 -67 
1722324033455 1722324033471 16 329549.330000 3463436.570000 2.971205 20.220000 5C4225714 3 -67 
1722324033510 1722324033528 18 329548.330000 3463436.760000 2.970332 20.320000 5C4225714 3 -67 
1722324033565 1722324033580 15 329547.340000 3463436.960000 2.970332 20.400000 5C4225714 3 -67 
1722324033619 1722324033640 21 329546.340000 3463437.150000 2.970332 20.460000 5C4225714 3 -67 
1722324033675 1722324033693 18 329545.330000 3463437.340000 2.970332 20.520000 5C4225714 3 -67 
1722324033734 1722324033754 20 329543.310000 3463437.740000 2.969023 20.640000 5C4225714 3 -67 
1722324033789 1722324033806 17 329542.300000 3463437.940000 2.969023 20.720000 5C4225714 3 -67 
1722324033845 1722324033865 20 329540.870000 3463438.210000 2.969023 20.800000 5C4225714 3 -67 
1722324033899 1722324033920 21 329540.260000 3463438.340000 2.967496 20.860000 5C4225714 3 -67 
1722324033955 1722324033974 19 329538.820000 3463438.610000 2.967496 20.960000 5C4225714 3 -67 
1722324034010 1722324034027 17 329537.790000 3463438.820000 2.967496 21.020000 5C4225714 3 -67 
1722324034065 1722324034093 28 329537.790000 3463438.820000 2.967496 21.060000 5C4225714 3 -67 
1722324034120 1722324034137 17 329536.140000 3463439.150000 2.965533 21.140000 5C4225714 3 -67 
1722324034176 1722324034198 22 329535.100000 3463439.350000 2.965533 21.180000 5C4225714 3 -67 
1722324034231 1722324034249 18 329533.850000 3463439.600000 2.965533 21.280000 5C4225714 3 -67 
1722324034286 1722324034305 19 329531.760000 3463440.010000 2.965096 21.420000 5C4225714 3 -67 
1722324034341 1722324034358 17 329530.710000 3463440.220000 2.965096 21.480000 5C4225714 3 -67 
1722324034396 1722324034412 16 329529.440000 3463440.470000 2.965096 21.560000 5C4225714 3 -67 
1722324034451 1722324034470 19 329528.810000 3463440.600000 2.965096 21.520000 5C4225714 3 -67 
1722324034506 1722324034524 18 329527.330000 3463440.900000 2.963787 21.560000 5C4225714 3 -67 
1722324034561 1722324034578 17 329526.260000 3463441.110000 2.963787 21.560000 5C4225714 3 -67 
1722324034616 1722324034639 23 329525.200000 3463441.320000 2.963787 21.560000 5C4225714 3 -67 
1722324034671 1722324034688 17 329523.930000 3463441.570000 2.963787 21.620000 5C4225714 3 -67 
1722324034726 1722324034743 17 329523.500000 3463441.660000 2.963787 21.580000 5C4225714 3 -67 
1722324034785 1722324034810 25 329521.800000 3463442.000000 2.963787 21.560000 5C4225714 3 -67 
1722324034839 1722324034858 19 329521.600000 3463442.030000 2.963787 21.560000 5C4225714 3 -67 
1722324034895 1722324034912 17 329519.250000 3463442.490000 2.966842 21.560000 5C4225714 3 -67 
1722324034950 1722324034971 21 329517.770000 3463442.780000 2.966842 21.560000 5C4225714 3 -67 
1722324035005 1722324035026 21 329516.930000 3463442.950000 2.966842 21.540000 5C4225714 3 -67 
1722324035061 1722324035080 19 329515.860000 3463443.160000 2.966842 21.540000 5C4225714 3 -67 
1722324035116 1722324035132 16 329514.590000 3463443.400000 2.969460 21.560000 5C4225714 3 -67 
1722324035171 1722324035191 20 329513.330000 3463443.640000 2.969460 21.540000 5C4225714 3 -67 
1722324035227 1722324035245 18 329512.260000 3463443.850000 2.969460 21.520000 5C4225714 3 -67 
1722324035282 1722324035298 16 329511.200000 3463444.050000 2.969460 21.520000 5C4225714 3 -67 
1722324035338 1722324035356 18 329510.150000 3463444.250000 2.970550 21.500000 5C4225714 3 -67 
1722324035396 1722324035412 16 329508.030000 3463444.650000 2.970550 21.540000 5C4225714 3 -67 
1722324035451 1722324035476 25 329506.750000 3463444.890000 2.973168 21.580000 5C4225714 3 -67 
1722324035507 1722324035525 18 329505.700000 3463445.080000 2.973168 21.540000 5C4225714 3 -67 
1722324035562 1722324035580 18 329505.490000 3463445.130000 2.973168 21.560000 5C4225714 3 -67 
1722324035617 1722324035633 16 329504.000000 3463445.410000 2.973168 21.580000 5C4225714 3 -67 
1722324035671 1722324035687 16 329503.360000 3463445.520000 2.973168 21.640000 5C4225714 3 -67 
1722324035726 1722324035745 19 329502.080000 3463445.760000 2.974696 21.640000 5C4225714 3 -67 
1722324035782 1722324035800 18 329500.600000 3463446.040000 2.974696 21.640000 5C4225714 3 -67 
1722324035837 1722324035854 17 329499.520000 3463446.240000 2.974696 21.620000 5C4225714 3 -67 
1722324035896 1722324035911 15 329498.890000 3463446.360000 2.974696 21.660000 5C4225714 3 -67 
1722324035951 1722324035972 21 329497.180000 3463446.690000 2.974914 21.640000 5C4225714 3 -67 
1722324036006 1722324036023 17 329495.260000 3463447.040000 2.974914 21.660000 5C4225714 3 -67 
1722324036062 1722324036078 16 329493.980000 3463447.280000 2.972732 21.720000 5C4225714 3 -67 
1722324036117 1722324036137 20 329493.760000 3463447.320000 2.972732 21.720000 5C4225714 3 -67 
1722324036172 1722324036190 18 329491.840000 3463447.680000 2.972732 21.800000 5C4225714 3 -67 
1722324036227 1722324036246 19 329490.550000 3463447.920000 2.972732 21.800000 5C4225714 3 -67 
1722324036283 1722324036301 18 329489.690000 3463448.080000 2.972732 21.800000 5C4225714 3 -67 
1722324036338 1722324036355 17 329488.840000 3463448.250000 2.972732 21.840000 5C4225714 3 -67 
1722324036393 1722324036415 22 329487.970000 3463448.410000 2.972732 21.860000 5C4225714 3 -67 
1722324036449 1722324036469 20 329486.680000 3463448.650000 2.972732 21.940000 5C4225714 3 -67 
1722324036504 1722324036524 20 329486.040000 3463448.770000 2.972732 21.940000 5C4225714 3 -67 
1722324036559 1722324036578 19 329483.230000 3463449.310000 2.972950 21.980000 5C4225714 3 -67 
1722324036615 1722324036633 18 329482.140000 3463449.510000 2.972950 22.060000 5C4225714 3 -67 
1722324036670 1722324036687 17 329481.280000 3463449.680000 2.972950 22.060000 5C4225714 3 -67 
1722324036725 1722324036743 18 329479.750000 3463449.970000 2.970987 22.120000 5C4225714 3 -67 
1722324036781 1722324036798 17 329479.110000 3463450.100000 2.970987 22.180000 5C4225714 3 -67 
1722324036836 1722324036852 16 329477.580000 3463450.390000 2.970987 22.240000 5C4225714 3 -67 
1722324036891 1722324036907 16 329477.140000 3463450.470000 2.970987 22.340000 5C4225714 3 -67 
1722324036953 1722324036972 19 329475.820000 3463450.730000 2.968369 22.420000 5C4225714 3 -67 
1722324037009 1722324037027 18 329475.380000 3463450.810000 2.968369 22.500000 5C4225714 3 -67 
1722324037064 1722324037082 18 329472.510000 3463451.370000 2.968369 22.540000 5C4225714 3 -67 
1722324037119 1722324037139 20 329471.400000 3463451.570000 2.968587 22.480000 5C4225714 3 -67 
1722324037174 1722324037193 19 329470.070000 3463451.840000 2.968587 22.540000 5C4225714 3 -67 
1722324037229 1722324037247 18 329468.740000 3463452.090000 2.968587 22.560000 5C4225714 3 -67 
1722324037285 1722324037303 18 329467.630000 3463452.310000 2.967278 22.660000 5C4225714 3 -67 
1722324037340 1722324037358 18 329466.510000 3463452.530000 2.967278 22.640000 5C4225714 3 -67 
1722324037395 1722324037421 26 329465.400000 3463452.750000 2.967278 22.640000 5C4225714 3 -67 
1722324037451 1722324037470 19 329464.280000 3463452.960000 2.967278 22.640000 5C4225714 3 -67 
1722324037506 1722324037524 18 329462.940000 3463453.220000 2.968151 22.680000 5C4225714 3 -67 
1722324037561 1722324037578 17 329461.830000 3463453.450000 2.968151 22.700000 5C4225714 3 -67 
1722324037616 1722324037634 18 329461.380000 3463453.530000 2.968151 22.680000 5C4225714 3 -67 
1722324037671 1722324037690 19 329458.930000 3463454.020000 2.966623 22.720000 5C4225714 3 -67 
1722324037727 1722324037744 17 329458.020000 3463454.190000 2.966623 22.760000 5C4225714 3 -67 
1722324037782 1722324037798 16 329457.360000 3463454.320000 2.966623 22.760000 5C4225714 3 -67 
1722324037837 1722324037858 21 329455.340000 3463454.720000 2.966623 22.780000 5C4225714 3 -67 
1722324037893 1722324037911 18 329454.220000 3463454.940000 2.966405 22.760000 5C4225714 3 -67 
1722324037948 1722324037971 23 329453.330000 3463455.120000 2.966405 22.760000 5C4225714 3 -67 
1722324038003 1722324038020 17 329451.980000 3463455.380000 2.966405 22.760000 5C4225714 3 -67 
1722324038063 1722324038082 19 329450.860000 3463455.600000 2.966405 22.760000 5C4225714 3 -67 
1722324038118 1722324038134 16 329449.510000 3463455.870000 2.965533 22.800000 5C4225714 3 -67 
1722324038173 1722324038189 16 329447.260000 3463456.300000 2.965533 22.820000 5C4225714 3 -67 
1722324038228 1722324038245 17 329446.140000 3463456.530000 2.965533 22.760000 5C4225714 3 -67 
1722324038284 1722324038301 17 329445.020000 3463456.750000 2.963787 22.780000 5C4225714 3 -67 
1722324038339 1722324038361 22 329444.120000 3463456.930000 2.963787 22.800000 5C4225714 3 -67 
1722324038394 1722324038418 24 329443.000000 3463457.150000 2.963787 22.800000 5C4225714 3 -67 
1722324038450 1722324038466 16 329442.100000 3463457.330000 2.963787 22.780000 5C4225714 3 -67 
1722324038505 1722324038522 17 329440.750000 3463457.590000 2.963787 22.780000 5C4225714 3 -67 
1722324038561 1722324038576 15 329439.630000 3463457.810000 2.963787 22.840000 5C4225714 3 -67 
1722324038616 1722324038636 20 329438.510000 3463458.040000 2.963787 22.800000 5C4225714 3 -67 
1722324038672 1722324038696 24 329437.610000 3463458.220000 2.963787 22.840000 5C4225714 3 -67 
1722324038727 1722324038744 17 329434.910000 3463458.750000 2.964005 22.820000 5C4225714 3 -67 
1722324038783 1722324038800 17 329434.240000 3463458.890000 2.964005 22.840000 5C4225714 3 -67 
1722324038838 1722324038855 17 329432.440000 3463459.240000 2.964005 22.820000 5C4225714 3 -67 
1722324038893 1722324038909 16 329431.320000 3463459.470000 2.961824 22.840000 5C4225714 3 -67 
1722324038948 1722324038965 17 329430.190000 3463459.680000 2.961824 22.800000 5C4225714 3 -67 
1722324039003 1722324039024 21 329429.300000 3463459.860000 2.961824 22.840000 5C4225714 3 -67 
1722324039058 1722324039079 21 329428.400000 3463460.050000 2.961824 22.840000 5C4225714 3 -67 
1722324039118 1722324039134 16 329427.730000 3463460.180000 2.961824 22.840000 5C4225714 3 -67 
1722324039173 1722324039198 25 329426.150000 3463460.490000 2.963569 22.840000 5C4225714 3 -67 
1722324039228 1722324039254 26 329425.030000 3463460.720000 2.963569 22.840000 5C4225714 3 -67 
1722324039283 1722324039305 22 329422.550000 3463461.220000 2.963133 22.840000 5C4225714 3 -67 
1722324039339 1722324039354 15 329421.430000 3463461.430000 2.963133 22.840000 5C4225714 3 -67 
1722324039394 1722324039416 22 329420.310000 3463461.660000 2.963133 22.840000 5C4225714 3 -67 
1722324039449 1722324039465 16 329419.180000 3463461.880000 2.963133 22.840000 5C4225714 3 -67 
1722324039504 1722324039519 15 329417.840000 3463462.160000 2.961169 22.840000 5C4225714 3 -67 
1722324039560 1722324039579 19 329416.720000 3463462.380000 2.961169 22.840000 5C4225714 3 -67 
1722324039615 1722324039633 18 329415.600000 3463462.600000 2.961169 22.800000 5C4225714 3 -67 
1722324039670 1722324039688 18 329414.480000 3463462.830000 2.961169 22.820000 5C4225714 3 -67 
1722324039725 1722324039742 17 329413.350000 3463463.050000 2.961606 22.800000 5C4225714 3 -67 
1722324039779 1722324039796 17 329412.230000 3463463.280000 2.961606 22.820000 5C4225714 3 -67 
1722324039835 1722324039851 16 329411.110000 3463463.510000 2.961606 22.780000 5C4225714 3 -67 
1722324039890 1722324039910 20 329409.100000 3463463.910000 2.962042 22.840000 5C4225714 3 -67 
1722324039945 1722324039964 19 329407.750000 3463464.180000 2.962042 22.780000 5C4225714 3 -67 
1722324040000 1722324040018 18 329407.300000 3463464.270000 2.962042 22.760000 5C4225714 3 -67 
1722324040056 1722324040074 18 329405.740000 3463464.580000 2.962042 22.720000 5C4225714 3 -67 
1722324040111 1722324040128 17 329404.620000 3463464.810000 2.960733 22.740000 5C4225714 3 -67 
1722324040181 1722324040198 17 329403.280000 3463465.080000 2.960733 22.720000 5C4225714 3 -67 
1722324040235 1722324040262 27 329402.160000 3463465.300000 2.960733 22.740000 5C4225714 3 -67 
1722324040290 1722324040308 18 329401.040000 3463465.520000 2.960733 22.700000 5C4225714 3 -67 
1722324040346 1722324040364 18 329398.580000 3463466.000000 2.965533 22.680000 5C4225714 3 -67 
1722324040401 1722324040419 18 329397.690000 3463466.170000 2.965533 22.680000 5C4225714 3 -67 
1722324040456 1722324040472 16 329397.010000 3463466.300000 2.965533 22.680000 5C4225714 3 -67 
1722324040511 1722324040534 23 329395.460000 3463466.590000 2.969896 22.660000 5C4225714 3 -67 
1722324040566 1722324040582 16 329394.340000 3463466.800000 2.969896 22.600000 5C4225714 3 -67 
1722324040622 1722324040638 16 329393.230000 3463467.000000 2.969896 22.620000 5C4225714 3 -67 
1722324040677 1722324040693 16 329392.110000 3463467.210000 2.969896 22.580000 5C4225714 3 -67 
1722324040732 1722324040751 19 329390.780000 3463467.450000 2.977968 22.580000 5C4225714 3 -67 
1722324040787 1722324040803 16 329389.660000 3463467.660000 2.977968 22.540000 5C4225714 3 -67 
1722324040842 1722324040858 16 329388.550000 3463467.860000 2.977968 22.540000 5C4225714 3 -67 
1722324040897 1722324040924 27 329387.430000 3463468.050000 2.977968 22.520000 5C4225714 3 -67 
1722324040952 1722324040969 17 329384.980000 3463468.470000 2.984513 22.520000 5C4225714 3 -67 
1722324041008 1722324041023 15 329384.540000 3463468.540000 2.984513 22.500000 5C4225714 3 -67 
1722324041063 1722324041082 19 329382.750000 3463468.840000 2.994767 22.480000 5C4225714 3 -67 
1722324041119 1722324041142 23 329381.870000 3463468.990000 2.994767 22.460000 5C4225714 3 -67 
1722324041175 1722324041193 18 329380.760000 3463469.160000 2.994767 22.460000 5C4225714 3 -67 
1722324041230 1722324041250 20 329380.080000 3463469.270000 2.994767 22.460000 5C4225714 3 -67 
1722324041289 1722324041306 17 329378.750000 3463469.480000 2.994767 22.400000 5C4225714 3 -67 
1722324041345 1722324041370 25 329377.420000 3463469.690000 3.001530 22.380000 5C4225714 3 -67 
1722324041401 1722324041420 19 329376.310000 3463469.850000 3.001530 22.340000 5C4225714 3 -67 
1722324041456 1722324041476 20 329374.100000 3463470.190000 3.001530 22.320000 5C4225714 3 -67 
1722324041513 1722324041528 15 329372.990000 3463470.340000 3.010693 22.300000 5C4225714 3 -67 
1722324041568 1722324041584 16 329371.660000 3463470.540000 3.010693 22.300000 5C4225714 3 -67 
1722324041623 1722324041644 21 329370.560000 3463470.690000 3.010693 22.280000 5C4225714 3 -67 
1722324041679 1722324041694 15 329369.450000 3463470.840000 3.022038 22.280000 5C4225714 3 -67 
1722324041734 1722324041751 17 329368.340000 3463470.990000 3.022038 22.260000 5C4225714 3 -67 
1722324041789 1722324041808 19 329367.020000 3463471.170000 3.022038 22.180000 5C4225714 3 -67 
1722324041845 1722324041861 16 329365.920000 3463471.310000 3.022038 22.160000 5C4225714 3 -67 
1722324041900 1722324041926 26 329364.820000 3463471.450000 3.031855 22.120000 5C4225714 3 -67 
1722324041955 1722324041976 21 329363.930000 3463471.560000 3.031855 22.080000 5C4225714 3 -67 
1722324042011 1722324042031 20 329361.960000 3463471.790000 3.031855 22.020000 5C4225714 3 -67 
1722324042066 1722324042082 16 329360.850000 3463471.920000 3.031855 21.960000 5C4225714 3 -67 
1722324042121 1722324042142 21 329360.200000 3463472.000000 3.038400 21.960000 5C4225714 3 -67 
1722324042176 1722324042198 22 329358.670000 3463472.180000 3.038400 21.900000 5C4225714 3 -67 
1722324042232 1722324042252 20 329357.360000 3463472.320000 3.038400 21.860000 5C4225714 3 -67 
1722324042287 1722324042314 27 329356.490000 3463472.410000 3.038400 21.820000 5C4225714 3 -67 
1722324042347 1722324042363 16 329355.400000 3463472.530000 3.049090 21.760000 5C4225714 3 -67 
1722324042407 1722324042425 18 329354.100000 3463472.660000 3.049090 21.700000 5C4225714 3 -67 
1722324042462 1722324042479 17 329352.800000 3463472.800000 3.049090 21.580000 5C4225714 3 -67 
1722324042517 1722324042540 23 329350.650000 3463473.000000 3.060871 21.560000 5C4225714 3 -67 
1722324042573 1722324042591 18 329349.570000 3463473.090000 3.060871 21.520000 5C4225714 3 -67 
1722324042628 1722324042645 17 329348.500000 3463473.180000 3.060871 21.460000 5C4225714 3 -67 
1722324042685 1722324042702 17 329347.430000 3463473.270000 3.073525 21.380000 5C4225714 3 -67 
1722324042740 1722324042758 18 329346.360000 3463473.350000 3.073525 21.300000 5C4225714 3 -67 
1722324042796 1722324042819 23 329345.070000 3463473.440000 3.073525 21.300000 5C4225714 3 -67 
1722324042851 1722324042868 17 329344.020000 3463473.530000 3.073525 21.240000 5C4225714 3 -67 
1722324042908 1722324042928 20 329343.160000 3463473.570000 3.084869 21.240000 5C4225714 3 -67 
1722324042963 1722324042980 17 329342.310000 3463473.630000 3.084869 21.140000 5C4225714 3 -67 
1722324043019 1722324043041 22 329341.470000 3463473.690000 3.084869 21.140000 5C4225714 3 -67 
1722324043074 1722324043092 18 329338.940000 3463473.830000 3.099923 21.060000 5C4225714 3 -67 
1722324043129 1722324043148 19 329338.300000 3463473.860000 3.099923 20.960000 5C4225714 3 -67 
1722324043184 1722324043203 19 329337.040000 3463473.920000 3.099923 20.920000 5C4225714 3 -67 
1722324043240 1722324043258 18 329336.210000 3463473.950000 3.099923 20.820000 5C4225714 3 -67 
1722324043295 1722324043315 20 329334.950000 3463474.010000 3.115631 20.800000 5C4225714 3 -67 
1722324043350 1722324043370 20 329333.490000 3463474.060000 3.115631 20.760000 5C4225714 3 -67 
1722324043405 1722324043425 20 329332.450000 3463474.090000 3.115631 20.720000 5C4225714 3 -67 
1722324043464 1722324043485 21 329331.620000 3463474.120000 3.115631 20.720000 5C4225714 3 -67 
1722324043519 1722324043540 21 329330.370000 3463474.150000 3.129812 20.640000 5C4225714 3 -67 
1722324043574 1722324043595 21 329329.550000 3463474.170000 3.129812 20.600000 5C4225714 3 -67 
1722324043630 1722324043648 18 329327.280000 3463474.200000 3.129812 20.500000 5C4225714 3 -67 
1722324043686 1722324043707 21 329326.050000 3463474.220000 -3.140720 20.420000 5C4225714 3 -67 
1722324043743 1722324043765 22 329325.020000 3463474.210000 -3.140720 20.380000 5C4225714 3 -67 
1722324043799 1722324043817 18 329324.000000 3463474.220000 -3.140720 20.320000 5C4225714 3 -67 
1722324043854 1722324043873 19 329323.590000 3463474.210000 -3.140720 20.280000 5C4225714 3 -67 
1722324043909 1722324043934 25 329322.580000 3463474.220000 -3.125448 20.240000 5C4225714 3 -67 
1722324043964 1722324043984 20 329321.360000 3463474.200000 -3.125448 20.200000 5C4225714 3 -67 
1722324044020 1722324044038 18 329320.750000 3463474.190000 -3.125448 20.160000 5C4225714 3 -67 
1722324044075 1722324044092 17 329319.130000 3463474.160000 -3.125448 20.120000 5C4225714 3 -67 
1722324044130 1722324044154 24 329318.330000 3463474.150000 -3.109304 20.080000 5C4225714 3 -67 
1722324044185 1722324044200 15 329316.120000 3463474.090000 -3.109304 19.940000 5C4225714 3 -67 
1722324044240 1722324044256 16 329315.120000 3463474.050000 -3.109304 19.920000 5C4225714 3 -67 
1722324044296 1722324044311 15 329314.320000 3463474.020000 -3.092069 19.920000 5C4225714 3 -67 
1722324044351 1722324044369 18 329312.920000 3463473.960000 -3.092069 19.920000 5C4225714 3 -67 
1722324044407 1722324044423 16 329311.930000 3463473.910000 -3.092069 19.920000 5C4225714 3 -67 
1722324044462 1722324044478 16 329311.320000 3463473.880000 -3.092069 19.900000 5C4225714 3 -67 
1722324044528 1722324044545 17 329309.930000 3463473.800000 -3.075706 19.880000 5C4225714 3 -67 
1722324044583 1722324044608 25 329307.750000 3463473.660000 -3.075706 19.840000 5C4225714 3 -67 
1722324044650 1722324044669 19 329306.760000 3463473.590000 -3.075706 19.840000 5C4225714 3 -63 
1722324044705 1722324044725 20 329305.770000 3463473.520000 -3.056072 19.840000 5C4225714 10 -63 
1722324044761 1722324044778 17 329304.780000 3463473.430000 -3.056072 19.780000 5C4225714 10 -63 
1722324044816 1722324044834 18 329303.990000 3463473.360000 -3.056072 19.820000 5C4225714 10 -63 
1722324044871 1722324044896 25 329303.200000 3463473.280000 -3.056072 19.740000 5C4225714 10 -63 
1722324044926 1722324044944 18 329302.220000 3463473.190000 -3.035346 19.720000 5C4225714 10 -63 
1722324044982 1722324044998 16 329301.430000 3463473.110000 -3.035346 19.660000 5C4225714 10 -63 
1722324045037 1722324045053 16 329300.050000 3463472.950000 -3.035346 19.660000 5C4225714 10 -63 
1722324045092 1722324045107 15 329298.880000 3463472.820000 -3.035346 19.580000 5C4225714 10 -63 
1722324045147 1722324045167 20 329297.320000 3463472.620000 -3.011566 19.580000 5C4225714 10 -63 
1722324045202 1722324045219 17 329296.350000 3463472.490000 -3.011566 19.520000 5C4225714 10 -63 
1722324045258 1722324045280 22 329295.380000 3463472.350000 -3.011566 19.480000 5C4225714 10 -63 
1722324045313 1722324045330 17 329294.020000 3463472.170000 -2.990622 19.460000 5C4225714 10 -63 
1722324045368 1722324045384 16 329293.060000 3463472.010000 -2.990622 19.360000 5C4225714 10 -63 
1722324045423 1722324045441 18 329292.300000 3463471.890000 -2.990622 19.340000 5C4225714 10 -63 
1722324045479 1722324045495 16 329291.340000 3463471.740000 -2.990622 19.280000 5C4225714 10 -63 
1722324045534 1722324045551 17 329290.200000 3463471.550000 -2.971641 19.240000 5C4225714 10 -63 
1722324045593 1722324045614 21 329289.620000 3463471.460000 -2.971641 19.200000 5C4225714 10 -63 
1722324045648 1722324045663 15 329287.360000 3463471.050000 -2.971641 19.120000 5C4225714 10 -63 
1722324045702 1722324045719 17 329286.790000 3463470.950000 -2.949606 19.020000 5C4225714 10 -63 
1722324045758 1722324045774 16 329285.850000 3463470.770000 -2.949606 19.040000 5C4225714 10 -63 
1722324045813 1722324045832 19 329284.720000 3463470.540000 -2.949606 18.940000 5C4225714 10 -63 
1722324045868 1722324045888 20 329283.800000 3463470.360000 -2.949606 18.920000 5C4225714 10 -63 
1722324045923 1722324045943 20 329283.050000 3463470.200000 -2.930844 18.800000 5C4225714 10 -63 
1722324045979 1722324045998 19 329281.940000 3463469.970000 -2.930844 18.800000 5C4225714 10 -63 
1722324046034 1722324046058 24 329280.840000 3463469.730000 -2.930844 18.700000 5C4225714 10 -63 
1722324046089 1722324046107 18 329280.290000 3463469.610000 -2.930844 18.620000 5C4225714 10 -63 
1722324046144 1722324046161 17 329279.010000 3463469.320000 -2.912736 18.620000 5C4225714 10 -63 
1722324046199 1722324046217 18 329278.290000 3463469.140000 -2.912736 18.520000 5C4225714 10 -63 
1722324046254 1722324046279 25 329276.310000 3463468.670000 -2.912736 18.380000 5C4225714 10 -63 
1722324046309 1722324046327 18 329275.410000 3463468.440000 -2.892229 18.280000 5C4225714 10 -63 
1722324046365 1722324046380 15 329274.530000 3463468.220000 -2.892229 18.080000 5C4225714 10 -63 
1722324046420 1722324046435 15 329273.470000 3463467.950000 -2.892229 17.980000 5C4225714 10 -63 
1722324046475 1722324046494 19 329272.780000 3463467.780000 -2.892229 17.860000 5C4225714 10 -63 
1722324046530 1722324046547 17 329271.910000 3463467.550000 -2.880230 17.760000 5C4225714 10 -63 
1722324046585 1722324046601 16 329270.870000 3463467.270000 -2.880230 17.560000 5C4225714 10 -63 
1722324046640 1722324046658 18 329270.020000 3463467.040000 -2.880230 17.480000 5C4225714 10 -63 
1722324046696 1722324046710 14 329269.690000 3463466.950000 -2.880230 17.320000 5C4225714 10 -63 
