pub_time(ms) sub_time(ms) delay(ms) utmX(m) utmY(m) heading(rad) velocity(m/s) cellid(db) sinr(db) rsrp(db)
1722323906402 1722323906450 48 329247.370000 3463455.300000 0.351029 0.880000 5C4225714 9 -64 
1722323906457 1722323906476 19 329247.410000 3463455.330000 0.351029 0.960000 5C4225714 9 -64 
1722323906512 1722323906531 19 329247.470000 3463455.350000 0.351029 1.040000 5C4225714 9 -64 
1722323906567 1722323906584 17 329247.540000 3463455.370000 0.351029 1.100000 5C4225714 9 -64 
1722323906622 1722323906637 15 329247.600000 3463455.390000 0.351029 1.180000 5C4225714 9 -64 
1722323906676 1722323906692 16 329247.650000 3463455.410000 0.351029 1.260000 5C4225714 9 -64 
1722323906731 1722323906749 18 329247.700000 3463455.430000 0.351902 1.280000 5C4225714 9 -64 
1722323906785 1722323906803 18 329247.810000 3463455.480000 0.351902 1.380000 5C4225714 9 -64 
1722323906840 1722323906858 18 329247.940000 3463455.520000 0.351902 1.640000 5C4225714 9 -64 
1722323906895 1722323906919 24 329248.020000 3463455.550000 0.352120 1.700000 5C4225714 9 -64 
1722323906950 1722323906967 17 329248.130000 3463455.590000 0.352120 1.860000 5C4225714 9 -64 
1722323907005 1722323907021 16 329248.210000 3463455.620000 0.352120 2.020000 5C4225714 9 -64 
1722323907060 1722323907077 17 329248.340000 3463455.670000 0.352120 2.100000 5C4225714 9 -64 
1722323907115 1722323907132 17 329248.420000 3463455.700000 0.354084 2.260000 5C4225714 9 -64 
1722323907170 1722323907189 19 329248.500000 3463455.730000 0.354084 2.360000 5C4225714 9 -64 
1722323907225 1722323907243 18 329248.630000 3463455.780000 0.354084 2.520000 5C4225714 9 -64 
1722323907280 1722323907298 18 329248.790000 3463455.840000 0.354084 2.620000 5C4225714 9 -64 
1722323907335 1722323907352 17 329248.880000 3463455.870000 0.356702 2.780000 5C4225714 9 -64 
1722323907390 1722323907413 23 329249.050000 3463455.930000 0.356702 2.900000 5C4225714 9 -64 
1722323907449 1722323907468 19 329249.350000 3463456.040000 0.356702 3.160000 5C4225714 9 -64 
1722323907512 1722323907533 21 329249.570000 3463456.120000 0.358229 3.320000 5C4225714 9 -64 
1722323907567 1722323907586 19 329249.570000 3463456.120000 0.358229 3.400000 5C4225714 9 -64 
1722323907622 1722323907643 21 329249.800000 3463456.210000 0.358229 3.520000 5C4225714 9 -64 
1722323907677 1722323907694 17 329249.970000 3463456.270000 0.358229 3.600000 5C4225714 9 -64 
1722323907732 1722323907749 17 329250.180000 3463456.350000 0.359756 3.720000 5C4225714 9 -64 
1722323907787 1722323907802 15 329250.370000 3463456.420000 0.359756 3.820000 5C4225714 9 -64 
1722323907842 1722323907860 18 329250.510000 3463456.470000 0.359756 3.880000 5C4225714 9 -64 
1722323907897 1722323907914 17 329250.770000 3463456.570000 0.359756 4.020000 5C4225714 9 -64 
1722323907952 1722323907980 28 329251.120000 3463456.710000 0.362592 4.200000 5C4225714 9 -64 
1722323908007 1722323908023 16 329251.250000 3463456.750000 0.362592 4.340000 5C4225714 9 -64 
1722323908062 1722323908082 20 329251.530000 3463456.860000 0.362592 4.480000 5C4225714 9 -64 
1722323908117 1722323908145 28 329251.780000 3463456.950000 0.363683 4.600000 5C4225714 9 -64 
1722323908172 1722323908189 17 329251.970000 3463457.020000 0.363683 4.800000 5C4225714 9 -64 
1722323908227 1722323908243 16 329252.240000 3463457.120000 0.363683 4.920000 5C4225714 9 -64 
1722323908282 1722323908302 20 329252.510000 3463457.220000 0.363683 5.060000 5C4225714 9 -64 
1722323908337 1722323908356 19 329252.760000 3463457.310000 0.363901 5.280000 5C4225714 9 -64 
1722323908392 1722323908410 18 329253.010000 3463457.410000 0.363901 5.500000 5C4225714 9 -64 
1722323908447 1722323908466 19 329253.330000 3463457.510000 0.363901 5.640000 5C4225714 9 -64 
1722323908502 1722323908517 15 329253.760000 3463457.670000 0.361501 6.020000 5C4225714 9 -64 
1722323908563 1722323908581 18 329254.050000 3463457.780000 0.361501 6.160000 5C4225714 9 -64 
1722323908618 1722323908637 19 329254.400000 3463457.910000 0.361501 6.340000 5C4225714 9 -64 
1722323908673 1722323908692 19 329254.710000 3463458.020000 0.361501 6.600000 5C4225714 9 -64 
1722323908728 1722323908749 21 329255.020000 3463458.140000 0.361065 6.740000 5C4225714 9 -64 
1722323908783 1722323908811 28 329255.420000 3463458.280000 0.361065 6.860000 5C4225714 9 -64 
1722323908840 1722323908858 18 329255.740000 3463458.400000 0.361065 7.140000 5C4225714 9 -64 
1722323908897 1722323908912 15 329256.080000 3463458.520000 0.361501 7.300000 5C4225714 9 -64 
1722323908952 1722323908971 19 329256.290000 3463458.600000 0.361501 7.600000 5C4225714 9 -64 
1722323909007 1722323909030 23 329256.650000 3463458.720000 0.361501 7.740000 5C4225714 9 -64 
1722323909062 1722323909079 17 329257.080000 3463458.880000 0.361501 7.900000 5C4225714 9 -64 
1722323909117 1722323909135 18 329257.850000 3463459.160000 0.357138 8.320000 5C4225714 9 -64 
1722323909172 1722323909192 20 329258.240000 3463459.300000 0.357138 8.500000 5C4225714 9 -64 
1722323909229 1722323909254 25 329258.720000 3463459.480000 0.357138 8.700000 5C4225714 9 -64 
1722323909285 1722323909305 20 329259.220000 3463459.650000 0.358229 8.860000 5C4225714 9 -64 
1722323909340 1722323909354 14 329259.220000 3463459.650000 0.358229 9.040000 5C4225714 9 -64 
1722323909395 1722323909417 22 329259.220000 3463459.650000 0.358229 9.280000 5C4225714 9 -64 
1722323909450 1722323909470 20 329260.340000 3463460.060000 0.358229 9.420000 5C4225714 9 -64 
1722323909505 1722323909526 21 329260.870000 3463460.260000 0.361283 9.620000 5C4225714 9 -64 
1722323909560 1722323909583 23 329261.050000 3463460.330000 0.361283 9.760000 5C4225714 9 -64 
1722323909615 1722323909631 16 329261.700000 3463460.570000 0.361283 9.940000 5C4225714 9 -64 
1722323909669 1722323909692 23 329262.350000 3463460.800000 0.361283 10.020000 5C4225714 9 -64 
1722323909726 1722323909744 18 329263.220000 3463461.110000 0.358665 10.340000 5C4225714 9 -64 
1722323909781 1722323909801 20 329263.610000 3463461.250000 0.358665 10.500000 5C4225714 9 -64 
1722323909836 1722323909857 21 329264.110000 3463461.430000 0.358665 10.660000 5C4225714 9 -64 
1722323909891 1722323909910 19 329264.620000 3463461.600000 0.358665 10.900000 5C4225714 9 -64 
1722323909948 1722323909967 19 329265.140000 3463461.780000 0.351029 11.160000 5C4225714 9 -64 
1722323910003 1722323910023 20 329265.660000 3463461.960000 0.351029 11.300000 5C4225714 9 -64 
1722323910059 1722323910077 18 329266.300000 3463462.170000 0.351029 11.480000 5C4225714 9 -64 
1722323910114 1722323910137 23 329266.960000 3463462.380000 0.340557 11.580000 5C4225714 9 -64 
1722323910169 1722323910187 18 329267.410000 3463462.530000 0.340557 11.760000 5C4225714 9 -64 
1722323910225 1722323910247 22 329268.080000 3463462.740000 0.340557 11.840000 5C4225714 9 -64 
1722323910280 1722323910298 18 329269.330000 3463463.140000 0.327467 12.120000 5C4225714 9 -64 
1722323910337 1722323910355 18 329269.440000 3463463.170000 0.327467 12.260000 5C4225714 9 -64 
1722323910392 1722323910409 17 329270.280000 3463463.440000 0.327467 12.360000 5C4225714 9 -64 
1722323910447 1722323910469 22 329270.990000 3463463.660000 0.327467 12.540000 5C4225714 9 -64 
1722323910502 1722323910521 19 329271.220000 3463463.730000 0.327467 12.660000 5C4225714 9 -64 
1722323910557 1722323910574 17 329272.200000 3463464.030000 0.320050 12.780000 5C4225714 9 -64 
1722323910612 1722323910630 18 329272.810000 3463464.220000 0.320050 12.920000 5C4225714 9 -64 
1722323910668 1722323910686 18 329273.560000 3463464.440000 0.320050 13.080000 5C4225714 9 -64 
1722323910723 1722323910739 16 329274.180000 3463464.630000 0.310232 13.140000 5C4225714 9 -64 
1722323910778 1722323910799 21 329274.830000 3463464.820000 0.310232 13.320000 5C4225714 9 -64 
1722323910833 1722323910849 16 329275.600000 3463465.040000 0.310232 13.500000 5C4225714 9 -64 
1722323910888 1722323910908 20 329276.370000 3463465.270000 0.310232 13.680000 5C4225714 9 -64 
1722323910943 1722323910962 19 329277.180000 3463465.500000 0.299324 13.780000 5C4225714 9 -64 
1722323910998 1722323911022 24 329277.970000 3463465.720000 0.299324 13.920000 5C4225714 9 -64 
1722323911053 1722323911078 25 329278.510000 3463465.860000 0.299324 14.040000 5C4225714 9 -64 
1722323911108 1722323911129 21 329279.450000 3463466.120000 0.287979 14.120000 5C4225714 9 -64 
1722323911163 1722323911186 23 329280.140000 3463466.300000 0.287979 14.240000 5C4225714 9 -64 
1722323911218 1722323911234 16 329280.830000 3463466.480000 0.287979 14.380000 5C4225714 9 -64 
1722323911273 1722323911292 19 329281.530000 3463466.660000 0.287979 14.420000 5C4225714 9 -64 
1722323911328 1722323911346 18 329282.230000 3463466.820000 0.271399 14.500000 5C4225714 9 -64 
1722323911383 1722323911413 30 329283.090000 3463467.040000 0.271399 14.680000 5C4225714 9 -64 
1722323911438 1722323911458 20 329283.520000 3463467.150000 0.271399 14.820000 5C4225714 9 -64 
1722323911493 1722323911511 18 329284.240000 3463467.310000 0.271399 14.900000 5C4225714 9 -64 
1722323911548 1722323911565 17 329285.700000 3463467.650000 0.254382 15.140000 5C4225714 9 -64 
1722323911603 1722323911619 16 329286.440000 3463467.820000 0.254382 15.240000 5C4225714 9 -64 
1722323911658 1722323911677 19 329287.330000 3463468.020000 0.254382 15.360000 5C4225714 9 -64 
1722323911713 1722323911730 17 329288.240000 3463468.200000 0.238019 15.420000 5C4225714 9 -64 
1722323911768 1722323911784 16 329289.000000 3463468.370000 0.238019 15.620000 5C4225714 9 -64 
1722323911831 1722323911848 17 329289.610000 3463468.490000 0.238019 15.700000 5C4225714 9 -64 
1722323911886 1722323911905 19 329290.530000 3463468.670000 0.238019 15.800000 5C4225714 9 -64 
1722323911942 1722323911958 16 329291.160000 3463468.800000 0.217730 15.880000 5C4225714 9 -63 
1722323911997 1722323912019 22 329292.250000 3463469.010000 0.217730 16.000000 5C4225714 10 -63 
1722323912052 1722323912070 18 329293.360000 3463469.200000 0.217730 16.240000 5C4225714 10 -63 
1722323912107 1722323912126 19 329294.150000 3463469.350000 0.200277 16.300000 5C4225714 10 -63 
1722323912162 1722323912182 20 329295.290000 3463469.540000 0.200277 16.420000 5C4225714 10 -63 
1722323912217 1722323912236 19 329295.930000 3463469.640000 0.200277 16.480000 5C4225714 10 -63 
1722323912272 1722323912290 18 329296.900000 3463469.790000 0.200277 16.560000 5C4225714 10 -63 
1722323912327 1722323912345 18 329297.720000 3463469.910000 0.175406 16.680000 5C4225714 10 -63 
1722323912382 1722323912399 17 329298.720000 3463470.050000 0.175406 16.800000 5C4225714 10 -63 
1722323912437 1722323912456 19 329299.390000 3463470.140000 0.175406 16.900000 5C4225714 10 -63 
1722323912492 1722323912509 17 329300.390000 3463470.250000 0.175406 16.980000 5C4225714 10 -63 
1722323912548 1722323912563 15 329302.090000 3463470.450000 0.148789 17.140000 5C4225714 10 -63 
1722323912602 1722323912625 23 329302.770000 3463470.530000 0.148789 17.240000 5C4225714 10 -63 
1722323912657 1722323912672 15 329303.970000 3463470.630000 0.117810 17.360000 5C4225714 10 -63 
1722323912712 1722323912731 19 329304.480000 3463470.680000 0.117810 17.400000 5C4225714 10 -63 
1722323912767 1722323912785 18 329305.020000 3463470.720000 0.117810 17.540000 5C4225714 10 -63 
1722323912822 1722323912839 17 329306.410000 3463470.830000 0.117810 17.680000 5C4225714 10 -63 
1722323912877 1722323912894 17 329307.290000 3463470.890000 0.117810 17.760000 5C4225714 10 -63 
1722323912932 1722323912948 16 329308.170000 3463470.940000 0.088794 17.860000 5C4225714 10 -63 
1722323912987 1722323913007 20 329309.240000 3463470.990000 0.088794 17.960000 5C4225714 10 -63 
1722323913041 1722323913058 17 329310.140000 3463471.030000 0.088794 18.040000 5C4225714 10 -63 
1722323913101 1722323913118 17 329312.130000 3463471.070000 0.059341 18.260000 5C4225714 10 -63 
1722323913155 1722323913173 18 329312.490000 3463471.080000 0.059341 18.420000 5C4225714 10 -63 
1722323913211 1722323913229 18 329313.400000 3463471.100000 0.059341 18.460000 5C4225714 10 -63 
1722323913266 1722323913286 20 329314.320000 3463471.090000 0.059341 18.500000 5C4225714 10 -63 
1722323913320 1722323913338 18 329314.870000 3463471.090000 0.025089 18.560000 5C4225714 10 -63 
1722323913375 1722323913394 19 329316.360000 3463471.080000 0.025089 18.620000 5C4225714 10 -63 
1722323913430 1722323913447 17 329317.100000 3463471.070000 0.025089 18.700000 5C4225714 10 -63 
1722323913484 1722323913503 19 329318.220000 3463471.040000 0.025089 18.820000 5C4225714 10 -63 
1722323913539 1722323913559 20 329319.350000 3463471.020000 0.000654 18.900000 5C4225714 10 -63 
1722323913594 1722323913615 21 329320.490000 3463470.980000 0.000654 19.000000 5C4225714 10 -63 
1722323913649 1722323913669 20 329321.430000 3463470.930000 0.000654 19.040000 5C4225714 10 -63 
1722323913704 1722323913720 16 329321.620000 3463470.930000 0.000654 19.060000 5C4225714 10 -63 
1722323913759 1722323913778 19 329323.910000 3463470.800000 -0.021380 19.240000 5C4225714 10 -63 
1722323913814 1722323913834 20 329324.870000 3463470.740000 -0.021380 19.320000 5C4225714 10 -63 
1722323913869 1722323913889 20 329326.020000 3463470.660000 -0.046251 19.400000 5C4225714 10 -63 
1722323913924 1722323913955 31 329326.800000 3463470.600000 -0.046251 19.460000 5C4225714 10 -63 
1722323913980 1722323913999 19 329327.960000 3463470.500000 -0.046251 19.540000 5C4225714 10 -63 
1722323914035 1722323914054 19 329328.930000 3463470.420000 -0.046251 19.620000 5C4225714 10 -63 
1722323914090 1722323914109 19 329330.100000 3463470.300000 -0.066759 19.700000 5C4225714 10 -63 
1722323914149 1722323914165 16 329330.490000 3463470.260000 -0.066759 19.780000 5C4225714 10 -63 
1722323914204 1722323914222 18 329331.680000 3463470.160000 -0.066759 19.820000 5C4225714 10 -63 
1722323914260 1722323914281 21 329332.860000 3463470.030000 -0.066759 19.840000 5C4225714 10 -63 
1722323914315 1722323914338 23 329334.040000 3463469.880000 -0.087703 19.960000 5C4225714 10 -63 
1722323914370 1722323914388 18 329335.830000 3463469.670000 -0.087703 20.020000 5C4225714 10 -63 
1722323914425 1722323914443 18 329336.820000 3463469.540000 -0.087703 20.100000 5C4225714 10 -63 
1722323914480 1722323914497 17 329337.620000 3463469.440000 -0.087703 20.200000 5C4225714 10 -63 
1722323914535 1722323914552 17 329338.630000 3463469.300000 -0.107338 20.280000 5C4225714 10 -63 
1722323914590 1722323914609 19 329339.820000 3463469.140000 -0.107338 20.340000 5C4225714 10 -63 
1722323914645 1722323914663 18 329341.030000 3463468.950000 -0.107338 20.420000 5C4225714 10 -63 
1722323914701 1722323914718 17 329341.840000 3463468.840000 -0.128064 20.460000 5C4225714 10 -63 
1722323914756 1722323914772 16 329343.260000 3463468.630000 -0.128064 20.560000 5C4225714 10 -63 
1722323914811 1722323914827 16 329344.280000 3463468.470000 -0.128064 20.660000 5C4225714 10 -63 
1722323914866 1722323914880 14 329345.290000 3463468.300000 -0.128064 20.720000 5C4225714 10 -63 
1722323914921 1722323914952 31 329346.950000 3463468.060000 -0.134827 20.860000 5C4225714 10 -63 
1722323914976 1722323914993 17 329347.970000 3463467.900000 -0.134827 20.940000 5C4225714 10 -63 
1722323915030 1722323915048 18 329349.220000 3463467.690000 -0.134827 21.040000 5C4225714 10 -63 
1722323915085 1722323915103 18 329350.040000 3463467.550000 -0.138972 21.080000 5C4225714 10 -63 
1722323915140 1722323915157 17 329351.300000 3463467.350000 -0.138972 21.140000 5C4225714 10 -63 
1722323915203 1722323915222 19 329352.550000 3463467.140000 -0.138972 21.200000 5C4225714 10 -63 
1722323915258 1722323915275 17 329353.390000 3463467.010000 -0.138972 21.280000 5C4225714 10 -63 
1722323915313 1722323915330 17 329354.650000 3463466.800000 -0.144862 21.340000 5C4225714 10 -63 
1722323915368 1722323915386 18 329355.710000 3463466.630000 -0.144862 21.440000 5C4225714 10 -63 
1722323915424 1722323915441 17 329357.400000 3463466.330000 -0.144862 21.560000 5C4225714 10 -63 
1722323915479 1722323915499 20 329358.680000 3463466.110000 -0.149007 21.620000 5C4225714 10 -63 
1722323915534 1722323915560 26 329359.750000 3463465.940000 -0.149007 21.680000 5C4225714 10 -63 
1722323915589 1722323915605 16 329360.820000 3463465.760000 -0.149007 21.780000 5C4225714 10 -63 
1722323915644 1722323915664 20 329362.100000 3463465.530000 -0.149007 21.820000 5C4225714 10 -63 
1722323915699 1722323915718 19 329363.180000 3463465.340000 -0.154243 21.940000 5C4225714 10 -63 
1722323915754 1722323915771 17 329364.270000 3463465.150000 -0.154243 21.960000 5C4225714 10 -63 
1722323915809 1722323915827 18 329365.350000 3463464.950000 -0.154243 22.060000 5C4225714 10 -63 
1722323915864 1722323915883 19 329366.650000 3463464.720000 -0.154243 22.060000 5C4225714 10 -63 
1722323915919 1722323915938 19 329367.730000 3463464.520000 -0.159043 22.180000 5C4225714 10 -63 
1722323915974 1722323915993 19 329368.620000 3463464.370000 -0.159043 22.200000 5C4225714 10 -63 
1722323916029 1722323916046 17 329369.490000 3463464.210000 -0.159043 22.320000 5C4225714 10 -63 
1722323916085 1722323916101 16 329371.460000 3463463.840000 -0.163625 22.420000 5C4225714 10 -63 
1722323916140 1722323916156 16 329373.010000 3463463.560000 -0.163625 22.440000 5C4225714 10 -63 
1722323916195 1722323916220 25 329373.890000 3463463.390000 -0.163625 22.460000 5C4225714 10 -63 
1722323916250 1722323916269 19 329374.340000 3463463.310000 -0.163625 22.500000 5C4225714 10 -63 
1722323916309 1722323916326 17 329376.320000 3463462.920000 -0.167770 22.480000 5C4225714 10 -63 
1722323916364 1722323916385 21 329377.660000 3463462.680000 -0.167770 22.520000 5C4225714 10 -63 
1722323916419 1722323916445 26 329378.770000 3463462.460000 -0.167770 22.540000 5C4225714 10 -63 
1722323916474 1722323916495 21 329379.880000 3463462.240000 -0.167770 22.540000 5C4225714 10 -63 
1722323916529 1722323916556 27 329380.550000 3463462.120000 -0.173006 22.500000 5C4225714 10 -63 
1722323916584 1722323916600 16 329383.440000 3463461.550000 -0.173006 22.580000 5C4225714 10 -63 
1722323916639 1722323916658 19 329384.540000 3463461.330000 -0.173006 22.580000 5C4225714 10 -63 
1722323916694 1722323916712 18 329385.660000 3463461.130000 -0.174533 22.600000 5C4225714 10 -63 
1722323916749 1722323916768 19 329386.340000 3463461.000000 -0.174533 22.600000 5C4225714 10 -63 
1722323916804 1722323916822 18 329387.440000 3463460.770000 -0.174533 22.600000 5C4225714 10 -63 
1722323916859 1722323916877 18 329388.780000 3463460.500000 -0.174533 22.600000 5C4225714 10 -63 
1722323916914 1722323916932 18 329389.890000 3463460.280000 -0.176933 22.620000 5C4225714 10 -63 
1722323916969 1722323916989 20 329391.010000 3463460.070000 -0.176933 22.620000 5C4225714 10 -63 
1722323917025 1722323917042 17 329392.120000 3463459.850000 -0.176933 22.660000 5C4225714 10 -63 
1722323917080 1722323917096 16 329393.230000 3463459.620000 -0.176933 22.660000 5C4225714 10 -63 
1722323917135 1722323917151 16 329394.340000 3463459.400000 -0.177151 22.680000 5C4225714 10 -63 
1722323917190 1722323917207 17 329395.460000 3463459.180000 -0.177151 22.680000 5C4225714 10 -63 
1722323917245 1722323917260 15 329397.910000 3463458.690000 -0.177151 22.760000 5C4225714 10 -63 
1722323917300 1722323917318 18 329398.800000 3463458.510000 -0.180860 22.760000 5C4225714 10 -63 
1722323917354 1722323917372 18 329399.480000 3463458.380000 -0.180860 22.820000 5C4225714 10 -63 
1722323917409 1722323917428 19 329400.600000 3463458.150000 -0.180860 22.760000 5C4225714 10 -63 
1722323917464 1722323917482 18 329401.710000 3463457.920000 -0.180860 22.780000 5C4225714 10 -63 
1722323917519 1722323917538 19 329403.280000 3463457.600000 -0.183041 22.780000 5C4225714 10 -63 
1722323917575 1722323917594 19 329404.410000 3463457.390000 -0.183041 22.800000 5C4225714 10 -63 
1722323917630 1722323917650 20 329405.750000 3463457.110000 -0.183041 22.780000 5C4225714 10 -63 
1722323917689 1722323917707 18 329406.640000 3463456.930000 -0.183041 22.800000 5C4225714 10 -63 
1722323917747 1722323917767 20 329409.110000 3463456.420000 -0.183914 22.800000 5C4225714 10 -63 
1722323917802 1722323917819 17 329410.230000 3463456.190000 -0.183914 22.840000 5C4225714 10 -63 
1722323917857 1722323917874 17 329411.570000 3463455.920000 -0.185223 22.820000 5C4225714 10 -63 
1722323917912 1722323917933 21 329412.010000 3463455.820000 -0.185223 22.840000 5C4225714 10 -63 
1722323917968 1722323917988 20 329413.370000 3463455.550000 -0.185223 22.840000 5C4225714 10 -63 
1722323918023 1722323918039 16 329414.930000 3463455.220000 -0.185223 22.840000 5C4225714 10 -63 
1722323918078 1722323918094 16 329415.610000 3463455.090000 -0.185223 22.840000 5C4225714 10 -63 
1722323918133 1722323918153 20 329416.280000 3463454.940000 -0.186532 22.860000 5C4225714 10 -63 
1722323918188 1722323918204 16 329417.860000 3463454.620000 -0.186532 22.860000 5C4225714 10 -63 
1722323918243 1722323918262 19 329419.200000 3463454.340000 -0.186532 22.880000 5C4225714 10 -63 
1722323918297 1722323918316 19 329420.320000 3463454.100000 -0.186532 22.900000 5C4225714 10 -63 
1722323918353 1722323918374 21 329422.570000 3463453.630000 -0.188932 22.920000 5C4225714 10 -63 
1722323918408 1722323918426 18 329423.920000 3463453.340000 -0.188932 22.920000 5C4225714 10 -63 
1722323918462 1722323918486 24 329424.810000 3463453.160000 -0.188932 22.940000 5C4225714 10 -63 
1722323918517 1722323918535 18 329425.950000 3463452.920000 -0.190895 22.940000 5C4225714 10 -63 
1722323918572 1722323918589 17 329427.300000 3463452.630000 -0.190895 22.920000 5C4225714 10 -63 
1722323918627 1722323918650 23 329428.420000 3463452.390000 -0.190895 22.960000 5C4225714 10 -63 
1722323918682 1722323918700 18 329429.770000 3463452.110000 -0.193732 22.940000 5C4225714 10 -63 
1722323918737 1722323918759 22 329430.680000 3463451.920000 -0.193732 22.980000 5C4225714 10 -63 
1722323918792 1722323918809 17 329431.570000 3463451.730000 -0.193732 22.980000 5C4225714 10 -63 
1722323918847 1722323918868 21 329432.470000 3463451.530000 -0.193732 22.980000 5C4225714 10 -63 
1722323918902 1722323918927 25 329433.820000 3463451.240000 -0.193732 22.940000 5C4225714 10 -63 
1722323918957 1722323918977 20 329436.300000 3463450.710000 -0.193513 23.040000 5C4225714 10 -63 
1722323919012 1722323919031 19 329437.430000 3463450.470000 -0.193513 23.000000 5C4225714 10 -63 
1722323919068 1722323919085 17 329438.550000 3463450.220000 -0.195477 23.020000 5C4225714 10 -63 
1722323919123 1722323919138 15 329439.690000 3463449.990000 -0.195477 23.020000 5C4225714 10 -63 
1722323919178 1722323919193 15 329441.040000 3463449.690000 -0.195477 23.020000 5C4225714 10 -63 
1722323919232 1722323919249 17 329442.170000 3463449.440000 -0.195477 23.020000 5C4225714 10 -63 
1722323919287 1722323919304 17 329443.070000 3463449.250000 -0.196131 23.000000 5C4225714 10 -63 
1722323919342 1722323919358 16 329444.430000 3463448.960000 -0.196131 23.020000 5C4225714 10 -63 
1722323919397 1722323919414 17 329444.880000 3463448.870000 -0.196131 23.020000 5C4225714 10 -63 
1722323919452 1722323919468 16 329446.230000 3463448.570000 -0.196131 23.040000 5C4225714 10 -63 
1722323919508 1722323919536 28 329447.580000 3463448.270000 -0.197877 23.040000 5C4225714 10 -63 
1722323919563 1722323919591 28 329448.030000 3463448.170000 -0.197877 23.060000 5C4225714 10 -63 
1722323919618 1722323919633 15 329450.750000 3463447.580000 -0.197877 23.040000 5C4225714 10 -63 
1722323919672 1722323919689 17 329451.640000 3463447.380000 -0.197877 23.020000 5C4225714 10 -63 
1722323919727 1722323919741 14 329453.450000 3463447.000000 -0.197440 23.040000 5C4225714 10 -63 
1722323919781 1722323919801 20 329454.580000 3463446.750000 -0.197440 23.040000 5C4225714 10 -63 
1722323919836 1722323919854 18 329455.710000 3463446.500000 -0.197440 23.060000 5C4225714 10 -63 
1722323919891 1722323919908 17 329456.840000 3463446.260000 -0.198095 23.080000 5C4225714 10 -63 
1722323919947 1722323919968 21 329458.190000 3463445.960000 -0.198095 23.040000 5C4225714 10 -63 
1722323920001 1722323920017 16 329458.190000 3463445.960000 -0.198095 23.060000 5C4225714 10 -63 
1722323920056 1722323920080 24 329460.000000 3463445.560000 -0.198095 23.020000 5C4225714 10 -63 
1722323920111 1722323920129 18 329461.570000 3463445.210000 -0.198531 23.080000 5C4225714 10 -63 
1722323920166 1722323920183 17 329462.040000 3463445.120000 -0.198531 23.040000 5C4225714 10 -63 
1722323920221 1722323920237 16 329464.730000 3463444.520000 -0.198531 23.060000 5C4225714 10 -63 
1722323920276 1722323920292 16 329464.960000 3463444.460000 -0.198531 23.040000 5C4225714 10 -63 
1722323920330 1722323920351 21 329467.000000 3463444.020000 -0.199840 23.060000 5C4225714 10 -63 
1722323920385 1722323920401 16 329468.130000 3463443.770000 -0.199840 23.060000 5C4225714 10 -63 
1722323920441 1722323920457 16 329469.250000 3463443.530000 -0.199840 23.080000 5C4225714 10 -63 
1722323920496 1722323920513 17 329470.150000 3463443.320000 -0.198531 23.040000 5C4225714 10 -63 
1722323920551 1722323920568 17 329471.520000 3463443.030000 -0.198531 23.040000 5C4225714 10 -63 
1722323920606 1722323920622 16 329472.870000 3463442.730000 -0.198531 23.040000 5C4225714 10 -63 
1722323920665 1722323920682 17 329473.770000 3463442.530000 -0.198531 23.020000 5C4225714 10 -63 
1722323920720 1722323920744 24 329475.350000 3463442.180000 -0.196350 23.020000 5C4225714 10 -63 
1722323920774 1722323920793 19 329476.260000 3463442.000000 -0.196350 23.020000 5C4225714 10 -63 
1722323920829 1722323920845 16 329478.740000 3463441.460000 -0.196350 22.960000 5C4225714 10 -63 
1722323920884 1722323920901 17 329479.860000 3463441.220000 -0.193295 22.980000 5C4225714 10 -63 
1722323920939 1722323920957 18 329480.090000 3463441.180000 -0.193295 22.920000 5C4225714 10 -63 
1722323920994 1722323921011 17 329481.670000 3463440.840000 -0.193295 22.920000 5C4225714 10 -63 
1722323921049 1722323921065 16 329482.560000 3463440.650000 -0.193295 22.920000 5C4225714 10 -63 
1722323921104 1722323921124 20 329484.140000 3463440.310000 -0.190895 22.860000 5C4225714 10 -63 
1722323921160 1722323921177 17 329485.040000 3463440.130000 -0.190895 22.880000 5C4225714 10 -63 
1722323921215 1722323921233 18 329486.160000 3463439.900000 -0.190895 22.840000 5C4225714 10 -63 
1722323921270 1722323921288 18 329487.510000 3463439.610000 -0.190895 22.860000 5C4225714 10 -63 
1722323921325 1722323921343 18 329488.840000 3463439.330000 -0.189368 22.840000 5C4225714 10 -63 
1722323921381 1722323921397 16 329489.960000 3463439.110000 -0.189368 22.820000 5C4225714 10 -63 
1722323921436 1722323921455 19 329491.080000 3463438.870000 -0.189368 22.800000 5C4225714 10 -63 
1722323921492 1722323921511 19 329493.550000 3463438.360000 -0.186750 22.780000 5C4225714 10 -63 
1722323921546 1722323921563 17 329494.000000 3463438.280000 -0.186750 22.760000 5C4225714 10 -63 
1722323921602 1722323921618 16 329495.780000 3463437.900000 -0.186750 22.760000 5C4225714 10 -63 
1722323921657 1722323921680 23 329496.890000 3463437.680000 -0.186750 22.720000 5C4225714 10 -63 
1722323921716 1722323921734 18 329497.560000 3463437.540000 -0.185005 22.740000 5C4225714 10 -63 
1722323921771 1722323921790 19 329498.680000 3463437.310000 -0.185005 22.700000 5C4225714 10 -63 
1722323921826 1722323921844 18 329499.800000 3463437.090000 -0.185005 22.720000 5C4225714 10 -63 
1722323921881 1722323921898 17 329501.130000 3463436.820000 -0.185005 22.680000 5C4225714 10 -63 
1722323921937 1722323921953 16 329502.020000 3463436.630000 -0.183260 22.700000 5C4225714 10 -63 
1722323921992 1722323922011 19 329504.470000 3463436.130000 -0.183260 22.640000 5C4225714 10 -63 
1722323922047 1722323922062 15 329505.580000 3463435.920000 -0.183260 22.640000 5C4225714 10 -63 
1722323922102 1722323922120 18 329506.920000 3463435.640000 -0.182169 22.580000 5C4225714 10 -63 
1722323922157 1722323922174 17 329507.810000 3463435.460000 -0.182169 22.620000 5C4225714 10 -63 
1722323922212 1722323922228 16 329509.130000 3463435.190000 -0.182169 22.560000 5C4225714 10 -63 
1722323922267 1722323922283 16 329510.240000 3463434.960000 -0.182169 22.580000 5C4225714 10 -63 
1722323922322 1722323922338 16 329511.130000 3463434.780000 -0.183696 22.560000 5C4225714 10 -63 
1722323922377 1722323922397 20 329512.020000 3463434.600000 -0.183696 22.560000 5C4225714 10 -63 
1722323922432 1722323922448 16 329512.910000 3463434.420000 -0.183696 22.520000 5C4225714 10 -63 
1722323922487 1722323922503 16 329514.460000 3463434.110000 -0.183696 22.520000 5C4225714 10 -63 
1722323922542 1722323922558 16 329515.560000 3463433.880000 -0.182605 22.520000 5C4225714 10 -63 
1722323922597 1722323922614 17 329517.770000 3463433.430000 -0.182605 22.500000 5C4225714 10 -63 
1722323922652 1722323922668 16 329519.100000 3463433.170000 -0.182605 22.460000 5C4225714 10 -63 
1722323922707 1722323922722 15 329519.980000 3463432.990000 -0.183696 22.460000 5C4225714 10 -63 
1722323922762 1722323922780 18 329521.090000 3463432.760000 -0.183696 22.420000 5C4225714 10 -63 
1722323922826 1722323922844 18 329521.750000 3463432.630000 -0.183696 22.420000 5C4225714 10 -63 
1722323922881 1722323922898 17 329523.280000 3463432.310000 -0.183696 22.420000 5C4225714 10 -63 
1722323922936 1722323922955 19 329524.840000 3463432.000000 -0.182823 22.400000 5C4225714 10 -63 
1722323922992 1722323923012 20 329525.940000 3463431.780000 -0.182823 22.400000 5C4225714 10 -63 
1722323923046 1722323923062 16 329526.600000 3463431.640000 -0.182823 22.380000 5C4225714 10 -63 
1722323923101 1722323923120 19 329529.240000 3463431.110000 -0.183260 22.340000 5C4225714 10 -63 
1722323923157 1722323923176 19 329529.900000 3463430.970000 -0.183260 22.420000 5C4225714 10 -63 
1722323923212 1722323923228 16 329530.990000 3463430.760000 -0.183260 22.300000 5C4225714 10 -63 
1722323923267 1722323923283 16 329532.090000 3463430.530000 -0.183260 22.340000 5C4225714 10 -63 
1722323923322 1722323923338 16 329533.410000 3463430.260000 -0.181732 22.300000 5C4225714 10 -63 
1722323923376 1722323923393 17 329534.500000 3463430.050000 -0.181732 22.280000 5C4225714 10 -63 
1722323923431 1722323923449 18 329535.160000 3463429.910000 -0.181732 22.260000 5C4225714 10 -63 
1722323923486 1722323923503 17 329536.690000 3463429.600000 -0.181732 22.240000 5C4225714 10 -63 
1722323923541 1722323923558 17 329537.800000 3463429.380000 -0.180860 22.240000 5C4225714 10 -63 
1722323923596 1722323923613 17 329538.890000 3463429.170000 -0.180860 22.200000 5C4225714 10 -63 
1722323923651 1722323923668 17 329539.750000 3463428.990000 -0.180860 22.180000 5C4225714 10 -63 
1722323923706 1722323923722 16 329542.160000 3463428.500000 -0.181296 22.160000 5C4225714 10 -63 
1722323923760 1722323923784 24 329543.680000 3463428.200000 -0.181296 22.120000 5C4225714 10 -63 
1722323923815 1722323923833 18 329544.540000 3463428.020000 -0.181296 22.120000 5C4225714 10 -63 
1722323923870 1722323923888 18 329545.640000 3463427.800000 -0.180642 22.060000 5C4225714 10 -63 
1722323923929 1722323923948 19 329546.950000 3463427.550000 -0.180642 22.040000 5C4225714 10 -63 
1722323923984 1722323924014 30 329547.160000 3463427.500000 -0.180642 21.960000 5C4225714 10 -63 
1722323924039 1722323924058 19 329548.670000 3463427.200000 -0.180642 21.920000 5C4225714 10 -63 
1722323924094 1722323924113 19 329549.100000 3463427.110000 -0.180642 21.900000 5C4225714 10 -63 
1722323924150 1722323924167 17 329550.610000 3463426.800000 -0.179987 21.920000 5C4225714 10 -63 
1722323924205 1722323924221 16 329552.130000 3463426.510000 -0.179987 21.900000 5C4225714 10 -63 
1722323924260 1722323924281 21 329553.200000 3463426.290000 -0.179987 21.820000 5C4225714 10 -63 
1722323924315 1722323924331 16 329554.480000 3463426.030000 -0.179114 21.740000 5C4225714 10 -63 
1722323924370 1722323924388 18 329556.640000 3463425.610000 -0.179114 21.720000 5C4225714 10 -63 
1722323924424 1722323924441 17 329557.700000 3463425.390000 -0.179114 21.680000 5C4225714 10 -63 
1722323924479 1722323924498 19 329558.760000 3463425.170000 -0.178896 21.660000 5C4225714 10 -63 
1722323924534 1722323924551 17 329559.830000 3463424.970000 -0.178896 21.620000 5C4225714 10 -63 
1722323924589 1722323924605 16 329560.900000 3463424.750000 -0.178896 21.600000 5C4225714 10 -63 
1722323924644 1722323924662 18 329562.170000 3463424.500000 -0.178896 21.520000 5C4225714 10 -63 
1722323924699 1722323924717 18 329562.810000 3463424.370000 -0.177369 21.500000 5C4225714 10 -63 
1722323924754 1722323924771 17 329564.290000 3463424.080000 -0.177369 21.400000 5C4225714 10 -63 
1722323924809 1722323924830 21 329565.130000 3463423.920000 -0.177369 21.380000 5C4225714 10 -63 
1722323924864 1722323924881 17 329566.170000 3463423.700000 -0.177369 21.300000 5C4225714 10 -63 
1722323924920 1722323924938 18 329568.070000 3463423.340000 -0.179333 21.240000 5C4225714 10 -63 
1722323924974 1722323924992 18 329568.700000 3463423.200000 -0.179333 21.140000 5C4225714 10 -63 
1722323925029 1722323925047 18 329570.150000 3463422.910000 -0.179333 21.140000 5C4225714 10 -63 
1722323925084 1722323925102 18 329571.390000 3463422.660000 -0.178678 21.080000 5C4225714 10 -63 
1722323925141 1722323925157 16 329572.030000 3463422.540000 -0.178678 21.040000 5C4225714 2 -65 
1722323925196 1722323925214 18 329573.270000 3463422.290000 -0.178678 20.960000 5C4225714 2 -65 
1722323925251 1722323925268 17 329574.510000 3463422.040000 -0.178678 20.900000 5C4225714 2 -65 
1722323925306 1722323925323 17 329575.740000 3463421.790000 -0.180642 20.820000 5C4225714 2 -65 
1722323925361 1722323925378 17 329576.570000 3463421.620000 -0.180642 20.800000 5C4225714 2 -65 
1722323925416 1722323925434 18 329577.800000 3463421.380000 -0.180642 20.700000 5C4225714 2 -65 
1722323925472 1722323925489 17 329578.820000 3463421.170000 -0.180642 20.700000 5C4225714 2 -65 
1722323925526 1722323925545 19 329579.620000 3463421.000000 -0.184569 20.620000 5C4225714 2 -65 
1722323925581 1722323925598 17 329581.870000 3463420.540000 -0.184569 20.580000 5C4225714 2 -65 
1722323925636 1722323925652 16 329583.080000 3463420.290000 -0.184569 20.540000 5C4225714 2 -65 
1722323925691 1722323925708 17 329584.080000 3463420.080000 -0.188496 20.480000 5C4225714 2 -65 
1722323925746 1722323925766 20 329585.100000 3463419.880000 -0.188496 20.440000 5C4225714 2 -65 
1722323925801 1722323925819 18 329585.700000 3463419.750000 -0.188496 20.340000 5C4225714 2 -65 
1722323925857 1722323925874 17 329586.490000 3463419.580000 -0.188496 20.320000 5C4225714 2 -65 
1722323925912 1722323925929 17 329587.500000 3463419.370000 -0.188714 20.280000 5C4225714 2 -65 
1722323925967 1722323925983 16 329588.890000 3463419.070000 -0.188714 20.220000 5C4225714 2 -65 
1722323926022 1722323926042 20 329589.890000 3463418.870000 -0.188714 20.140000 5C4225714 2 -65 
1722323926076 1722323926096 20 329590.680000 3463418.700000 -0.188714 20.000000 5C4225714 2 -65 
1722323926131 1722323926151 20 329591.660000 3463418.480000 -0.190677 19.920000 5C4225714 2 -65 
1722323926186 1722323926202 16 329593.420000 3463418.110000 -0.190677 19.640000 5C4225714 2 -65 
1722323926245 1722323926266 21 329594.590000 3463417.860000 -0.190677 19.420000 5C4225714 2 -65 
1722323926300 1722323926320 20 329595.730000 3463417.620000 -0.193732 19.320000 5C4225714 2 -65 
1722323926355 1722323926372 17 329596.500000 3463417.450000 -0.193732 19.060000 5C4225714 2 -65 
1722323926410 1722323926428 18 329597.810000 3463417.180000 -0.193732 18.980000 5C4225714 2 -65 
1722323926465 1722323926485 20 329598.740000 3463416.970000 -0.193732 18.760000 5C4225714 2 -65 
1722323926520 1722323926536 16 329599.660000 3463416.780000 -0.195695 18.680000 5C4225714 2 -65 
1722323926575 1722323926595 20 329600.580000 3463416.590000 -0.195695 18.400000 5C4225714 2 -65 
1722323926630 1722323926649 19 329601.660000 3463416.350000 -0.195695 18.300000 5C4225714 2 -65 
1722323926685 1722323926704 19 329602.190000 3463416.230000 -0.195695 18.120000 5C4225714 2 -65 
1722323926740 1722323926758 18 329603.960000 3463415.860000 -0.195041 17.760000 5C4225714 2 -65 
1722323926795 1722323926812 17 329605.190000 3463415.590000 -0.195041 17.540000 5C4225714 2 -65 
1722323926850 1722323926869 19 329605.360000 3463415.560000 -0.195041 17.400000 5C4225714 2 -65 
1722323926906 1722323926922 16 329606.550000 3463415.290000 -0.196131 17.140000 5C4225714 2 -65 
1722323926961 1722323926981 20 329607.410000 3463415.110000 -0.196131 17.040000 5C4225714 2 -65 
1722323927016 1722323927034 18 329608.080000 3463414.970000 -0.196131 16.860000 5C4225714 2 -65 
1722323927071 1722323927088 17 329609.230000 3463414.720000 -0.196131 16.620000 5C4225714 2 -65 
1722323927126 1722323927142 16 329609.880000 3463414.570000 -0.196131 16.440000 5C4225714 2 -65 
1722323927180 1722323927197 17 329610.530000 3463414.440000 -0.196131 16.060000 5C4225714 2 -65 
1722323927235 1722323927253 18 329611.480000 3463414.240000 -0.196131 15.860000 5C4225714 2 -65 
1722323927290 1722323927308 18 329612.420000 3463414.030000 -0.196131 15.640000 5C4225714 2 -65 
1722323927345 1722323927360 15 329613.940000 3463413.720000 -0.194386 15.240000 5C4225714 2 -65 
1722323927400 1722323927419 19 329614.830000 3463413.530000 -0.194386 14.840000 5C4225714 2 -65 
1722323927455 1722323927472 17 329615.550000 3463413.370000 -0.194386 14.680000 5C4225714 2 -65 
1722323927510 1722323927535 25 329616.270000 3463413.230000 -0.193950 14.380000 5C4225714 2 -65 
1722323927565 1722323927584 19 329616.970000 3463413.080000 -0.193950 14.120000 5C4225714 2 -65 
1722323927620 1722323927638 18 329617.670000 3463412.930000 -0.193950 13.900000 5C4225714 2 -65 
1722323927675 1722323927693 18 329618.480000 3463412.760000 -0.190895 13.720000 5C4225714 2 -65 
1722323927730 1722323927748 18 329619.150000 3463412.630000 -0.190895 13.400000 5C4225714 2 -65 
1722323927785 1722323927802 17 329619.680000 3463412.520000 -0.190895 13.120000 5C4225714 2 -65 
1722323927840 1722323927857 17 329620.310000 3463412.390000 -0.190895 13.000000 5C4225714 2 -65 
1722323927915 1722323927939 24 329621.580000 3463412.130000 -0.188277 12.440000 5C4225714 2 -65 
1722323927970 1722323927988 18 329621.820000 3463412.080000 -0.188277 12.200000 5C4225714 2 -65 
1722323928025 1722323928043 18 329622.540000 3463411.940000 -0.188277 11.980000 5C4225714 2 -65 
1722323928080 1722323928099 19 329623.130000 3463411.820000 -0.188277 11.700000 5C4225714 2 -65 
1722323928135 1722323928155 20 329623.710000 3463411.710000 -0.183478 11.520000 5C4225714 2 -65 
1722323928190 1722323928209 19 329624.500000 3463411.550000 -0.183478 11.220000 5C4225714 2 -65 
1722323928245 1722323928263 18 329625.050000 3463411.440000 -0.183478 11.000000 5C4225714 2 -65 
1722323928300 1722323928318 18 329625.580000 3463411.340000 -0.183478 10.680000 5C4225714 2 -65 
1722323928364 1722323928383 19 329626.730000 3463411.120000 -0.181951 10.200000 5C4225714 2 -65 
1722323928418 1722323928438 20 329627.220000 3463411.020000 -0.181951 10.000000 5C4225714 2 -65 
1722323928473 1722323928489 16 329627.710000 3463410.940000 -0.176496 9.720000 5C4225714 2 -65 
1722323928529 1722323928545 16 329628.180000 3463410.840000 -0.176496 9.580000 5C4225714 2 -65 
1722323928584 1722323928600 16 329628.650000 3463410.750000 -0.176496 9.280000 5C4225714 2 -65 
1722323928639 1722323928656 17 329629.180000 3463410.660000 -0.176496 9.060000 5C4225714 2 -65 
1722323928694 1722323928712 18 329629.530000 3463410.580000 -0.174097 8.780000 5C4225714 2 -65 
1722323928749 1722323928768 19 329629.880000 3463410.520000 -0.174097 8.520000 5C4225714 2 -65 
1722323928804 1722323928821 17 329630.550000 3463410.400000 -0.174097 8.360000 5C4225714 2 -65 
1722323928859 1722323928880 21 329630.860000 3463410.340000 -0.174097 8.060000 5C4225714 2 -65 
1722323928914 1722323928933 19 329631.250000 3463410.270000 -0.170606 7.760000 5C4225714 2 -65 
1722323928969 1722323928987 18 329631.930000 3463410.150000 -0.170606 7.360000 5C4225714 2 -65 
1722323929024 1722323929042 18 329632.280000 3463410.080000 -0.170606 7.180000 5C4225714 2 -65 
1722323929079 1722323929095 16 329632.630000 3463410.020000 -0.166679 6.940000 5C4225714 2 -65 
1722323929134 1722323929154 20 329633.050000 3463409.960000 -0.166679 6.820000 5C4225714 2 -65 
1722323929190 1722323929207 17 329633.250000 3463409.930000 -0.166679 6.640000 5C4225714 2 -65 
1722323929245 1722323929262 17 329633.700000 3463409.850000 -0.166679 6.540000 5C4225714 2 -65 
1722323929300 1722323929318 18 329634.080000 3463409.790000 -0.157080 6.420000 5C4225714 2 -65 
1722323929355 1722323929372 17 329634.280000 3463409.760000 -0.157080 6.300000 5C4225714 2 -65 
1722323929410 1722323929426 16 329634.710000 3463409.700000 -0.157080 6.180000 5C4225714 2 -65 
1722323929469 1722323929485 16 329634.890000 3463409.690000 -0.157080 6.040000 5C4225714 2 -65 
1722323929524 1722323929544 20 329635.540000 3463409.610000 -0.142244 5.820000 5C4225714 2 -65 
1722323929579 1722323929598 19 329635.830000 3463409.580000 -0.142244 5.680000 5C4225714 2 -65 
1722323929634 1722323929652 18 329636.100000 3463409.560000 -0.142244 5.600000 5C4225714 2 -65 
1722323929689 1722323929708 19 329636.380000 3463409.540000 -0.119991 5.500000 5C4225714 2 -65 
1722323929744 1722323929762 18 329636.650000 3463409.530000 -0.119991 5.400000 5C4225714 2 -65 
1722323929799 1722323929818 19 329636.980000 3463409.520000 -0.119991 5.260000 5C4225714 2 -65 
1722323929854 1722323929872 18 329637.240000 3463409.520000 -0.119991 5.160000 5C4225714 2 -65 
1722323929909 1722323929927 18 329637.390000 3463409.510000 -0.085739 5.060000 5C4225714 2 -65 
1722323929964 1722323929984 20 329637.790000 3463409.530000 -0.085739 4.980000 5C4225714 2 -65 
1722323930019 1722323930035 16 329637.990000 3463409.550000 -0.085739 4.860000 5C4225714 2 -65 
1722323930074 1722323930090 16 329638.260000 3463409.580000 -0.085739 4.800000 5C4225714 2 -65 
1722323930129 1722323930145 16 329638.650000 3463409.630000 -0.038179 4.620000 5C4225714 2 -65 
1722323930184 1722323930204 20 329638.910000 3463409.680000 -0.038179 4.500000 5C4225714 2 -65 
1722323930239 1722323930259 20 329639.090000 3463409.710000 -0.038179 4.440000 5C4225714 2 -65 
1722323930294 1722323930312 18 329639.330000 3463409.770000 0.023998 4.360000 5C4225714 2 -65 
1722323930348 1722323930369 21 329639.550000 3463409.830000 0.023998 4.300000 5C4225714 2 -65 
1722323930403 1722323930422 19 329639.760000 3463409.900000 0.023998 4.220000 5C4225714 2 -65 
1722323930458 1722323930477 19 329639.990000 3463409.980000 0.023998 4.180000 5C4225714 2 -65 
1722323930513 1722323930531 18 329640.180000 3463410.060000 0.101665 4.140000 5C4225714 2 -65 
1722323930571 1722323930589 18 329640.380000 3463410.140000 0.101665 4.080000 5C4225714 2 -65 
1722323930626 1722323930643 17 329640.520000 3463410.210000 0.101665 4.040000 5C4225714 2 -65 
1722323930681 1722323930697 16 329640.770000 3463410.340000 0.101665 3.980000 5C4225714 2 -65 
1722323930735 1722323930751 16 329640.880000 3463410.390000 0.186096 3.940000 5C4225714 2 -65 
1722323930790 1722323930807 17 329641.280000 3463410.630000 0.186096 3.860000 5C4225714 2 -65 
1722323930845 1722323930860 15 329641.380000 3463410.690000 0.186096 3.840000 5C4225714 2 -65 
1722323930900 1722323930919 19 329641.500000 3463410.780000 0.271617 3.820000 5C4225714 2 -65 
1722323930955 1722323930973 18 329641.670000 3463410.900000 0.271617 3.800000 5C4225714 2 -65 
1722323931010 1722323931027 17 329641.870000 3463411.070000 0.271617 3.800000 5C4225714 2 -65 
1722323931065 1722323931082 17 329641.950000 3463411.150000 0.271617 3.780000 5C4225714 2 -65 
1722323931120 1722323931137 17 329642.110000 3463411.300000 0.376991 3.780000 5C4225714 2 -65 
1722323931175 1722323931193 18 329642.270000 3463411.460000 0.376991 3.780000 5C4225714 2 -65 
1722323931230 1722323931248 18 329642.410000 3463411.640000 0.376991 3.760000 5C4225714 2 -65 
1722323931285 1722323931303 18 329642.520000 3463411.790000 0.376991 3.740000 5C4225714 2 -65 
1722323931340 1722323931356 16 329642.640000 3463411.950000 0.493492 3.720000 5C4225714 2 -65 
1722323931395 1722323931415 20 329642.720000 3463412.110000 0.493492 3.700000 5C4225714 2 -65 
1722323931450 1722323931466 16 329642.910000 3463412.460000 0.626355 3.680000 5C4225714 2 -65 
1722323931505 1722323931520 15 329643.000000 3463412.640000 0.626355 3.640000 5C4225714 2 -65 
1722323931560 1722323931580 20 329643.070000 3463412.800000 0.626355 3.620000 5C4225714 2 -65 
1722323931614 1722323931631 17 329643.120000 3463412.980000 0.626355 3.600000 5C4225714 2 -65 
1722323931671 1722323931687 16 329643.150000 3463413.080000 0.626355 3.600000 5C4225714 2 -65 
1722323931726 1722323931745 19 329643.200000 3463413.260000 0.759436 3.580000 5C4225714 2 -65 
1722323931781 1722323931800 19 329643.250000 3463413.470000 0.759436 3.560000 5C4225714 2 -65 
1722323931836 1722323931854 18 329643.280000 3463413.640000 0.759436 3.540000 5C4225714 2 -65 
1722323931892 1722323931909 17 329643.290000 3463413.790000 0.759436 3.520000 5C4225714 2 -65 
1722323931947 1722323931964 17 329643.330000 3463414.000000 0.902335 3.500000 5C4225714 2 -65 
1722323932002 1722323932018 16 329643.330000 3463414.210000 0.902335 3.500000 5C4225714 2 -65 
1722323932057 1722323932076 19 329643.320000 3463414.550000 1.037162 3.460000 5C4225714 2 -65 
1722323932112 1722323932137 25 329643.310000 3463414.720000 1.037162 3.420000 5C4225714 2 -65 
1722323932166 1722323932186 20 329643.290000 3463414.860000 1.037162 3.420000 5C4225714 2 -65 
1722323932221 1722323932247 26 329643.260000 3463415.060000 1.037162 3.400000 5C4225714 2 -65 
1722323932277 1722323932296 19 329643.210000 3463415.260000 1.182461 3.380000 5C4225714 2 -65 
1722323932332 1722323932350 18 329643.190000 3463415.430000 1.182461 3.380000 5C4225714 2 -65 
1722323932387 1722323932405 18 329643.140000 3463415.590000 1.182461 3.340000 5C4225714 2 -65 
1722323932442 1722323932458 16 329643.100000 3463415.720000 1.182461 3.340000 5C4225714 2 -65 
1722323932497 1722323932512 15 329643.050000 3463415.840000 1.182461 3.340000 5C4225714 2 -65 
1722323932552 1722323932571 19 329643.000000 3463416.000000 1.324050 3.320000 5C4225714 2 -65 
1722323932607 1722323932626 19 329642.930000 3463416.140000 1.324050 3.320000 5C4225714 2 -65 
1722323932662 1722323932689 27 329642.760000 3463416.470000 1.462368 3.260000 5C4225714 2 -65 
1722323932721 1722323932743 22 329642.690000 3463416.610000 1.462368 3.220000 5C4225714 2 -65 
1722323932777 1722323932793 16 329642.600000 3463416.750000 1.462368 3.200000 5C4225714 2 -65 
1722323932832 1722323932848 16 329642.520000 3463416.850000 1.462368 3.180000 5C4225714 2 -65 
1722323932887 1722323932903 16 329642.390000 3463417.030000 1.603085 3.160000 5C4225714 2 -65 
1722323932942 1722323932958 16 329642.300000 3463417.150000 1.603085 3.160000 5C4225714 2 -65 
1722323932998 1722323933013 15 329642.220000 3463417.250000 1.603085 3.120000 5C4225714 2 -65 
1722323933057 1722323933076 19 329642.110000 3463417.370000 1.603085 3.100000 5C4225714 2 -65 
1722323933112 1722323933128 16 329641.980000 3463417.490000 1.732894 3.080000 5C4225714 2 -65 
1722323933167 1722323933186 19 329641.850000 3463417.630000 1.732894 3.060000 5C4225714 2 -65 
1722323933222 1722323933238 16 329641.620000 3463417.820000 1.732894 3.000000 5C4225714 2 -65 
1722323933284 1722323933303 19 329641.490000 3463417.910000 1.866411 2.980000 5C4225714 2 -65 
1722323933340 1722323933359 19 329641.390000 3463418.000000 1.866411 2.980000 5C4225714 2 -65 
1722323933395 1722323933413 18 329641.260000 3463418.080000 1.866411 2.960000 5C4225714 2 -65 
1722323933450 1722323933467 17 329641.180000 3463418.120000 1.866411 2.940000 5C4225714 2 -65 
1722323933505 1722323933521 16 329641.060000 3463418.200000 1.998184 2.920000 5C4225714 2 -65 
1722323933560 1722323933575 15 329640.940000 3463418.270000 1.998184 2.900000 5C4225714 2 -65 
1722323933615 1722323933633 18 329640.790000 3463418.350000 1.998184 2.880000 5C4225714 2 -65 
1722323933671 1722323933687 16 329640.660000 3463418.410000 1.998184 2.840000 5C4225714 2 -65 
1722323933726 1722323933742 16 329640.430000 3463418.510000 2.124938 2.820000 5C4225714 2 -65 
1722323933792 1722323933811 19 329640.270000 3463418.570000 2.124938 2.800000 5C4225714 2 -65 
1722323933847 1722323933872 25 329640.210000 3463418.580000 2.124938 2.780000 5C4225714 2 -65 
1722323933902 1722323933920 18 329640.030000 3463418.640000 2.241657 2.740000 5C4225714 2 -65 
1722323933958 1722323933976 18 329639.910000 3463418.680000 2.241657 2.740000 5C4225714 2 -65 
1722323934013 1722323934033 20 329639.770000 3463418.710000 2.241657 2.720000 5C4225714 2 -65 
1722323934068 1722323934087 19 329639.580000 3463418.750000 2.241657 2.700000 5C4225714 2 -65 
1722323934123 1722323934142 19 329639.440000 3463418.760000 2.360121 2.680000 5C4225714 2 -65 
1722323934178 1722323934194 16 329639.160000 3463418.810000 2.360121 2.680000 5C4225714 2 -65 
1722323934233 1722323934260 27 329639.020000 3463418.810000 2.360121 2.680000 5C4225714 2 -65 
1722323934288 1722323934309 21 329638.880000 3463418.820000 2.471386 2.680000 5C4225714 2 -65 
1722323934344 1722323934370 26 329638.810000 3463418.830000 2.471386 2.720000 5C4225714 2 -65 
1722323934399 1722323934415 16 329638.670000 3463418.830000 2.471386 2.740000 5C4225714 2 -65 
1722323934454 1722323934478 24 329638.540000 3463418.820000 2.471386 2.780000 5C4225714 2 -65 
1722323934509 1722323934527 18 329638.450000 3463418.820000 2.471386 2.780000 5C4225714 2 -65 
1722323934564 1722323934580 16 329638.230000 3463418.810000 2.582869 2.820000 5C4225714 2 -65 
1722323934619 1722323934646 27 329638.150000 3463418.810000 2.582869 2.840000 5C4225714 2 -65 
1722323934674 1722323934690 16 329637.950000 3463418.790000 2.582869 2.880000 5C4225714 2 -65 
1722323934729 1722323934747 18 329637.800000 3463418.770000 2.702861 2.920000 5C4225714 2 -65 
1722323934784 1722323934801 17 329637.510000 3463418.750000 2.702861 2.960000 5C4225714 2 -65 
1722323934855 1722323934874 19 329637.330000 3463418.720000 2.702861 3.000000 5C4225714 2 -65 
1722323934910 1722323934945 35 329637.170000 3463418.700000 2.810635 3.020000 5C4225714 2 -65 
1722323934965 1722323934981 16 329637.030000 3463418.690000 2.810635 3.080000 5C4225714 2 -65 
1722323935020 1722323935045 25 329636.880000 3463418.670000 2.810635 3.100000 5C4225714 2 -65 
1722323935075 1722323935093 18 329636.720000 3463418.650000 2.810635 3.160000 5C4225714 2 -65 
1722323935129 1722323935147 18 329636.540000 3463418.630000 2.905973 3.180000 5C4225714 2 -65 
1722323935184 1722323935203 19 329636.370000 3463418.600000 2.905973 3.220000 5C4225714 2 -65 
1722323935240 1722323935257 17 329636.210000 3463418.580000 2.905973 3.260000 5C4225714 2 -65 
1722323935295 1722323935311 16 329635.940000 3463418.540000 2.988658 3.340000 5C4225714 2 -65 
1722323935350 1722323935365 15 329635.780000 3463418.520000 2.988658 3.380000 5C4225714 2 -65 
1722323935405 1722323935424 19 329635.570000 3463418.500000 2.988658 3.400000 5C4225714 2 -65 
1722323935460 1722323935485 25 329635.400000 3463418.490000 2.988658 3.420000 5C4225714 2 -65 
1722323935515 1722323935533 18 329635.230000 3463418.480000 3.052799 3.500000 5C4225714 2 -65 
1722323935570 1722323935587 17 329635.060000 3463418.480000 3.052799 3.520000 5C4225714 2 -65 
1722323935625 1722323935649 24 329634.840000 3463418.480000 3.052799 3.600000 5C4225714 2 -65 
1722323935680 1722323935705 25 329634.690000 3463418.480000 3.052799 3.660000 5C4225714 2 -65 
1722323935735 1722323935756 21 329634.510000 3463418.490000 3.076361 3.700000 5C4225714 2 -65 
1722323935790 1722323935808 18 329634.290000 3463418.500000 3.076361 3.760000 5C4225714 2 -65 
1722323935845 1722323935862 17 329634.090000 3463418.510000 3.076361 3.880000 5C4225714 2 -65 
1722323935900 1722323935917 17 329633.650000 3463418.530000 3.087487 4.080000 5C4225714 2 -65 
1722323935954 1722323935973 19 329633.490000 3463418.550000 3.087487 4.180000 5C4225714 2 -65 
1722323936009 1722323936028 19 329633.320000 3463418.560000 3.087487 4.300000 5C4225714 2 -65 
1722323936064 1722323936087 23 329633.140000 3463418.580000 3.087487 4.420000 5C4225714 2 -65 
1722323936119 1722323936139 20 329632.920000 3463418.590000 3.087269 4.600000 5C4225714 2 -65 
1722323936174 1722323936193 19 329632.590000 3463418.620000 3.087269 4.680000 5C4225714 2 -65 
1722323936229 1722323936249 20 329632.350000 3463418.640000 3.087269 4.840000 5C4225714 2 -65 
1722323936284 1722323936302 18 329632.100000 3463418.660000 3.087269 5.020000 5C4225714 2 -65 
1722323936340 1722323936355 15 329631.790000 3463418.700000 3.083779 5.120000 5C4225714 2 -65 
1722323936395 1722323936412 17 329631.540000 3463418.720000 3.083779 5.280000 5C4225714 2 -65 
1722323936450 1722323936473 23 329631.260000 3463418.740000 3.083779 5.400000 5C4225714 2 -65 
1722323936505 1722323936523 18 329630.640000 3463418.820000 3.076361 5.700000 5C4225714 2 -65 
1722323936560 1722323936577 17 329630.360000 3463418.840000 3.076361 5.860000 5C4225714 2 -65 
1722323936615 1722323936630 15 329630.060000 3463418.880000 3.076361 5.940000 5C4225714 2 -65 
1722323936670 1722323936687 17 329629.870000 3463418.910000 3.076361 6.140000 5C4225714 2 -65 
1722323936725 1722323936741 16 329629.560000 3463418.940000 3.064580 6.280000 5C4225714 2 -65 
1722323936780 1722323936800 20 329629.180000 3463418.990000 3.064580 6.440000 5C4225714 2 -65 
1722323936834 1722323936852 18 329628.860000 3463419.030000 3.064580 6.540000 5C4225714 2 -65 
1722323936890 1722323936911 21 329628.590000 3463419.070000 3.064580 6.720000 5C4225714 2 -65 
1722323936945 1722323936961 16 329628.330000 3463419.110000 3.051054 6.800000 5C4225714 2 -65 
1722323937005 1722323937024 19 329627.780000 3463419.200000 3.051054 6.920000 5C4225714 2 -65 
1722323937064 1722323937091 27 329627.070000 3463419.300000 3.037091 7.200000 5C4225714 2 -65 
1722323937118 1722323937136 18 329626.850000 3463419.340000 3.037091 7.360000 5C4225714 2 -65 
1722323937173 1722323937193 20 329626.480000 3463419.390000 3.037091 7.560000 5C4225714 2 -65 
1722323937228 1722323937250 22 329626.030000 3463419.470000 3.037091 7.660000 5C4225714 2 -65 
1722323937284 1722323937300 16 329625.720000 3463419.510000 3.037091 7.780000 5C4225714 2 -65 
1722323937339 1722323937355 16 329625.260000 3463419.590000 3.021819 7.980000 5C4225714 2 -65 
1722323937394 1722323937411 17 329624.860000 3463419.660000 3.021819 8.100000 5C4225714 2 -65 
1722323937449 1722323937470 21 329624.380000 3463419.740000 3.021819 8.280000 5C4225714 2 -65 
1722323937504 1722323937520 16 329623.960000 3463419.810000 3.008511 8.400000 5C4225714 2 -65 
1722323937559 1722323937579 20 329623.550000 3463419.900000 3.008511 8.900000 5C4225714 2 -65 
1722323937614 1722323937634 20 329623.210000 3463419.950000 3.008511 8.840000 5C4225714 2 -65 
1722323937669 1722323937688 19 329622.140000 3463420.140000 2.994767 9.100000 5C4225714 2 -65 
1722323937724 1722323937743 19 329621.700000 3463420.240000 2.994767 9.260000 5C4225714 2 -65 
1722323937779 1722323937797 18 329621.420000 3463420.290000 2.994767 9.440000 5C4225714 2 -65 
1722323937834 1722323937852 18 329620.960000 3463420.380000 2.994767 9.540000 5C4225714 2 -65 
1722323937889 1722323937907 18 329620.390000 3463420.490000 2.980586 9.620000 5C4225714 2 -65 
1722323937943 1722323937965 22 329620.390000 3463420.490000 2.980586 9.800000 5C4225714 2 -65 
1722323937998 1722323938015 17 329619.430000 3463420.690000 2.980586 9.880000 5C4225714 2 -65 
1722323938053 1722323938068 15 329619.040000 3463420.780000 2.980586 10.060000 5C4225714 2 -65 
1722323938116 1722323938137 21 329618.540000 3463420.880000 2.966187 10.240000 5C4225714 2 -65 
1722323938185 1722323938202 17 329617.530000 3463421.090000 2.966187 10.520000 5C4225714 2 -65 
1722323938240 1722323938258 18 329617.010000 3463421.200000 2.966187 10.640000 5C4225714 2 -65 
1722323938297 1722323938317 20 329616.590000 3463421.280000 2.966187 10.820000 5C4225714 2 -69 
1722323938352 1722323938372 20 329615.970000 3463421.420000 2.963133 10.900000 5C4225714 2 -69 
1722323938407 1722323938426 19 329615.320000 3463421.550000 2.963133 10.980000 5C4225714 2 -69 
1722323938462 1722323938480 18 329614.770000 3463421.660000 2.963133 11.160000 5C4225714 2 -69 
1722323938517 1722323938534 17 329614.450000 3463421.730000 2.963133 11.260000 5C4225714 2 -69 
1722323938572 1722323938592 20 329613.670000 3463421.900000 2.959642 11.420000 5C4225714 2 -69 
1722323938627 1722323938646 19 329612.420000 3463422.150000 2.959642 11.720000 5C4225714 2 -69 
1722323938682 1722323938699 17 329611.840000 3463422.270000 2.955933 11.840000 5C4225714 2 -69 
1722323938737 1722323938751 14 329611.260000 3463422.400000 2.955933 11.980000 5C4225714 2 -69 
1722323938792 1722323938810 18 329610.670000 3463422.520000 2.955933 12.200000 5C4225714 2 -69 
1722323938847 1722323938864 17 329609.950000 3463422.670000 2.955933 12.280000 5C4225714 2 -69 
1722323938902 1722323938919 17 329609.340000 3463422.800000 2.953315 12.380000 5C4225714 2 -69 
1722323938957 1722323938978 21 329608.730000 3463422.940000 2.953315 12.480000 5C4225714 2 -69 
1722323939013 1722323939029 16 329608.120000 3463423.060000 2.953315 12.700000 5C4225714 2 -69 
1722323939068 1722323939089 21 329607.490000 3463423.190000 2.953315 12.760000 5C4225714 2 -69 
1722323939123 1722323939150 27 329607.120000 3463423.280000 2.949170 12.880000 5C4225714 2 -69 
1722323939178 1722323939194 16 329606.500000 3463423.420000 2.949170 13.040000 5C4225714 2 -69 
1722323939233 1722323939249 16 329605.590000 3463423.610000 2.949170 13.220000 5C4225714 2 -69 
1722323939288 1722323939308 20 329604.560000 3463423.830000 2.949606 13.300000 5C4225714 2 -69 
1722323939342 1722323939362 20 329603.780000 3463424.010000 2.949606 13.400000 5C4225714 2 -69 
1722323939402 1722323939421 19 329603.260000 3463424.120000 2.949606 13.480000 5C4225714 2 -69 
1722323939457 1722323939474 17 329602.730000 3463424.230000 2.949606 13.580000 5C4225714 2 -69 
1722323939512 1722323939528 16 329602.050000 3463424.370000 2.948952 13.700000 5C4225714 2 -69 
1722323939567 1722323939583 16 329601.120000 3463424.570000 2.948952 13.820000 5C4225714 2 -69 
1722323939622 1722323939649 27 329600.180000 3463424.780000 2.948952 13.920000 5C4225714 2 -69 
1722323939677 1722323939694 17 329599.490000 3463424.920000 2.948952 13.980000 5C4225714 2 -69 
1722323939732 1722323939748 16 329599.220000 3463424.980000 2.947861 14.060000 5C4225714 2 -69 
1722323939787 1722323939803 16 329597.560000 3463425.340000 2.947861 14.260000 5C4225714 2 -69 
1722323939842 1722323939862 20 329596.990000 3463425.450000 2.947861 14.380000 5C4225714 2 -69 
1722323939897 1722323939918 21 329596.290000 3463425.610000 2.952006 14.560000 5C4225714 2 -69 
1722323939952 1722323939970 18 329595.430000 3463425.790000 2.952006 14.620000 5C4225714 2 -69 
1722323940007 1722323940024 17 329594.710000 3463425.940000 2.952006 14.740000 5C4225714 2 -69 
1722323940062 1722323940077 15 329593.990000 3463426.090000 2.952006 14.860000 5C4225714 2 -69 
1722323940117 1722323940136 19 329593.260000 3463426.240000 2.952224 14.900000 5C4225714 2 -69 
1722323940171 1722323940189 18 329592.380000 3463426.430000 2.952224 15.060000 5C4225714 2 -69 
1722323940226 1722323940242 16 329591.640000 3463426.580000 2.952224 15.160000 5C4225714 2 -69 
1722323940281 1722323940301 20 329591.040000 3463426.710000 2.952224 15.220000 5C4225714 2 -69 
1722323940336 1722323940355 19 329590.150000 3463426.900000 2.953752 15.380000 5C4225714 2 -69 
1722323940391 1722323940410 19 329589.690000 3463427.000000 2.953752 15.480000 5C4225714 2 -69 
1722323940446 1722323940464 18 329588.170000 3463427.310000 2.953752 15.680000 5C4225714 2 -69 
1722323940501 1722323940518 17 329587.240000 3463427.500000 2.955497 15.780000 5C4225714 2 -69 
1722323940556 1722323940572 16 329586.630000 3463427.640000 2.955497 15.880000 5C4225714 2 -69 
1722323940611 1722323940628 17 329585.690000 3463427.830000 2.955497 15.980000 5C4225714 2 -69 
1722323940666 1722323940684 18 329584.910000 3463427.990000 2.955497 16.060000 5C4225714 2 -69 
1722323940721 1722323940737 16 329583.970000 3463428.190000 2.956151 16.300000 5C4225714 2 -69 
1722323940778 1722323940801 23 329583.170000 3463428.360000 2.956151 16.400000 5C4225714 2 -69 
1722323940834 1722323940850 16 329583.010000 3463428.380000 2.956151 16.560000 5C4225714 2 -69 
1722323940890 1722323940908 18 329581.880000 3463428.610000 2.956151 16.660000 5C4225714 2 -69 
1722323940945 1722323940961 16 329580.750000 3463428.860000 2.955715 16.740000 5C4225714 2 -69 
1722323941000 1722323941017 17 329579.930000 3463429.030000 2.955715 16.920000 5C4225714 2 -69 
1722323941055 1722323941076 21 329578.250000 3463429.370000 2.955715 17.180000 5C4225714 2 -69 
1722323941110 1722323941128 18 329577.090000 3463429.610000 2.956588 17.280000 5C4225714 2 -69 
1722323941165 1722323941186 21 329576.230000 3463429.790000 2.956588 17.420000 5C4225714 2 -69 
1722323941220 1722323941247 27 329575.550000 3463429.920000 2.956588 17.520000 5C4225714 2 -69 
1722323941275 1722323941293 18 329574.520000 3463430.140000 2.956806 17.600000 5C4225714 2 -69 
1722323941331 1722323941355 24 329574.000000 3463430.250000 2.956806 17.700000 5C4225714 2 -69 
1722323941386 1722323941405 19 329573.140000 3463430.430000 2.956806 17.740000 5C4225714 2 -69 
1722323941441 1722323941464 23 329572.090000 3463430.640000 2.956806 17.860000 5C4225714 2 -69 
1722323941502 1722323941527 25 329571.210000 3463430.820000 2.955061 17.940000 5C4225714 2 -69 
1722323941561 1722323941584 23 329570.330000 3463431.010000 2.955061 18.020000 5C4225714 2 -69 
1722323941618 1722323941635 17 329568.740000 3463431.340000 2.955061 18.180000 5C4225714 2 -69 
1722323941674 1722323941697 23 329567.660000 3463431.560000 2.955061 18.300000 5C4225714 2 -69 
1722323941729 1722323941747 18 329566.590000 3463431.790000 2.955061 18.340000 5C4225714 2 -69 
1722323941784 1722323941803 19 329565.680000 3463431.980000 2.955061 18.480000 5C4225714 2 -69 
1722323941840 1722323941856 16 329565.140000 3463432.100000 2.955061 18.560000 5C4225714 2 -69 
1722323941895 1722323941917 22 329563.690000 3463432.400000 2.952224 18.620000 5C4225714 2 -69 
1722323941950 1722323941975 25 329562.780000 3463432.600000 2.952224 18.680000 5C4225714 2 -69 
1722323942006 1722323942025 19 329561.860000 3463432.800000 2.952224 18.780000 5C4225714 2 -69 
1722323942061 1722323942079 18 329561.120000 3463432.950000 2.952224 18.820000 5C4225714 2 -69 
1722323942116 1722323942139 23 329559.650000 3463433.270000 2.949170 18.980000 5C4225714 2 -69 
1722323942170 1722323942189 19 329558.530000 3463433.510000 2.949170 19.120000 5C4225714 2 -69 
1722323942225 1722323942240 15 329558.160000 3463433.600000 2.949170 19.160000 5C4225714 2 -69 
1722323942280 1722323942301 21 329556.470000 3463433.960000 2.947861 19.200000 5C4225714 2 -69 
1722323942336 1722323942353 17 329555.910000 3463434.090000 2.947861 19.340000 5C4225714 2 -69 
1722323942391 1722323942408 17 329554.580000 3463434.380000 2.947861 19.340000 5C4225714 2 -69 
1722323942446 1722323942469 23 329553.440000 3463434.630000 2.947861 19.440000 5C4225714 2 -69 
1722323942501 1722323942517 16 329552.490000 3463434.840000 2.945025 19.460000 5C4225714 2 -69 
1722323942556 1722323942573 17 329551.540000 3463435.060000 2.945025 19.500000 5C4225714 2 -69 
1722323942611 1722323942628 17 329550.970000 3463435.180000 2.945025 19.480000 5C4225714 2 -69 
1722323942665 1722323942687 22 329549.630000 3463435.480000 2.945025 19.580000 5C4225714 2 -69 
1722323942721 1722323942737 16 329549.060000 3463435.610000 2.941752 19.580000 5C4225714 2 -69 
1722323942776 1722323942792 16 329547.130000 3463436.030000 2.941752 19.720000 5C4225714 2 -69 
1722323942830 1722323942851 21 329545.970000 3463436.290000 2.941752 19.760000 5C4225714 2 -69 
1722323942885 1722323942904 19 329545.010000 3463436.500000 2.943934 19.800000 5C4225714 2 -69 
1722323942941 1722323942961 20 329544.430000 3463436.630000 2.943934 19.800000 5C4225714 2 -69 
1722323942996 1722323943012 16 329542.870000 3463436.960000 2.943934 19.860000 5C4225714 2 -69 
1722323943050 1722323943067 17 329542.290000 3463437.090000 2.943934 19.920000 5C4225714 2 -69 
1722323943105 1722323943123 18 329540.930000 3463437.380000 2.948297 19.980000 5C4225714 2 -69 
1722323943160 1722323943176 16 329539.950000 3463437.600000 2.948297 20.000000 5C4225714 2 -69 
1722323943215 1722323943234 19 329538.770000 3463437.850000 2.948297 20.080000 5C4225714 2 -69 
1722323943269 1722323943290 21 329537.780000 3463438.050000 2.948297 20.100000 5C4225714 2 -69 
1722323943324 1722323943346 22 329537.000000 3463438.220000 2.950261 20.180000 5C4225714 2 -69 
1722323943380 1722323943398 18 329536.010000 3463438.440000 2.950261 20.180000 5C4225714 2 -69 
1722323943434 1722323943452 18 329534.230000 3463438.810000 2.950261 20.280000 5C4225714 2 -69 
1722323943489 1722323943506 17 329533.230000 3463439.030000 2.950261 20.340000 5C4225714 2 -69 
1722323943544 1722323943561 17 329532.030000 3463439.280000 2.950261 20.340000 5C4225714 2 -69 
1722323943600 1722323943616 16 329531.040000 3463439.480000 2.950261 20.440000 5C4225714 2 -69 
1722323943655 1722323943682 27 329530.030000 3463439.700000 2.950261 20.480000 5C4225714 2 -69 
1722323943709 1722323943726 17 329529.420000 3463439.820000 2.954188 20.520000 5C4225714 2 -69 
1722323943764 1722323943779 15 329527.820000 3463440.160000 2.954188 20.560000 5C4225714 2 -69 
1722323943819 1722323943838 19 329527.010000 3463440.320000 2.954188 20.620000 5C4225714 2 -69 
1722323943874 1722323943893 19 329526.000000 3463440.530000 2.954188 20.660000 5C4225714 2 -69 
1722323943930 1722323943955 25 329524.780000 3463440.780000 2.956151 20.700000 5C4225714 2 -69 
1722323943985 1722323944002 17 329523.570000 3463441.030000 2.956151 20.760000 5C4225714 2 -69 
1722323944040 1722323944056 16 329521.530000 3463441.450000 2.956151 20.820000 5C4225714 2 -69 
1722323944095 1722323944115 20 329521.530000 3463441.450000 2.956151 20.840000 5C4225714 2 -69 
1722323944150 1722323944169 19 329520.100000 3463441.730000 2.961387 20.880000 5C4225714 2 -69 
1722323944205 1722323944223 18 329519.070000 3463441.940000 2.961387 20.920000 5C4225714 2 -69 
1722323944260 1722323944282 22 329517.840000 3463442.180000 2.961387 20.980000 5C4225714 2 -69 
1722323944315 1722323944332 17 329516.590000 3463442.430000 2.963787 21.020000 5C4225714 2 -69 
1722323944370 1722323944393 23 329515.570000 3463442.640000 2.963787 21.060000 5C4225714 2 -69 
1722323944426 1722323944442 16 329514.740000 3463442.800000 2.963787 21.120000 5C4225714 2 -69 
1722323944481 1722323944502 21 329513.280000 3463443.090000 2.963787 21.140000 5C4225714 2 -69 
1722323944536 1722323944554 18 329512.250000 3463443.290000 2.966405 21.180000 5C4225714 2 -69 
1722323944591 1722323944608 17 329511.200000 3463443.490000 2.966405 21.220000 5C4225714 2 -69 
1722323944646 1722323944662 16 329509.320000 3463443.850000 2.966405 21.340000 5C4225714 2 -69 
1722323944701 1722323944725 24 329507.850000 3463444.140000 2.969023 21.340000 5C4225714 2 -69 
1722323944760 1722323944779 19 329506.810000 3463444.350000 2.969023 21.420000 5C4225714 2 -69 
1722323944814 1722323944832 18 329505.750000 3463444.540000 2.969023 21.420000 5C4225714 2 -69 
1722323944869 1722323944886 17 329504.910000 3463444.710000 2.969023 21.480000 5C4225714 2 -69 
1722323944924 1722323944942 18 329504.050000 3463444.870000 2.970987 21.520000 5C4225714 2 -69 
1722323944979 1722323944998 19 329503.000000 3463445.070000 2.970987 21.580000 5C4225714 2 -69 
1722323945034 1722323945053 19 329501.940000 3463445.270000 2.970987 21.600000 5C4225714 2 -69 
1722323945089 1722323945108 19 329500.670000 3463445.510000 2.970987 21.640000 5C4225714 2 -69 
1722323945145 1722323945165 20 329499.600000 3463445.720000 2.974259 21.640000 5C4225714 2 -69 
1722323945200 1722323945220 20 329498.540000 3463445.910000 2.974259 21.720000 5C4225714 2 -69 
1722323945255 1722323945281 26 329496.180000 3463446.350000 2.975786 21.720000 5C4225714 2 -69 
1722323945310 1722323945326 16 329495.110000 3463446.550000 2.975786 21.700000 5C4225714 2 -69 
1722323945365 1722323945382 17 329494.260000 3463446.710000 2.975786 21.780000 5C4225714 2 -69 
1722323945420 1722323945445 25 329492.970000 3463446.950000 2.975786 21.760000 5C4225714 2 -69 
1722323945475 1722323945492 17 329492.110000 3463447.110000 2.975786 21.760000 5C4225714 2 -69 
1722323945530 1722323945546 16 329491.250000 3463447.280000 2.973605 21.760000 5C4225714 2 -69 
1722323945585 1722323945601 16 329490.180000 3463447.490000 2.973605 21.720000 5C4225714 2 -69 
1722323945640 1722323945660 20 329489.100000 3463447.680000 2.973605 21.760000 5C4225714 2 -69 
1722323945695 1722323945713 18 329487.810000 3463447.930000 2.973605 21.760000 5C4225714 2 -69 
1722323945750 1722323945767 17 329487.380000 3463448.000000 2.974914 21.820000 5C4225714 2 -69 
1722323945805 1722323945821 16 329485.880000 3463448.290000 2.974914 21.780000 5C4225714 2 -69 
1722323945864 1722323945886 22 329483.740000 3463448.690000 2.974914 21.820000 5C4225714 2 -69 
1722323945919 1722323945935 16 329482.230000 3463448.980000 2.974914 21.880000 5C4225714 2 -69 
1722323945974 1722323945997 23 329481.380000 3463449.150000 2.974914 21.840000 5C4225714 2 -69 
1722323946029 1722323946048 19 329480.080000 3463449.390000 2.974914 21.880000 5C4225714 2 -69 
1722323946084 1722323946104 20 329478.790000 3463449.650000 2.972732 21.880000 5C4225714 2 -69 
1722323946139 1722323946157 18 329477.710000 3463449.850000 2.972732 21.900000 5C4225714 2 -69 
1722323946194 1722323946211 17 329476.640000 3463450.060000 2.972732 21.900000 5C4225714 2 -69 
1722323946249 1722323946266 17 329475.780000 3463450.230000 2.972732 21.920000 5C4225714 2 -69 
1722323946303 1722323946320 17 329474.470000 3463450.480000 2.967278 21.960000 5C4225714 2 -69 
1722323946358 1722323946374 16 329473.830000 3463450.610000 2.967278 22.000000 5C4225714 2 -69 
1722323946413 1722323946434 21 329471.450000 3463451.070000 2.967278 22.000000 5C4225714 2 -69 
1722323946468 1722323946484 16 329470.580000 3463451.250000 2.967278 22.000000 5C4225714 2 -69 
1722323946523 1722323946539 16 329469.500000 3463451.470000 2.965314 22.000000 5C4225714 2 -69 
1722323946578 1722323946598 20 329468.200000 3463451.730000 2.965314 22.080000 5C4225714 2 -69 
1722323946634 1722323946653 19 329467.120000 3463451.940000 2.965314 22.060000 5C4225714 2 -69 
1722323946689 1722323946705 16 329465.820000 3463452.210000 2.962478 22.100000 5C4225714 2 -69 
1722323946744 1722323946764 20 329464.730000 3463452.430000 2.962478 22.060000 5C4225714 2 -69 
1722323946799 1722323946818 19 329463.860000 3463452.610000 2.962478 22.120000 5C4225714 2 -69 
1722323946854 1722323946872 18 329462.990000 3463452.770000 2.962478 22.080000 5C4225714 2 -69 
1722323946909 1722323946926 17 329461.470000 3463453.090000 2.960951 22.160000 5C4225714 2 -69 
1722323946968 1722323946984 16 329459.520000 3463453.470000 2.960951 22.140000 5C4225714 2 -69 
1722323947022 1722323947040 18 329458.210000 3463453.740000 2.960951 22.160000 5C4225714 2 -69 
1722323947077 1722323947099 22 329457.550000 3463453.870000 2.960951 22.160000 5C4225714 2 -69 
1722323947131 1722323947150 19 329456.250000 3463454.140000 2.960078 22.220000 5C4225714 2 -69 
1722323947186 1722323947203 17 329455.160000 3463454.370000 2.960078 22.200000 5C4225714 2 -69 
1722323947241 1722323947258 17 329453.850000 3463454.630000 2.960078 22.200000 5C4225714 2 -69 
1722323947295 1722323947312 17 329452.980000 3463454.800000 2.961387 22.160000 5C4225714 2 -69 
1722323947350 1722323947366 16 329451.890000 3463455.030000 2.961387 22.220000 5C4225714 2 -69 
1722323947405 1722323947421 16 329450.580000 3463455.290000 2.961387 22.200000 5C4225714 2 -69 
1722323947460 1722323947480 20 329449.490000 3463455.510000 2.961387 22.260000 5C4225714 2 -69 
1722323947515 1722323947534 19 329448.390000 3463455.740000 2.958988 22.260000 5C4225714 2 -69 
1722323947571 1722323947588 17 329447.080000 3463456.010000 2.958988 22.300000 5C4225714 2 -69 
1722323947626 1722323947642 16 329445.110000 3463456.410000 2.958988 22.280000 5C4225714 2 -69 
1722323947681 1722323947697 16 329443.800000 3463456.680000 2.957679 22.340000 5C4225714 2 -69 
1722323947736 1722323947755 19 329442.930000 3463456.860000 2.957679 22.300000 5C4225714 2 -69 
1722323947791 1722323947808 17 329441.830000 3463457.090000 2.957679 22.300000 5C4225714 2 -69 
1722323947846 1722323947862 16 329441.170000 3463457.220000 2.957679 22.300000 5C4225714 2 -69 
1722323947901 1722323947917 16 329439.850000 3463457.500000 2.957897 22.320000 5C4225714 2 -69 
1722323947955 1722323947973 18 329438.540000 3463457.760000 2.957897 22.300000 5C4225714 2 -69 
1722323948010 1722323948029 19 329437.670000 3463457.940000 2.957897 22.320000 5C4225714 2 -69 
1722323948065 1722323948083 18 329436.130000 3463458.270000 2.957897 22.300000 5C4225714 2 -69 
1722323948120 1722323948138 18 329435.040000 3463458.500000 2.955279 22.280000 5C4225714 2 -69 
1722323948175 1722323948193 18 329434.390000 3463458.630000 2.955279 22.280000 5C4225714 2 -69 
1722323948230 1722323948250 20 329431.540000 3463459.230000 2.955279 22.320000 5C4225714 2 -69 
1722323948285 1722323948304 19 329430.880000 3463459.360000 2.953533 22.280000 5C4225714 2 -69 
1722323948344 1722323948361 17 329429.360000 3463459.690000 2.953533 22.320000 5C4225714 2 -69 
1722323948399 1722323948417 18 329428.260000 3463459.910000 2.953533 22.300000 5C4225714 2 -69 
1722323948454 1722323948471 17 329427.820000 3463460.000000 2.953533 22.340000 5C4225714 2 -69 
1722323948509 1722323948525 16 329426.510000 3463460.280000 2.952443 22.320000 5C4225714 2 -69 
1722323948564 1722323948584 20 329425.410000 3463460.520000 2.952443 22.340000 5C4225714 2 -69 
1722323948619 1722323948637 18 329424.540000 3463460.700000 2.952443 22.320000 5C4225714 2 -69 
1722323948674 1722323948689 15 329423.000000 3463461.020000 2.952443 22.360000 5C4225714 2 -69 
1722323948733 1722323948754 21 329422.130000 3463461.200000 2.950043 22.340000 5C4225714 2 -69 
1722323948793 1722323948810 17 329419.500000 3463461.760000 2.950043 22.360000 5C4225714 2 -69 
1722323948852 1722323948872 20 329418.830000 3463461.900000 2.950043 22.340000 5C4225714 2 -69 
1722323948906 1722323948923 17 329417.740000 3463462.130000 2.951352 22.360000 5C4225714 2 -69 
1722323948962 1722323948978 16 329416.420000 3463462.400000 2.951352 22.320000 5C4225714 2 -69 
1722323949018 1722323949042 24 329414.890000 3463462.730000 2.951352 22.360000 5C4225714 2 -69 
1722323949087 1722323949104 17 329413.790000 3463462.960000 2.951352 22.340000 5C4225714 2 -69 
1722323949142 1722323949159 17 329411.600000 3463463.400000 2.957242 22.320000 5C4225714 2 -69 
1722323949197 1722323949214 17 329410.950000 3463463.540000 2.957242 22.340000 5C4225714 2 -69 
1722323949252 1722323949270 18 329410.060000 3463463.710000 2.957242 22.300000 5C4225714 2 -69 
1722323949306 1722323949325 19 329408.750000 3463463.990000 2.958769 22.320000 5C4225714 2 -69 
1722323949361 1722323949378 17 329407.440000 3463464.260000 2.958769 22.300000 5C4225714 2 -69 
1722323949416 1722323949433 17 329406.330000 3463464.470000 2.958769 22.300000 5C4225714 2 -69 
1722323949472 1722323949493 21 329405.460000 3463464.640000 2.958769 22.300000 5C4225714 2 -69 
1722323949527 1722323949554 27 329404.140000 3463464.910000 2.962042 22.260000 5C4225714 2 -69 
1722323949582 1722323949609 27 329403.050000 3463465.130000 2.962042 22.320000 5C4225714 2 -69 
1722323949637 1722323949653 16 329401.730000 3463465.380000 2.962042 22.280000 5C4225714 2 -69 
1722323949692 1722323949713 21 329400.860000 3463465.560000 2.962042 22.300000 5C4225714 2 -69 
1722323949746 1722323949762 16 329398.440000 3463466.020000 2.966405 22.300000 5C4225714 2 -69 
1722323949801 1722323949817 16 329397.130000 3463466.280000 2.966405 22.260000 5C4225714 2 -69 
1722323949856 1722323949876 20 329396.910000 3463466.310000 2.966405 22.300000 5C4225714 2 -69 
1722323949911 1722323949930 19 329394.920000 3463466.680000 2.971859 22.320000 5C4225714 2 -69 
1722323949966 1722323949984 18 329393.830000 3463466.870000 2.971859 22.260000 5C4225714 2 -69 
1722323950021 1722323950037 16 329393.170000 3463466.990000 2.971859 22.320000 5C4225714 2 -69 
1722323950076 1722323950095 19 329392.080000 3463467.190000 2.971859 22.240000 5C4225714 2 -69 
1722323950131 1722323950149 18 329390.770000 3463467.420000 2.982768 22.260000 5C4225714 2 -69 
1722323950186 1722323950203 17 329389.660000 3463467.620000 2.982768 22.180000 5C4225714 2 -69 
1722323950241 1722323950260 19 329388.560000 3463467.800000 2.982768 22.240000 5C4225714 2 -69 
1722323950296 1722323950316 20 329388.340000 3463467.840000 2.982768 22.200000 5C4225714 2 -69 
1722323950350 1722323950366 16 329386.150000 3463468.190000 2.992149 22.240000 5C4225714 2 -69 
1722323950405 1722323950426 21 329383.960000 3463468.550000 2.992149 22.220000 5C4225714 2 -69 
1722323950460 1722323950477 17 329382.860000 3463468.730000 3.002184 22.200000 5C4225714 2 -69 
1722323950515 1722323950533 18 329381.970000 3463468.860000 3.002184 22.200000 5C4225714 2 -69 
1722323950570 1722323950587 17 329380.880000 3463469.020000 3.002184 22.200000 5C4225714 2 -69 
1722323950626 1722323950645 19 329379.340000 3463469.260000 3.002184 22.220000 5C4225714 2 -69 
1722323950681 1722323950699 18 329378.460000 3463469.380000 3.013965 22.180000 5C4225714 2 -69 
1722323950736 1722323950752 16 329377.140000 3463469.570000 3.013965 22.160000 5C4225714 2 -69 
1722323950791 1722323950807 16 329376.920000 3463469.600000 3.013965 22.140000 5C4225714 2 -69 
1722323950846 1722323950866 20 329375.380000 3463469.810000 3.013965 22.120000 5C4225714 2 -69 
1722323950901 1722323950919 18 329374.290000 3463469.950000 3.013965 22.140000 5C4225714 2 -69 
1722323950956 1722323950973 17 329372.970000 3463470.130000 3.026401 22.120000 5C4225714 2 -69 
1722323951011 1722323951027 16 329370.980000 3463470.370000 3.026401 22.120000 5C4225714 2 -69 
1722323951066 1722323951082 16 329369.670000 3463470.540000 3.036437 22.160000 5C4225714 2 -69 
1722323951121 1722323951136 15 329368.570000 3463470.660000 3.036437 22.140000 5C4225714 2 -69 
1722323951175 1722323951193 18 329367.460000 3463470.790000 3.036437 22.120000 5C4225714 2 -69 
1722323951230 1722323951248 18 329366.360000 3463470.910000 3.036437 22.120000 5C4225714 2 -69 
1722323951289 1722323951316 27 329365.040000 3463471.050000 3.047781 22.060000 5C4225714 2 -69 
1722323951344 1722323951361 17 329364.160000 3463471.150000 3.047781 22.060000 5C4225714 2 -61 
1722323951399 1722323951415 16 329362.840000 3463471.290000 3.047781 22.060000 5C4225714 11 -61 
1722323951453 1722323951469 16 329362.400000 3463471.330000 3.047781 22.020000 5C4225714 11 -61 
1722323951508 1722323951526 18 329360.430000 3463471.530000 3.058471 22.000000 5C4225714 11 -61 
1722323951563 1722323951581 18 329359.760000 3463471.600000 3.058471 22.020000 5C4225714 11 -61 
1722323951618 1722323951636 18 329357.570000 3463471.800000 3.058471 22.000000 5C4225714 11 -61 
1722323951673 1722323951691 18 329356.470000 3463471.890000 3.067852 21.960000 5C4225714 11 -61 
1722323951728 1722323951745 17 329355.150000 3463472.010000 3.067852 21.900000 5C4225714 11 -61 
1722323951783 1722323951804 21 329354.060000 3463472.110000 3.067852 21.880000 5C4225714 11 -61 
1722323951838 1722323951856 18 329352.970000 3463472.190000 3.067852 21.820000 5C4225714 11 -61 
1722323951894 1722323951911 17 329351.880000 3463472.290000 3.077452 21.760000 5C4225714 11 -61 
1722323951950 1722323951965 15 329350.790000 3463472.370000 3.077452 21.760000 5C4225714 11 -61 
1722323952005 1722323952024 19 329349.480000 3463472.470000 3.077452 21.740000 5C4225714 11 -61 
1722323952060 1722323952080 20 329348.400000 3463472.560000 3.077452 21.680000 5C4225714 11 -61 
1722323952115 1722323952134 19 329347.320000 3463472.630000 3.083779 21.640000 5C4225714 11 -61 
1722323952170 1722323952197 27 329346.450000 3463472.690000 3.083779 21.580000 5C4225714 11 -61 
1722323952225 1722323952243 18 329344.500000 3463472.820000 3.083779 21.540000 5C4225714 11 -61 
1722323952280 1722323952298 18 329343.640000 3463472.870000 3.083779 21.540000 5C4225714 11 -61 
1722323952334 1722323952351 17 329342.130000 3463472.960000 3.096432 21.480000 5C4225714 11 -61 
1722323952389 1722323952407 18 329341.060000 3463473.020000 3.096432 21.480000 5C4225714 11 -61 
1722323952450 1722323952466 16 329339.980000 3463473.070000 3.096432 21.440000 5C4225714 11 -61 
1722323952505 1722323952525 20 329339.130000 3463473.120000 3.106686 21.380000 5C4225714 11 -61 
1722323952560 1722323952577 17 329338.700000 3463473.140000 3.106686 21.340000 5C4225714 11 -61 
1722323952615 1722323952633 18 329336.560000 3463473.230000 3.106686 21.280000 5C4225714 11 -61 
1722323952670 1722323952689 19 329335.490000 3463473.270000 3.106686 21.200000 5C4225714 11 -61 
1722323952725 1722323952741 16 329334.640000 3463473.300000 3.119558 21.180000 5C4225714 11 -61 
1722323952780 1722323952795 15 329332.090000 3463473.380000 3.119558 21.140000 5C4225714 11 -61 
1722323952835 1722323952855 20 329331.670000 3463473.380000 3.119558 21.140000 5C4225714 11 -61 
1722323952890 1722323952909 19 329329.980000 3463473.420000 3.131121 21.060000 5C4225714 11 -61 
1722323952945 1722323952964 19 329329.550000 3463473.430000 3.131121 21.020000 5C4225714 11 -61 
1722323953000 1722323953018 18 329327.870000 3463473.460000 3.131121 20.960000 5C4225714 11 -61 
1722323953055 1722323953081 26 329327.660000 3463473.450000 3.131121 20.880000 5C4225714 11 -61 
1722323953110 1722323953129 19 329326.820000 3463473.460000 3.131121 20.840000 5C4225714 11 -61 
1722323953165 1722323953190 25 329325.130000 3463473.470000 -3.136793 20.800000 5C4225714 11 -61 
1722323953220 1722323953240 20 329323.890000 3463473.470000 -3.136793 20.760000 5C4225714 11 -61 
1722323953275 1722323953291 16 329322.850000 3463473.460000 -3.136793 20.720000 5C4225714 11 -61 
1722323953330 1722323953349 19 329321.810000 3463473.450000 -3.121958 20.680000 5C4225714 11 -61 
1722323953385 1722323953402 17 329320.140000 3463473.430000 -3.121958 20.560000 5C4225714 11 -61 
1722323953444 1722323953460 16 329318.700000 3463473.390000 -3.121958 20.540000 5C4225714 11 -61 
1722323953499 1722323953515 16 329317.470000 3463473.370000 -3.105377 20.440000 5C4225714 11 -61 
1722323953554 1722323953570 16 329316.430000 3463473.330000 -3.105377 20.440000 5C4225714 11 -61 
1722323953609 1722323953628 19 329315.410000 3463473.290000 -3.105377 20.340000 5C4225714 11 -61 
1722323953664 1722323953687 23 329314.590000 3463473.260000 -3.105377 20.340000 5C4225714 11 -61 
1722323953719 1722323953737 18 329313.370000 3463473.200000 -3.085524 20.320000 5C4225714 11 -61 
1722323953774 1722323953791 17 329312.340000 3463473.150000 -3.085524 20.300000 5C4225714 11 -61 
1722323953829 1722323953852 23 329311.330000 3463473.100000 -3.085524 20.280000 5C4225714 11 -61 
1722323953884 1722323953901 17 329310.320000 3463473.040000 -3.085524 20.180000 5C4225714 11 -61 
1722323953939 1722323953957 18 329308.300000 3463472.910000 -3.071779 20.080000 5C4225714 11 -61 
1722323953994 1722323954011 17 329307.100000 3463472.830000 -3.071779 20.040000 5C4225714 11 -61 
1722323954049 1722323954066 17 329306.690000 3463472.800000 -3.071779 20.060000 5C4225714 11 -61 
1722323954104 1722323954121 17 329305.090000 3463472.670000 -3.051926 19.940000 5C4225714 11 -61 
1722323954159 1722323954176 17 329304.690000 3463472.640000 -3.051926 19.920000 5C4225714 11 -61 
1722323954214 1722323954234 20 329303.490000 3463472.530000 -3.051926 19.840000 5C4225714 11 -61 
1722323954269 1722323954286 17 329302.500000 3463472.440000 -3.051926 19.800000 5C4225714 11 -61 
1722323954324 1722323954343 19 329301.320000 3463472.320000 -3.035564 19.740000 5C4225714 11 -61 
1722323954379 1722323954397 18 329300.530000 3463472.240000 -3.035564 19.720000 5C4225714 11 -61 
1722323954434 1722323954451 17 329299.350000 3463472.110000 -3.035564 19.680000 5C4225714 11 -61 
1722323954489 1722323954508 19 329298.560000 3463472.030000 -3.035564 19.660000 5C4225714 11 -61 
1722323954544 1722323954563 19 329296.420000 3463471.750000 -3.013529 19.580000 5C4225714 11 -61 
1722323954599 1722323954616 17 329295.240000 3463471.600000 -3.013529 19.560000 5C4225714 11 -61 
1722323954653 1722323954673 20 329294.470000 3463471.490000 -3.013529 19.480000 5C4225714 11 -61 
1722323954708 1722323954727 19 329293.700000 3463471.380000 -2.993240 19.460000 5C4225714 11 -61 
1722323954763 1722323954780 17 329292.350000 3463471.180000 -2.993240 19.400000 5C4225714 11 -61 
1722323954818 1722323954834 16 329291.580000 3463471.060000 -2.993240 19.340000 5C4225714 11 -61 
1722323954874 1722323954890 16 329290.240000 3463470.850000 -2.970114 19.280000 5C4225714 11 -61 
1722323954929 1722323954949 20 329289.480000 3463470.720000 -2.970114 19.240000 5C4225714 11 -61 
