pub_time(ms) sub_time(ms) delay(ms) utmX(m) utmY(m) heading(rad) velocity(m/s) cellid(db) sinr(db) rsrp(db)
1721810042851 1721810042880 29 329237.910000 3463455.100000 0.417352 2.340000 5C4225714 8 -59 
1721810042905 1721810042929 24 329238.000000 3463455.150000 0.417352 2.520000 5C4225714 8 -59 
1721810042961 1721810042980 19 329238.170000 3463455.210000 0.417352 2.600000 5C4225714 8 -59 
1721810043016 1721810043036 20 329238.300000 3463455.260000 0.417352 2.780000 5C4225714 8 -59 
1721810043071 1721810043099 28 329238.470000 3463455.330000 0.411461 2.920000 5C4225714 8 -59 
1721810043139 1721810043156 17 329238.760000 3463455.440000 0.411461 3.280000 5C4225714 8 -59 
1721810043194 1721810043212 18 329238.860000 3463455.480000 0.411461 3.380000 5C4225714 8 -59 
1721810043252 1721810043275 23 329239.020000 3463455.540000 0.409280 3.600000 5C4225714 8 -59 
1721810043307 1721810043326 19 329239.090000 3463455.570000 0.409280 3.720000 5C4225714 8 -59 
1721810043362 1721810043388 26 329239.370000 3463455.680000 0.409280 3.900000 5C4225714 8 -59 
1721810043417 1721810043436 19 329239.510000 3463455.730000 0.409280 4.020000 5C4225714 8 -59 
1721810043472 1721810043495 23 329239.780000 3463455.840000 0.404916 4.220000 5C4225714 8 -59 
1721810043527 1721810043546 19 329239.980000 3463455.920000 0.404916 4.420000 5C4225714 8 -59 
1721810043582 1721810043598 16 329240.280000 3463456.030000 0.404916 4.560000 5C4225714 8 -59 
1721810043637 1721810043654 17 329240.460000 3463456.100000 0.402735 4.800000 5C4225714 8 -59 
1721810043692 1721810043710 18 329240.870000 3463456.260000 0.402735 5.060000 5C4225714 8 -59 
1721810043747 1721810043767 20 329241.010000 3463456.320000 0.402735 5.320000 5C4225714 8 -59 
1721810043802 1721810043818 16 329241.410000 3463456.480000 0.399680 5.460000 5C4225714 8 -59 
1721810043857 1721810043877 20 329241.670000 3463456.570000 0.399680 5.640000 5C4225714 8 -59 
1721810043916 1721810043936 20 329241.830000 3463456.640000 0.399680 5.760000 5C4225714 8 -59 
1721810043972 1721810043990 18 329242.270000 3463456.800000 0.399680 5.980000 5C4225714 8 -59 
1721810044027 1721810044045 18 329242.560000 3463456.900000 0.391390 6.180000 5C4225714 8 -59 
1721810044082 1721810044099 17 329242.850000 3463457.020000 0.391390 6.340000 5C4225714 8 -59 
1721810044137 1721810044153 16 329243.040000 3463457.080000 0.391390 6.480000 5C4225714 8 -59 
1721810044192 1721810044213 21 329243.290000 3463457.170000 0.391390 6.720000 5C4225714 8 -59 
1721810044247 1721810044266 19 329243.730000 3463457.330000 0.382663 6.880000 5C4225714 8 -59 
1721810044302 1721810044326 24 329244.050000 3463457.450000 0.382663 7.100000 5C4225714 8 -59 
1721810044357 1721810044380 23 329244.810000 3463457.710000 0.382663 7.420000 5C4225714 8 -59 
1721810044412 1721810044430 18 329245.090000 3463457.800000 0.372410 7.540000 5C4225714 8 -59 
1721810044466 1721810044487 21 329245.520000 3463457.960000 0.372410 7.720000 5C4225714 8 -59 
1721810044521 1721810044549 28 329245.970000 3463458.110000 0.372410 7.900000 5C4225714 8 -59 
1721810044576 1721810044593 17 329246.350000 3463458.240000 0.372410 8.060000 5C4225714 8 -59 
1721810044631 1721810044652 21 329246.500000 3463458.290000 0.372410 8.280000 5C4225714 8 -59 
1721810044686 1721810044706 20 329246.900000 3463458.430000 0.360629 8.460000 5C4225714 8 -59 
1721810044740 1721810044760 20 329247.460000 3463458.610000 0.360629 8.780000 5C4225714 8 -59 
1721810044795 1721810044814 19 329247.870000 3463458.750000 0.360629 8.880000 5C4225714 8 -59 
1721810044850 1721810044869 19 329248.210000 3463458.850000 0.348193 9.000000 5C4225714 8 -59 
1721810044905 1721810044923 18 329248.810000 3463459.050000 0.348193 9.160000 5C4225714 8 -59 
1721810044975 1721810044992 17 329249.600000 3463459.290000 0.348193 9.480000 5C4225714 8 -59 
1721810045029 1721810045048 19 329249.970000 3463459.410000 0.335976 9.660000 5C4225714 8 -59 
1721810045085 1721810045104 19 329250.340000 3463459.530000 0.335976 9.880000 5C4225714 8 -59 
1721810045140 1721810045160 20 329250.710000 3463459.640000 0.335976 10.040000 5C4225714 8 -59 
1721810045195 1721810045215 20 329251.480000 3463459.860000 0.335976 10.220000 5C4225714 8 -59 
1721810045250 1721810045265 15 329251.970000 3463460.010000 0.321577 10.360000 5C4225714 8 -59 
1721810045305 1721810045324 19 329252.570000 3463460.190000 0.321577 10.560000 5C4225714 8 -59 
1721810045360 1721810045379 19 329253.590000 3463460.480000 0.321577 11.000000 5C4225714 8 -59 
1721810045415 1721810045435 20 329254.120000 3463460.630000 0.310887 11.040000 5C4225714 8 -59 
1721810045470 1721810045496 26 329254.650000 3463460.770000 0.310887 11.240000 5C4225714 8 -59 
1721810045525 1721810045543 18 329255.090000 3463460.900000 0.310887 11.480000 5C4225714 8 -59 
1721810045580 1721810045595 15 329255.850000 3463461.110000 0.310887 11.560000 5C4225714 8 -59 
1721810045635 1721810045662 27 329256.190000 3463461.200000 0.299106 11.780000 5C4225714 8 -59 
1721810045690 1721810045707 17 329256.750000 3463461.360000 0.299106 11.920000 5C4225714 8 -59 
1721810045745 1721810045762 17 329257.320000 3463461.520000 0.299106 12.160000 5C4225714 8 -59 
1721810045800 1721810045823 23 329257.910000 3463461.660000 0.299106 12.280000 5C4225714 8 -59 
1721810045855 1721810045871 16 329258.390000 3463461.790000 0.287979 12.460000 5C4225714 8 -59 
1721810045910 1721810045930 20 329259.220000 3463462.020000 0.287979 12.620000 5C4225714 8 -59 
1721810045969 1721810045994 25 329259.950000 3463462.210000 0.287979 12.780000 5C4225714 8 -59 
1721810046025 1721810046044 19 329261.210000 3463462.520000 0.276417 13.160000 5C4225714 8 -59 
1721810046085 1721810046103 18 329261.840000 3463462.690000 0.276417 13.260000 5C4225714 8 -59 
1721810046139 1721810046157 18 329262.100000 3463462.750000 0.276417 13.460000 5C4225714 8 -59 
1721810046194 1721810046214 20 329263.000000 3463462.980000 0.276417 13.560000 5C4225714 8 -59 
1721810046249 1721810046265 16 329263.660000 3463463.130000 0.269217 13.740000 5C4225714 8 -59 
1721810046305 1721810046322 17 329264.200000 3463463.270000 0.269217 13.940000 5C4225714 8 -59 
1721810046360 1721810046383 23 329265.000000 3463463.460000 0.269217 14.060000 5C4225714 8 -59 
1721810046415 1721810046432 17 329265.820000 3463463.650000 0.269217 14.160000 5C4225714 8 -59 
1721810046470 1721810046486 16 329266.240000 3463463.750000 0.257872 14.320000 5C4225714 8 -59 
1721810046525 1721810046544 19 329267.360000 3463464.020000 0.257872 14.440000 5C4225714 8 -59 
1721810046580 1721810046598 18 329268.790000 3463464.340000 0.257872 14.780000 5C4225714 8 -59 
1721810046635 1721810046652 17 329269.220000 3463464.430000 0.245655 14.940000 5C4225714 8 -59 
1721810046690 1721810046707 17 329269.940000 3463464.600000 0.245655 15.020000 5C4225714 8 -59 
1721810046746 1721810046766 20 329270.380000 3463464.700000 0.245655 15.200000 5C4225714 8 -59 
1721810046801 1721810046824 23 329271.570000 3463464.950000 0.245655 15.320000 5C4225714 8 -59 
1721810046856 1721810046874 18 329272.310000 3463465.110000 0.239765 15.460000 5C4225714 8 -59 
1721810046911 1721810046935 24 329273.080000 3463465.280000 0.239765 15.640000 5C4225714 8 -59 
1721810046966 1721810046984 18 329274.000000 3463465.460000 0.239765 15.700000 5C4225714 8 -59 
1721810047021 1721810047038 17 329274.770000 3463465.630000 0.239765 15.940000 5C4225714 8 -59 
1721810047076 1721810047097 21 329275.390000 3463465.750000 0.227329 16.020000 5C4225714 8 -59 
1721810047135 1721810047156 21 329276.490000 3463465.970000 0.227329 16.160000 5C4225714 8 -59 
1721810047190 1721810047206 16 329277.760000 3463466.220000 0.227329 16.360000 5C4225714 8 -59 
1721810047245 1721810047266 21 329278.890000 3463466.450000 0.214457 16.500000 5C4225714 8 -59 
1721810047300 1721810047327 27 329279.370000 3463466.540000 0.214457 16.640000 5C4225714 8 -59 
1721810047356 1721810047383 27 329279.860000 3463466.630000 0.214457 16.700000 5C4225714 8 -59 
1721810047410 1721810047427 17 329281.180000 3463466.870000 0.214457 16.900000 5C4225714 8 -59 
1721810047465 1721810047481 16 329282.000000 3463467.030000 0.204640 16.920000 5C4225714 8 -59 
1721810047520 1721810047540 20 329282.840000 3463467.170000 0.204640 17.080000 5C4225714 8 -59 
1721810047576 1721810047594 18 329283.850000 3463467.350000 0.204640 17.220000 5C4225714 8 -59 
1721810047631 1721810047648 17 329284.530000 3463467.460000 0.204640 17.340000 5C4225714 8 -59 
1721810047686 1721810047702 16 329286.420000 3463467.780000 0.190023 17.520000 5C4225714 8 -59 
1721810047741 1721810047761 20 329287.460000 3463467.940000 0.190023 17.700000 5C4225714 8 -59 
1721810047796 1721810047816 20 329288.330000 3463468.070000 0.176496 17.700000 5C4225714 8 -59 
1721810047851 1721810047869 18 329289.040000 3463468.180000 0.176496 17.880000 5C4225714 8 -59 
1721810047906 1721810047924 18 329289.740000 3463468.290000 0.176496 17.920000 5C4225714 8 -59 
1721810047962 1721810047982 20 329290.630000 3463468.410000 0.176496 18.060000 5C4225714 8 -59 
1721810048017 1721810048036 19 329291.530000 3463468.540000 0.176496 18.160000 5C4225714 8 -59 
1721810048072 1721810048091 19 329292.420000 3463468.650000 0.159916 18.200000 5C4225714 8 -59 
1721810048127 1721810048146 19 329293.510000 3463468.800000 0.159916 18.360000 5C4225714 8 -59 
1721810048188 1721810048213 25 329294.420000 3463468.910000 0.159916 18.400000 5C4225714 8 -59 
1721810048247 1721810048267 20 329296.440000 3463469.150000 0.144426 18.580000 5C4225714 8 -59 
1721810048301 1721810048318 17 329297.370000 3463469.260000 0.144426 18.680000 5C4225714 8 -59 
1721810048361 1721810048385 24 329298.300000 3463469.360000 0.144426 18.780000 5C4225714 8 -59 
1721810048416 1721810048435 19 329299.240000 3463469.440000 0.125446 18.900000 5C4225714 8 -59 
1721810048471 1721810048498 27 329299.990000 3463469.520000 0.125446 18.980000 5C4225714 8 -59 
1721810048526 1721810048543 17 329300.560000 3463469.580000 0.125446 19.080000 5C4225714 8 -59 
1721810048582 1721810048598 16 329301.700000 3463469.670000 0.125446 19.100000 5C4225714 8 -59 
1721810048636 1721810048654 18 329302.840000 3463469.750000 0.100575 19.220000 5C4225714 8 -59 
1721810048691 1721810048708 17 329303.790000 3463469.820000 0.100575 19.280000 5C4225714 8 -59 
1721810048746 1721810048763 17 329305.530000 3463469.930000 0.100575 19.460000 5C4225714 8 -59 
1721810048801 1721810048822 21 329307.080000 3463470.010000 0.076358 19.480000 5C4225714 8 -59 
1721810048857 1721810048873 16 329307.860000 3463470.040000 0.076358 19.600000 5C4225714 8 -59 
1721810048912 1721810048929 17 329309.040000 3463470.090000 0.076358 19.640000 5C4225714 8 -59 
1721810048967 1721810048986 19 329309.430000 3463470.100000 0.076358 19.700000 5C4225714 8 -59 
1721810049023 1721810049040 17 329310.610000 3463470.130000 0.053451 19.760000 5C4225714 8 -59 
1721810049078 1721810049098 20 329311.790000 3463470.160000 0.053451 19.880000 5C4225714 8 -59 
1721810049132 1721810049152 20 329312.790000 3463470.170000 0.053451 19.980000 5C4225714 8 -59 
1721810049187 1721810049207 20 329313.780000 3463470.180000 0.053451 20.040000 5C4225714 8 -59 
1721810049242 1721810049261 19 329314.580000 3463470.180000 0.024653 20.100000 5C4225714 8 -59 
1721810049298 1721810049315 17 329315.990000 3463470.170000 0.024653 20.160000 5C4225714 8 -59 
1721810049357 1721810049375 18 329317.810000 3463470.140000 0.024653 20.300000 5C4225714 8 -59 
1721810049425 1721810049444 19 329319.220000 3463470.100000 0.000654 20.360000 5C4225714 8 -62 
1721810049484 1721810049500 16 329320.040000 3463470.080000 0.000654 20.460000 5C4225714 10 -62 
1721810049539 1721810049563 24 329321.060000 3463470.040000 0.000654 20.520000 5C4225714 10 -62 
1721810049594 1721810049613 19 329321.880000 3463469.990000 0.000654 20.600000 5C4225714 10 -62 
1721810049649 1721810049669 20 329322.910000 3463469.940000 -0.025744 20.660000 5C4225714 10 -62 
1721810049705 1721810049726 21 329324.970000 3463469.820000 -0.025744 20.760000 5C4225714 10 -62 
1721810049760 1721810049776 16 329325.590000 3463469.780000 -0.025744 20.780000 5C4225714 10 -62 
1721810049815 1721810049831 16 329327.040000 3463469.650000 -0.054105 20.760000 5C4225714 10 -62 
1721810049870 1721810049891 21 329327.460000 3463469.630000 -0.054105 20.760000 5C4225714 10 -62 
1721810049926 1721810049945 19 329329.530000 3463469.450000 -0.054105 20.720000 5C4225714 10 -62 
1721810049981 1721810050000 19 329330.570000 3463469.340000 -0.054105 20.720000 5C4225714 10 -62 
1721810050037 1721810050055 18 329331.400000 3463469.250000 -0.079631 20.720000 5C4225714 10 -62 
1721810050092 1721810050109 17 329332.630000 3463469.120000 -0.079631 20.740000 5C4225714 10 -62 
1721810050147 1721810050162 15 329333.250000 3463469.050000 -0.079631 20.700000 5C4225714 10 -62 
1721810050203 1721810050222 19 329334.290000 3463468.930000 -0.079631 20.720000 5C4225714 10 -62 
1721810050258 1721810050275 17 329335.520000 3463468.770000 -0.102538 20.700000 5C4225714 10 -62 
1721810050312 1721810050336 24 329337.170000 3463468.550000 -0.102538 20.660000 5C4225714 10 -62 
1721810050367 1721810050383 16 329338.390000 3463468.370000 -0.102538 20.680000 5C4225714 10 -62 
1721810050422 1721810050439 17 329339.830000 3463468.160000 -0.125882 20.620000 5C4225714 10 -62 
1721810050477 1721810050494 17 329340.840000 3463468.010000 -0.125882 20.620000 5C4225714 10 -62 
1721810050540 1721810050558 18 329341.870000 3463467.850000 -0.125882 20.600000 5C4225714 10 -62 
1721810050594 1721810050613 19 329342.880000 3463467.690000 -0.125882 20.600000 5C4225714 10 -62 
1721810050649 1721810050664 15 329343.700000 3463467.550000 -0.142899 20.560000 5C4225714 10 -62 
1721810050704 1721810050720 16 329344.920000 3463467.360000 -0.142899 20.560000 5C4225714 10 -62 
1721810050760 1721810050777 17 329345.730000 3463467.210000 -0.142899 20.520000 5C4225714 10 -62 
1721810050815 1721810050832 17 329346.540000 3463467.080000 -0.142899 20.540000 5C4225714 10 -62 
1721810050870 1721810050895 25 329348.770000 3463466.680000 -0.158389 20.480000 5C4225714 10 -62 
1721810050925 1721810050941 16 329349.990000 3463466.450000 -0.158389 20.440000 5C4225714 10 -62 
1721810050979 1721810050996 17 329350.790000 3463466.310000 -0.158389 20.440000 5C4225714 10 -62 
1721810051034 1721810051051 17 329352.000000 3463466.080000 -0.167770 20.360000 5C4225714 10 -62 
1721810051094 1721810051114 20 329353.210000 3463465.860000 -0.167770 20.360000 5C4225714 10 -62 
1721810051154 1721810051171 17 329354.000000 3463465.700000 -0.167770 20.340000 5C4225714 10 -62 
1721810051213 1721810051232 19 329355.210000 3463465.470000 -0.167770 20.320000 5C4225714 10 -62 
1721810051268 1721810051287 19 329356.010000 3463465.320000 -0.174533 20.280000 5C4225714 10 -62 
1721810051326 1721810051344 18 329358.000000 3463464.940000 -0.174533 20.160000 5C4225714 10 -62 
1721810051387 1721810051405 18 329359.000000 3463464.740000 -0.174533 20.120000 5C4225714 10 -62 
1721810051442 1721810051463 21 329360.380000 3463464.470000 -0.179333 20.040000 5C4225714 10 -62 
1721810051497 1721810051514 17 329361.370000 3463464.270000 -0.179333 20.020000 5C4225714 10 -62 
1721810051552 1721810051569 17 329361.960000 3463464.150000 -0.179333 19.880000 5C4225714 10 -62 
1721810051611 1721810051628 17 329362.930000 3463463.960000 -0.179333 19.880000 5C4225714 10 -62 
1721810051666 1721810051683 17 329363.520000 3463463.840000 -0.186314 19.760000 5C4225714 10 -62 
1721810051722 1721810051739 17 329365.080000 3463463.530000 -0.186314 19.720000 5C4225714 10 -62 
1721810051777 1721810051795 18 329366.050000 3463463.320000 -0.186314 19.580000 5C4225714 10 -62 
1721810051832 1721810051851 19 329367.770000 3463462.960000 -0.190677 19.420000 5C4225714 10 -62 
1721810051887 1721810051907 20 329368.920000 3463462.730000 -0.190677 19.320000 5C4225714 10 -62 
1721810051943 1721810051963 20 329370.060000 3463462.490000 -0.190677 19.260000 5C4225714 10 -62 
1721810051998 1721810052017 19 329371.000000 3463462.290000 -0.196786 19.140000 5C4225714 10 -62 
1721810052053 1721810052071 18 329371.940000 3463462.080000 -0.196786 19.140000 5C4225714 10 -62 
1721810052107 1721810052126 19 329372.500000 3463461.960000 -0.196786 19.060000 5C4225714 10 -62 
1721810052162 1721810052180 18 329373.620000 3463461.720000 -0.196786 19.040000 5C4225714 10 -62 
1721810052217 1721810052234 17 329374.550000 3463461.520000 -0.196786 18.960000 5C4225714 10 -62 
1721810052273 1721810052295 22 329375.850000 3463461.230000 -0.201149 18.920000 5C4225714 10 -62 
1721810052328 1721810052345 17 329376.590000 3463461.080000 -0.201149 18.860000 5C4225714 10 -62 
1721810052382 1721810052398 16 329377.330000 3463460.910000 -0.201149 18.800000 5C4225714 10 -62 
1721810052437 1721810052457 20 329378.800000 3463460.570000 -0.205731 18.700000 5C4225714 10 -62 
1721810052493 1721810052510 17 329380.270000 3463460.250000 -0.205731 18.620000 5C4225714 10 -62 
1721810052548 1721810052564 16 329381.180000 3463460.050000 -0.205731 18.600000 5C4225714 10 -62 
1721810052603 1721810052625 22 329381.720000 3463459.930000 -0.205731 18.600000 5C4225714 10 -62 
1721810052664 1721810052686 22 329382.810000 3463459.690000 -0.207476 18.560000 5C4225714 10 -62 
1721810052719 1721810052739 20 329383.180000 3463459.610000 -0.207476 18.560000 5C4225714 10 -62 
1721810052774 1721810052793 19 329385.000000 3463459.200000 -0.207476 18.520000 5C4225714 10 -62 
1721810052829 1721810052847 18 329385.900000 3463459.000000 -0.207258 18.520000 5C4225714 10 -62 
1721810052884 1721810052902 18 329386.620000 3463458.830000 -0.207258 18.460000 5C4225714 10 -62 
1721810052939 1721810052964 25 329387.700000 3463458.590000 -0.207258 18.460000 5C4225714 10 -62 
1721810052994 1721810053015 21 329389.680000 3463458.140000 -0.210967 18.400000 5C4225714 10 -62 
1721810053048 1721810053064 16 329390.570000 3463457.940000 -0.210967 18.400000 5C4225714 10 -62 
1721810053103 1721810053126 23 329391.300000 3463457.780000 -0.210967 18.400000 5C4225714 10 -62 
1721810053158 1721810053175 17 329392.020000 3463457.620000 -0.210967 18.400000 5C4225714 10 -62 
1721810053213 1721810053229 16 329392.740000 3463457.450000 -0.210967 18.380000 5C4225714 10 -62 
1721810053268 1721810053295 27 329393.990000 3463457.170000 -0.211185 18.380000 5C4225714 10 -62 
1721810053323 1721810053340 17 329394.890000 3463456.980000 -0.211185 18.340000 5C4225714 10 -62 
1721810053378 1721810053396 18 329395.780000 3463456.770000 -0.211185 18.340000 5C4225714 10 -62 
1721810053438 1721810053455 17 329396.320000 3463456.650000 -0.211185 18.300000 5C4225714 10 -62 
1721810053497 1721810053516 19 329396.860000 3463456.530000 -0.209658 18.300000 5C4225714 10 -62 
1721810053551 1721810053575 24 329399.550000 3463455.930000 -0.209658 18.300000 5C4225714 10 -62 
1721810053606 1721810053624 18 329400.440000 3463455.740000 -0.208567 18.280000 5C4225714 10 -62 
1721810053662 1721810053681 19 329401.160000 3463455.590000 -0.208567 18.260000 5C4225714 10 -62 
1721810053717 1721810053736 19 329402.230000 3463455.350000 -0.208567 18.280000 5C4225714 10 -62 
1721810053776 1721810053793 17 329403.130000 3463455.140000 -0.208567 18.220000 5C4225714 10 -62 
1721810053831 1721810053852 21 329404.200000 3463454.920000 -0.204422 18.260000 5C4225714 10 -62 
1721810053886 1721810053904 18 329404.560000 3463454.830000 -0.204422 18.200000 5C4225714 10 -62 
1721810053941 1721810053958 17 329405.630000 3463454.610000 -0.204422 18.220000 5C4225714 10 -62 
1721810053996 1721810054020 24 329406.340000 3463454.450000 -0.204422 18.200000 5C4225714 10 -62 
1721810054051 1721810054069 18 329407.410000 3463454.210000 -0.203113 18.180000 5C4225714 10 -62 
1721810054107 1721810054124 17 329409.380000 3463453.790000 -0.203113 18.160000 5C4225714 10 -62 
1721810054162 1721810054179 17 329410.090000 3463453.630000 -0.203113 18.180000 5C4225714 10 -62 
1721810054216 1721810054233 17 329411.150000 3463453.410000 -0.200713 18.160000 5C4225714 10 -62 
1721810054271 1721810054287 16 329412.060000 3463453.210000 -0.200713 18.160000 5C4225714 10 -62 
1721810054326 1721810054343 17 329413.120000 3463452.990000 -0.200713 18.140000 5C4225714 10 -62 
1721810054381 1721810054397 16 329414.010000 3463452.790000 -0.200713 18.160000 5C4225714 10 -62 
1721810054436 1721810054456 20 329414.720000 3463452.650000 -0.198749 18.160000 5C4225714 10 -62 
1721810054491 1721810054511 20 329415.250000 3463452.530000 -0.198749 18.140000 5C4225714 10 -62 
1721810054546 1721810054566 20 329415.790000 3463452.420000 -0.198749 18.120000 5C4225714 10 -62 
1721810054602 1721810054621 19 329417.030000 3463452.160000 -0.198749 18.100000 5C4225714 10 -62 
1721810054657 1721810054676 19 329418.270000 3463451.890000 -0.197222 18.080000 5C4225714 10 -62 
1721810054712 1721810054738 26 329420.230000 3463451.480000 -0.197222 18.040000 5C4225714 10 -62 
1721810054767 1721810054787 20 329420.930000 3463451.340000 -0.197222 18.040000 5C4225714 10 -62 
1721810054822 1721810054840 18 329421.990000 3463451.110000 -0.193077 18.040000 5C4225714 10 -62 
1721810054877 1721810054897 20 329422.880000 3463450.930000 -0.193077 18.040000 5C4225714 10 -62 
1721810054933 1721810054951 18 329423.760000 3463450.740000 -0.193077 18.020000 5C4225714 10 -62 
1721810054988 1721810055005 17 329424.830000 3463450.520000 -0.193077 18.040000 5C4225714 10 -62 
1721810055043 1721810055064 21 329425.710000 3463450.330000 -0.194386 17.980000 5C4225714 10 -62 
1721810055098 1721810055119 21 329426.060000 3463450.260000 -0.194386 18.000000 5C4225714 10 -62 
1721810055154 1721810055180 26 329427.480000 3463449.960000 -0.194386 17.940000 5C4225714 10 -62 
1721810055209 1721810055226 17 329428.000000 3463449.850000 -0.194386 17.920000 5C4225714 10 -62 
1721810055264 1721810055281 17 329428.880000 3463449.670000 -0.194168 17.920000 5C4225714 10 -62 
1721810055319 1721810055335 16 329430.820000 3463449.260000 -0.194168 17.940000 5C4225714 10 -62 
1721810055374 1721810055392 18 329431.520000 3463449.120000 -0.194168 17.860000 5C4225714 10 -62 
1721810055429 1721810055446 17 329432.570000 3463448.890000 -0.193732 17.900000 5C4225714 10 -62 
1721810055483 1721810055499 16 329433.450000 3463448.710000 -0.193732 17.860000 5C4225714 10 -62 
1721810055538 1721810055554 16 329434.340000 3463448.520000 -0.193732 17.900000 5C4225714 10 -62 
1721810055593 1721810055610 17 329435.040000 3463448.370000 -0.193732 17.860000 5C4225714 10 -62 
1721810055650 1721810055667 17 329436.260000 3463448.120000 -0.193732 17.860000 5C4225714 10 -62 
1721810055706 1721810055726 20 329436.790000 3463448.000000 -0.193732 17.860000 5C4225714 10 -62 
1721810055761 1721810055778 17 329438.020000 3463447.750000 -0.193732 17.860000 5C4225714 10 -62 
1721810055816 1721810055833 17 329439.060000 3463447.520000 -0.195913 17.840000 5C4225714 10 -62 
1721810055872 1721810055895 23 329440.830000 3463447.160000 -0.195913 17.820000 5C4225714 10 -62 
1721810055931 1721810055951 20 329441.520000 3463447.010000 -0.195913 17.800000 5C4225714 10 -62 
1721810055985 1721810056001 16 329442.220000 3463446.860000 -0.195913 17.840000 5C4225714 10 -62 
1721810056041 1721810056060 19 329443.100000 3463446.680000 -0.195259 17.860000 5C4225714 10 -62 
1721810056096 1721810056114 18 329443.990000 3463446.490000 -0.195259 17.840000 5C4225714 10 -62 
1721810056155 1721810056175 20 329444.680000 3463446.340000 -0.195259 17.880000 5C4225714 10 -62 
1721810056215 1721810056235 20 329445.910000 3463446.080000 -0.195259 17.860000 5C4225714 10 -62 
1721810056269 1721810056294 25 329446.800000 3463445.900000 -0.194168 17.900000 5C4225714 10 -62 
1721810056325 1721810056341 16 329447.500000 3463445.750000 -0.194168 17.860000 5C4225714 10 -62 
1721810056380 1721810056398 18 329448.890000 3463445.450000 -0.194168 17.880000 5C4225714 10 -62 
1721810056435 1721810056452 17 329450.310000 3463445.150000 -0.195259 17.900000 5C4225714 10 -62 
1721810056490 1721810056511 21 329450.840000 3463445.040000 -0.195259 17.920000 5C4225714 10 -62 
1721810056546 1721810056562 16 329452.060000 3463444.780000 -0.195259 17.920000 5C4225714 10 -62 
1721810056602 1721810056621 19 329453.120000 3463444.550000 -0.196131 17.960000 5C4225714 10 -62 
1721810056657 1721810056680 23 329454.180000 3463444.340000 -0.196131 17.940000 5C4225714 10 -62 
1721810056713 1721810056732 19 329455.060000 3463444.140000 -0.196131 17.940000 5C4225714 10 -62 
1721810056768 1721810056786 18 329455.930000 3463443.950000 -0.196131 17.940000 5C4225714 10 -62 
1721810056825 1721810056841 16 329456.820000 3463443.770000 -0.198531 17.940000 5C4225714 10 -62 
1721810056881 1721810056902 21 329456.820000 3463443.770000 -0.198531 17.940000 5C4225714 10 -62 
1721810056935 1721810056952 17 329459.280000 3463443.240000 -0.198531 17.960000 5C4225714 10 -62 
1721810056995 1721810057013 18 329459.990000 3463443.090000 -0.198531 17.940000 5C4225714 10 -62 
1721810057050 1721810057072 22 329460.870000 3463442.910000 -0.198095 17.980000 5C4225714 10 -62 
1721810057105 1721810057124 19 329461.930000 3463442.680000 -0.198095 17.960000 5C4225714 10 -62 
1721810057160 1721810057179 19 329462.810000 3463442.490000 -0.198095 17.980000 5C4225714 10 -62 
1721810057216 1721810057232 16 329463.870000 3463442.260000 -0.199404 18.000000 5C4225714 10 -62 
1721810057271 1721810057300 29 329464.220000 3463442.190000 -0.199404 18.020000 5C4225714 10 -62 
1721810057326 1721810057347 21 329465.630000 3463441.880000 -0.199404 17.980000 5C4225714 10 -62 
1721810057382 1721810057401 19 329466.160000 3463441.770000 -0.199404 18.000000 5C4225714 10 -62 
1721810057438 1721810057457 19 329466.870000 3463441.610000 -0.199404 18.020000 5C4225714 10 -62 
1721810057493 1721810057514 21 329468.990000 3463441.170000 -0.200495 18.040000 5C4225714 10 -62 
1721810057549 1721810057570 21 329469.510000 3463441.050000 -0.200495 18.000000 5C4225714 10 -62 
1721810057605 1721810057625 20 329470.580000 3463440.820000 -0.200495 18.040000 5C4225714 10 -62 
1721810057661 1721810057678 17 329471.640000 3463440.590000 -0.197440 18.040000 5C4225714 10 -62 
1721810057716 1721810057732 16 329472.170000 3463440.480000 -0.197440 18.040000 5C4225714 10 -62 
1721810057771 1721810057792 21 329473.580000 3463440.170000 -0.197440 18.040000 5C4225714 10 -62 
1721810057827 1721810057848 21 329474.290000 3463440.020000 -0.198968 18.040000 5C4225714 10 -62 
1721810057882 1721810057900 18 329475.000000 3463439.870000 -0.198968 18.080000 5C4225714 10 -62 
1721810057939 1721810057955 16 329476.410000 3463439.560000 -0.198968 18.060000 5C4225714 10 -62 
1721810057994 1721810058010 16 329477.290000 3463439.370000 -0.198968 18.080000 5C4225714 10 -62 
1721810058049 1721810058075 26 329479.070000 3463438.990000 -0.199840 18.080000 5C4225714 10 -62 
1721810058107 1721810058125 18 329479.600000 3463438.880000 -0.199840 18.120000 5C4225714 10 -62 
1721810058161 1721810058186 25 329480.130000 3463438.760000 -0.199840 18.060000 5C4225714 10 -62 
1721810058217 1721810058234 17 329481.370000 3463438.490000 -0.200058 18.120000 5C4225714 10 -62 
1721810058272 1721810058288 16 329482.260000 3463438.300000 -0.200058 18.080000 5C4225714 10 -62 
1721810058327 1721810058344 17 329483.320000 3463438.070000 -0.200058 18.120000 5C4225714 10 -62 
1721810058382 1721810058399 17 329484.210000 3463437.880000 -0.200058 18.080000 5C4225714 10 -62 
1721810058437 1721810058453 16 329485.090000 3463437.680000 -0.199404 18.120000 5C4225714 10 -62 
1721810058492 1721810058512 20 329486.170000 3463437.450000 -0.199404 18.120000 5C4225714 10 -62 
1721810058551 1721810058570 19 329487.940000 3463437.070000 -0.199404 18.140000 5C4225714 10 -62 
1721810058605 1721810058624 19 329488.640000 3463436.910000 -0.201804 18.120000 5C4225714 10 -62 
1721810058661 1721810058679 18 329489.530000 3463436.720000 -0.201804 18.160000 5C4225714 10 -62 
1721810058716 1721810058733 17 329490.780000 3463436.460000 -0.201804 18.120000 5C4225714 10 -62 
1721810058771 1721810058789 18 329491.140000 3463436.370000 -0.201804 18.140000 5C4225714 10 -62 
1721810058826 1721810058844 18 329492.380000 3463436.110000 -0.202240 18.140000 5C4225714 10 -62 
1721810058881 1721810058899 18 329493.270000 3463435.920000 -0.202240 18.140000 5C4225714 10 -62 
1721810058937 1721810058954 17 329493.980000 3463435.770000 -0.202240 18.140000 5C4225714 10 -62 
1721810058992 1721810059011 19 329494.700000 3463435.620000 -0.202240 18.140000 5C4225714 10 -62 
1721810059047 1721810059066 19 329495.580000 3463435.420000 -0.198749 18.160000 5C4225714 10 -62 
1721810059102 1721810059120 18 329496.650000 3463435.200000 -0.198749 18.140000 5C4225714 10 -62 
1721810059162 1721810059182 20 329498.430000 3463434.820000 -0.198749 18.140000 5C4225714 10 -62 
1721810059221 1721810059238 17 329499.330000 3463434.630000 -0.195041 18.180000 5C4225714 10 -62 
1721810059276 1721810059294 18 329500.570000 3463434.370000 -0.195041 18.180000 5C4225714 10 -62 
1721810059331 1721810059350 19 329501.460000 3463434.190000 -0.195041 18.180000 5C4225714 10 -62 
1721810059386 1721810059408 22 329501.820000 3463434.110000 -0.195041 18.160000 5C4225714 10 -62 
1721810059442 1721810059469 27 329503.070000 3463433.850000 -0.193295 18.160000 5C4225714 10 -62 
1721810059497 1721810059512 15 329503.960000 3463433.660000 -0.193295 18.180000 5C4225714 10 -62 
1721810059552 1721810059572 20 329505.030000 3463433.430000 -0.193295 18.180000 5C4225714 10 -62 
1721810059607 1721810059626 19 329506.100000 3463433.200000 -0.193295 18.180000 5C4225714 10 -62 
1721810059662 1721810059681 19 329506.450000 3463433.130000 -0.195913 18.160000 5C4225714 10 -62 
1721810059716 1721810059736 20 329508.420000 3463432.720000 -0.195913 18.140000 5C4225714 10 -62 
1721810059772 1721810059792 20 329509.310000 3463432.530000 -0.195913 18.180000 5C4225714 10 -62 
1721810059827 1721810059846 19 329510.020000 3463432.370000 -0.195695 18.180000 5C4225714 10 -62 
1721810059882 1721810059900 18 329511.270000 3463432.120000 -0.195695 18.180000 5C4225714 10 -62 
1721810059937 1721810059953 16 329512.170000 3463431.930000 -0.195695 18.180000 5C4225714 10 -62 
1721810059992 1721810060012 20 329512.880000 3463431.770000 -0.195695 18.160000 5C4225714 10 -62 
1721810060047 1721810060066 19 329513.940000 3463431.560000 -0.196131 18.200000 5C4225714 10 -62 
1721810060102 1721810060120 18 329514.310000 3463431.470000 -0.196131 18.180000 5C4225714 10 -62 
1721810060157 1721810060174 17 329515.900000 3463431.140000 -0.196131 18.200000 5C4225714 10 -62 
1721810060212 1721810060228 16 329516.620000 3463430.990000 -0.196131 18.160000 5C4225714 10 -62 
1721810060271 1721810060287 16 329517.700000 3463430.760000 -0.194604 18.180000 5C4225714 10 -62 
1721810060326 1721810060345 19 329519.650000 3463430.350000 -0.194604 18.140000 5C4225714 10 -62 
1721810060381 1721810060401 20 329520.180000 3463430.250000 -0.194604 18.140000 5C4225714 10 -62 
1721810060436 1721810060457 21 329521.440000 3463429.980000 -0.193295 18.120000 5C4225714 10 -62 
1721810060492 1721810060508 16 329522.150000 3463429.840000 -0.193295 18.160000 5C4225714 10 -62 
1721810060546 1721810060562 16 329523.030000 3463429.640000 -0.193295 18.120000 5C4225714 10 -62 
1721810060602 1721810060628 26 329523.740000 3463429.500000 -0.193295 18.140000 5C4225714 10 -62 
1721810060657 1721810060676 19 329524.640000 3463429.310000 -0.193295 18.120000 5C4225714 10 -62 
1721810060712 1721810060729 17 329525.710000 3463429.090000 -0.193295 18.120000 5C4225714 10 -62 
1721810060768 1721810060788 20 329526.060000 3463429.010000 -0.193295 18.120000 5C4225714 10 -62 
1721810060823 1721810060842 19 329527.480000 3463428.720000 -0.193295 18.120000 5C4225714 10 -62 
1721810060878 1721810060898 20 329528.010000 3463428.600000 -0.193732 18.120000 5C4225714 10 -62 
1721810060933 1721810060952 19 329530.320000 3463428.120000 -0.193732 18.120000 5C4225714 10 -62 
1721810060989 1721810061006 17 329531.210000 3463427.930000 -0.193950 18.080000 5C4225714 10 -62 
1721810061044 1721810061061 17 329531.920000 3463427.780000 -0.193950 18.120000 5C4225714 10 -62 
1721810061099 1721810061119 20 329532.990000 3463427.550000 -0.193950 18.080000 5C4225714 10 -62 
1721810061154 1721810061173 19 329533.700000 3463427.410000 -0.193950 18.060000 5C4225714 10 -62 
1721810061210 1721810061228 18 329534.400000 3463427.250000 -0.193950 18.080000 5C4225714 10 -62 
1721810061269 1721810061287 18 329535.820000 3463426.960000 -0.195259 18.040000 5C4225714 10 -62 
1721810061328 1721810061344 16 329536.530000 3463426.810000 -0.195259 18.040000 5C4225714 10 -62 
1721810061387 1721810061406 19 329537.590000 3463426.590000 -0.195259 18.020000 5C4225714 10 -62 
1721810061442 1721810061459 17 329539.000000 3463426.290000 -0.195259 17.980000 5C4225714 10 -62 
1721810061498 1721810061515 17 329539.890000 3463426.100000 -0.195259 18.000000 5C4225714 10 -62 
1721810061553 1721810061571 18 329540.950000 3463425.880000 -0.195259 18.000000 5C4225714 10 -62 
1721810061608 1721810061627 19 329541.650000 3463425.730000 -0.195259 18.000000 5C4225714 10 -62 
1721810061663 1721810061684 21 329542.710000 3463425.510000 -0.195913 18.020000 5C4225714 10 -62 
1721810061719 1721810061737 18 329543.420000 3463425.350000 -0.195913 18.020000 5C4225714 10 -62 
1721810061774 1721810061791 17 329544.480000 3463425.130000 -0.195913 18.000000 5C4225714 10 -62 
1721810061829 1721810061845 16 329545.530000 3463424.900000 -0.196786 17.960000 5C4225714 10 -62 
1721810061884 1721810061904 20 329546.410000 3463424.720000 -0.196786 17.940000 5C4225714 10 -62 
1721810061940 1721810061959 19 329547.300000 3463424.530000 -0.196786 17.920000 5C4225714 10 -62 
1721810061995 1721810062013 18 329548.880000 3463424.190000 -0.196786 17.920000 5C4225714 10 -62 
1721810062050 1721810062067 17 329550.110000 3463423.940000 -0.196786 17.900000 5C4225714 10 -62 
1721810062105 1721810062129 24 329550.990000 3463423.750000 -0.196786 17.940000 5C4225714 10 -62 
1721810062161 1721810062178 17 329551.870000 3463423.570000 -0.196786 17.920000 5C4225714 10 -62 
1721810062216 1721810062237 21 329552.390000 3463423.450000 -0.195695 17.940000 5C4225714 10 -62 
1721810062271 1721810062291 20 329553.280000 3463423.270000 -0.195695 17.920000 5C4225714 10 -62 
1721810062327 1721810062352 25 329554.160000 3463423.080000 -0.195695 17.920000 5C4225714 10 -62 
1721810062382 1721810062408 26 329555.210000 3463422.860000 -0.195695 17.920000 5C4225714 10 -62 
1721810062452 1721810062472 20 329556.970000 3463422.480000 -0.195259 17.880000 5C4225714 10 -62 
1721810062506 1721810062526 20 329557.840000 3463422.300000 -0.195259 17.860000 5C4225714 10 -62 
1721810062561 1721810062577 16 329558.890000 3463422.080000 -0.195259 17.860000 5C4225714 7 -61 
1721810062617 1721810062640 23 329559.770000 3463421.900000 -0.194386 17.800000 5C4225714 7 -61 
1721810062672 1721810062692 20 329560.300000 3463421.790000 -0.194386 17.780000 5C4225714 7 -61 
1721810062728 1721810062745 17 329561.510000 3463421.520000 -0.194386 17.760000 5C4225714 7 -61 
1721810062783 1721810062800 17 329562.210000 3463421.380000 -0.194386 17.760000 5C4225714 7 -61 
1721810062838 1721810062854 16 329563.430000 3463421.130000 -0.194386 17.740000 5C4225714 7 -61 
1721810062893 1721810062912 19 329564.130000 3463420.980000 -0.194386 17.700000 5C4225714 7 -61 
1721810062949 1721810062966 17 329565.000000 3463420.790000 -0.194386 17.700000 5C4225714 7 -61 
1721810063004 1721810063022 18 329566.040000 3463420.570000 -0.194386 17.660000 5C4225714 7 -61 
1721810063059 1721810063077 18 329567.260000 3463420.320000 -0.195913 17.600000 5C4225714 7 -61 
1721810063114 1721810063132 18 329567.600000 3463420.250000 -0.195913 17.580000 5C4225714 7 -61 
1721810063170 1721810063186 16 329569.320000 3463419.890000 -0.195913 17.480000 5C4225714 7 -61 
1721810063225 1721810063244 19 329570.190000 3463419.710000 -0.193732 17.440000 5C4225714 7 -61 
1721810063280 1721810063299 19 329570.880000 3463419.560000 -0.193732 17.400000 5C4225714 7 -61 
1721810063334 1721810063354 20 329571.890000 3463419.350000 -0.193732 17.340000 5C4225714 7 -61 
1721810063390 1721810063407 17 329572.750000 3463419.170000 -0.193732 17.340000 5C4225714 7 -61 
1721810063445 1721810063466 21 329573.760000 3463418.950000 -0.195041 17.260000 5C4225714 7 -61 
1721810063500 1721810063519 19 329574.450000 3463418.810000 -0.195041 17.200000 5C4225714 7 -61 
1721810063556 1721810063574 18 329575.460000 3463418.590000 -0.195041 17.180000 5C4225714 7 -61 
1721810063611 1721810063628 17 329576.300000 3463418.410000 -0.195041 17.100000 5C4225714 7 -61 
1721810063665 1721810063682 17 329578.150000 3463418.030000 -0.195041 17.000000 5C4225714 7 -61 
1721810063733 1721810063749 16 329578.980000 3463417.850000 -0.195041 17.000000 5C4225714 7 -61 
1721810063792 1721810063811 19 329579.820000 3463417.670000 -0.195041 16.920000 5C4225714 7 -61 
1721810063847 1721810063867 20 329580.650000 3463417.500000 -0.196568 16.920000 5C4225714 7 -61 
1721810063903 1721810063924 21 329581.150000 3463417.390000 -0.196568 16.900000 5C4225714 7 -61 
1721810063958 1721810063975 17 329581.970000 3463417.210000 -0.196568 16.820000 5C4225714 7 -61 
1721810064014 1721810064035 21 329582.630000 3463417.070000 -0.196568 16.800000 5C4225714 7 -61 
1721810064069 1721810064088 19 329584.280000 3463416.720000 -0.197659 16.640000 5C4225714 7 -61 
1721810064124 1721810064142 18 329585.420000 3463416.470000 -0.197659 16.560000 5C4225714 7 -61 
1721810064179 1721810064197 18 329586.230000 3463416.300000 -0.197659 16.500000 5C4225714 7 -61 
1721810064235 1721810064251 16 329587.040000 3463416.120000 -0.200713 16.500000 5C4225714 7 -61 
1721810064290 1721810064306 16 329587.360000 3463416.060000 -0.200713 16.400000 5C4225714 7 -61 
1721810064345 1721810064365 20 329588.650000 3463415.770000 -0.200713 16.320000 5C4225714 7 -61 
1721810064401 1721810064420 19 329589.450000 3463415.600000 -0.200713 16.240000 5C4225714 7 -61 
1721810064456 1721810064476 20 329590.410000 3463415.400000 -0.198968 16.120000 5C4225714 7 -61 
1721810064511 1721810064530 19 329591.190000 3463415.220000 -0.198968 16.080000 5C4225714 7 -61 
1721810064566 1721810064584 18 329591.980000 3463415.050000 -0.198968 15.980000 5C4225714 7 -61 
1721810064622 1721810064645 23 329592.920000 3463414.850000 -0.201586 15.920000 5C4225714 7 -61 
1721810064677 1721810064694 17 329594.320000 3463414.550000 -0.201586 15.680000 5C4225714 7 -61 
1721810064736 1721810064754 18 329595.240000 3463414.350000 -0.201586 15.640000 5C4225714 7 -61 
1721810064794 1721810064812 18 329596.000000 3463414.180000 -0.202458 15.500000 5C4225714 7 -61 
1721810064849 1721810064867 18 329596.460000 3463414.070000 -0.202458 15.420000 5C4225714 7 -61 
1721810064904 1721810064921 17 329597.070000 3463413.940000 -0.202458 15.360000 5C4225714 7 -61 
1721810064959 1721810064981 22 329597.970000 3463413.750000 -0.202458 15.280000 5C4225714 7 -61 
1721810065014 1721810065030 16 329598.570000 3463413.620000 -0.202458 15.200000 5C4225714 7 -61 
1721810065070 1721810065089 19 329599.610000 3463413.380000 -0.203985 15.080000 5C4225714 7 -61 
1721810065125 1721810065143 18 329600.060000 3463413.280000 -0.203985 14.960000 5C4225714 7 -61 
1721810065180 1721810065197 17 329601.080000 3463413.050000 -0.203985 14.880000 5C4225714 7 -61 
1721810065235 1721810065264 29 329602.390000 3463412.770000 -0.203985 14.680000 5C4225714 7 -61 
1721810065291 1721810065308 17 329603.110000 3463412.610000 -0.203985 14.640000 5C4225714 7 -61 
1721810065346 1721810065362 16 329603.830000 3463412.440000 -0.203985 14.500000 5C4225714 7 -61 
1721810065401 1721810065421 20 329604.820000 3463412.230000 -0.207040 14.420000 5C4225714 7 -61 
1721810065457 1721810065475 18 329605.530000 3463412.070000 -0.207040 14.380000 5C4225714 7 -61 
1721810065512 1721810065529 17 329606.230000 3463411.920000 -0.207040 14.220000 5C4225714 7 -61 
1721810065568 1721810065588 20 329606.930000 3463411.760000 -0.207040 14.160000 5C4225714 7 -61 
1721810065623 1721810065642 19 329607.620000 3463411.610000 -0.207040 14.080000 5C4225714 7 -61 
1721810065678 1721810065695 17 329608.440000 3463411.410000 -0.207040 13.960000 5C4225714 7 -61 
1721810065734 1721810065754 20 329609.130000 3463411.260000 -0.207040 13.880000 5C4225714 7 -61 
1721810065789 1721810065815 26 329610.460000 3463410.960000 -0.211621 13.700000 5C4225714 7 -61 
1721810065848 1721810065876 28 329611.140000 3463410.810000 -0.211621 13.580000 5C4225714 7 -61 
1721810065903 1721810065919 16 329611.540000 3463410.710000 -0.211621 13.520000 5C4225714 7 -61 
1721810065959 1721810065986 27 329612.190000 3463410.560000 -0.211621 13.380000 5C4225714 7 -61 
1721810066014 1721810066030 16 329612.710000 3463410.440000 -0.211621 13.280000 5C4225714 7 -61 
1721810066069 1721810066089 20 329613.630000 3463410.230000 -0.211839 13.160000 5C4225714 7 -61 
1721810066125 1721810066143 18 329614.270000 3463410.080000 -0.211839 13.060000 5C4225714 7 -61 
1721810066180 1721810066197 17 329614.900000 3463409.930000 -0.211839 12.920000 5C4225714 7 -61 
1721810066235 1721810066251 16 329615.530000 3463409.790000 -0.213148 12.760000 5C4225714 7 -61 
1721810066291 1721810066310 19 329616.040000 3463409.670000 -0.213148 12.660000 5C4225714 7 -61 
1721810066346 1721810066364 18 329617.280000 3463409.390000 -0.213148 12.480000 5C4225714 7 -61 
1721810066405 1721810066519 114 329618.120000 3463409.180000 -0.215984 12.320000 5C4225714 7 -61 
1721810066460 1721810066544 84 329618.730000 3463409.040000 -0.215984 12.220000 5C4225714 7 -61 
1721810066516 1721810066544 28 329619.320000 3463408.900000 -0.215984 12.140000 5C4225714 7 -61 
1721810066571 1721810066590 19 329619.900000 3463408.770000 -0.215984 12.020000 5C4225714 7 -61 
1721810066626 1721810066650 24 329620.490000 3463408.620000 -0.218602 11.840000 5C4225714 7 -61 
1721810066682 1721810066700 18 329621.070000 3463408.480000 -0.218602 11.760000 5C4225714 7 -61 
1721810066737 1721810066753 16 329621.640000 3463408.350000 -0.218602 11.660000 5C4225714 7 -61 
1721810066792 1721810066812 20 329622.210000 3463408.220000 -0.218602 11.560000 5C4225714 7 -61 
1721810066846 1721810066877 31 329622.880000 3463408.050000 -0.220566 11.400000 5C4225714 7 -61 
1721810066902 1721810066919 17 329624.090000 3463407.770000 -0.220566 11.160000 5C4225714 7 -61 
1721810066957 1721810066980 23 329624.630000 3463407.650000 -0.220566 11.000000 5C4225714 7 -61 
1721810067012 1721810067039 27 329625.160000 3463407.530000 -0.218602 10.900000 5C4225714 7 -61 
1721810067067 1721810067086 19 329625.690000 3463407.400000 -0.218602 10.780000 5C4225714 7 -61 
1721810067123 1721810067147 24 329626.210000 3463407.290000 -0.218602 10.640000 5C4225714 7 -61 
1721810067178 1721810067196 18 329626.730000 3463407.170000 -0.218602 10.520000 5C4225714 7 -61 
1721810067234 1721810067251 17 329627.040000 3463407.100000 -0.213585 10.460000 5C4225714 7 -61 
1721810067289 1721810067305 16 329627.550000 3463406.990000 -0.213585 10.300000 5C4225714 7 -61 
1721810067344 1721810067364 20 329627.850000 3463406.920000 -0.213585 10.200000 5C4225714 7 -61 
1721810067400 1721810067418 18 329628.540000 3463406.760000 -0.213585 10.080000 5C4225714 7 -61 
1721810067456 1721810067472 16 329629.130000 3463406.640000 -0.208785 9.960000 5C4225714 7 -61 
1721810067510 1721810067527 17 329630.110000 3463406.450000 -0.208785 9.740000 5C4225714 7 -61 
1721810067566 1721810067586 20 329630.670000 3463406.330000 -0.208785 9.640000 5C4225714 7 -61 
1721810067621 1721810067641 20 329631.150000 3463406.240000 -0.197222 9.480000 5C4225714 7 -61 
1721810067676 1721810067695 19 329631.520000 3463406.180000 -0.197222 9.400000 5C4225714 7 -61 
1721810067732 1721810067749 17 329632.070000 3463406.090000 -0.197222 9.280000 5C4225714 7 -61 
1721810067787 1721810067803 16 329632.610000 3463406.000000 -0.197222 9.180000 5C4225714 7 -61 
1721810067842 1721810067862 20 329633.060000 3463405.930000 -0.176933 9.020000 5C4225714 7 -61 
1721810067897 1721810067916 19 329633.510000 3463405.860000 -0.176933 8.920000 5C4225714 7 -61 
1721810067953 1721810067971 18 329633.860000 3463405.810000 -0.176933 8.840000 5C4225714 7 -61 
1721810068012 1721810068031 19 329634.200000 3463405.770000 -0.176933 8.720000 5C4225714 7 -61 
1721810068066 1721810068085 19 329635.070000 3463405.680000 -0.149662 8.480000 5C4225714 7 -61 
1721810068121 1721810068137 16 329635.570000 3463405.630000 -0.149662 8.400000 5C4225714 7 -61 
1721810068177 1721810068197 20 329635.990000 3463405.600000 -0.149662 8.320000 5C4225714 7 -61 
1721810068232 1721810068252 20 329636.400000 3463405.570000 -0.113665 8.160000 5C4225714 7 -61 
1721810068287 1721810068305 18 329636.810000 3463405.550000 -0.113665 8.080000 5C4225714 7 -61 
1721810068343 1721810068358 15 329637.210000 3463405.550000 -0.113665 7.960000 5C4225714 7 -61 
1721810068398 1721810068417 19 329637.610000 3463405.540000 -0.113665 7.900000 5C4225714 7 -61 
1721810068453 1721810068471 18 329638.000000 3463405.550000 -0.067413 7.780000 5C4225714 7 -61 
1721810068509 1721810068525 16 329638.310000 3463405.550000 -0.067413 7.700000 5C4225714 7 -61 
1721810068564 1721810068584 20 329638.690000 3463405.570000 -0.067413 7.580000 5C4225714 7 -61 
1721810068620 1721810068644 24 329639.140000 3463405.590000 -0.067413 7.460000 5C4225714 7 -61 
1721810068675 1721810068693 18 329639.670000 3463405.640000 -0.009817 7.280000 5C4225714 7 -61 
1721810068730 1721810068754 24 329640.170000 3463405.710000 -0.009817 7.180000 5C4225714 7 -61 
1721810068786 1721810068803 17 329640.170000 3463405.710000 -0.009817 7.120000 5C4225714 7 -61 
1721810068845 1721810068862 17 329641.020000 3463405.850000 0.054542 7.020000 5C4225714 7 -61 
1721810068904 1721810068921 17 329641.370000 3463405.920000 0.054542 6.880000 5C4225714 7 -61 
1721810068959 1721810068977 18 329641.630000 3463405.990000 0.054542 6.800000 5C4225714 7 -61 
1721810069014 1721810069033 19 329641.890000 3463406.050000 0.054542 6.720000 5C4225714 7 -61 
1721810069074 1721810069095 21 329642.280000 3463406.150000 0.130245 6.640000 5C4225714 7 -61 
1721810069129 1721810069146 17 329643.040000 3463406.370000 0.130245 6.480000 5C4225714 7 -61 
1721810069185 1721810069201 16 329643.340000 3463406.480000 0.199186 6.380000 5C4225714 7 -61 
1721810069240 1721810069260 20 329643.640000 3463406.600000 0.199186 6.340000 5C4225714 7 -61 
1721810069295 1721810069321 26 329643.820000 3463406.660000 0.199186 6.200000 5C4225714 7 -61 
1721810069350 1721810069376 26 329643.990000 3463406.730000 0.199186 6.160000 5C4225714 7 -61 
1721810069406 1721810069434 28 329644.430000 3463406.940000 0.199186 6.040000 5C4225714 7 -61 
1721810069462 1721810069483 21 329644.710000 3463407.070000 0.274453 5.960000 5C4225714 7 -61 
1721810069517 1721810069536 19 329644.970000 3463407.200000 0.274453 5.920000 5C4225714 7 -61 
1721810069572 1721810069590 18 329645.230000 3463407.340000 0.274453 5.820000 5C4225714 7 -61 
1721810069628 1721810069647 19 329645.480000 3463407.490000 0.274453 5.740000 5C4225714 7 -61 
1721810069683 1721810069701 18 329646.010000 3463407.820000 0.356702 5.560000 5C4225714 7 -61 
1721810069739 1721810069754 15 329646.180000 3463407.940000 0.356702 5.500000 5C4225714 7 -61 
1721810069794 1721810069814 20 329646.400000 3463408.100000 0.356702 5.460000 5C4225714 7 -61 
1721810069849 1721810069869 20 329646.700000 3463408.340000 0.439168 5.400000 5C4225714 7 -61 
1721810069905 1721810069923 18 329646.900000 3463408.520000 0.439168 5.380000 5C4225714 7 -61 
1721810069960 1721810069977 17 329647.110000 3463408.690000 0.439168 5.300000 5C4225714 7 -61 
1721810070015 1721810070031 16 329647.290000 3463408.880000 0.534507 5.280000 5C4225714 7 -61 
1721810070071 1721810070090 19 329647.410000 3463409.000000 0.534507 5.220000 5C4225714 7 -61 
1721810070126 1721810070144 18 329647.550000 3463409.150000 0.534507 5.220000 5C4225714 7 -61 
1721810070185 1721810070204 19 329647.950000 3463409.630000 0.639445 5.160000 5C4225714 7 -61 
1721810070240 1721810070257 17 329648.110000 3463409.840000 0.639445 5.140000 5C4225714 7 -61 
1721810070296 1721810070316 20 329648.240000 3463410.050000 0.639445 5.120000 5C4225714 7 -61 
1721810070351 1721810070368 17 329648.380000 3463410.270000 0.639445 5.060000 5C4225714 7 -61 
1721810070407 1721810070427 20 329648.510000 3463410.490000 0.750928 5.060000 5C4225714 7 -61 
1721810070462 1721810070481 19 329648.600000 3463410.660000 0.750928 5.040000 5C4225714 7 -61 
1721810070517 1721810070535 18 329648.750000 3463410.980000 0.750928 4.980000 5C4225714 7 -61 
1721810070573 1721810070595 22 329648.830000 3463411.170000 0.750928 4.940000 5C4225714 7 -61 
1721810070628 1721810070649 21 329648.940000 3463411.440000 0.874410 4.920000 5C4225714 7 -61 
1721810070684 1721810070702 18 329649.000000 3463411.580000 0.874410 4.880000 5C4225714 7 -61 
1721810070739 1721810070767 28 329649.130000 3463412.040000 0.874410 4.780000 5C4225714 7 -61 
1721810070794 1721810070811 17 329649.190000 3463412.330000 0.998546 4.760000 5C4225714 7 -61 
1721810070850 1721810070870 20 329649.220000 3463412.460000 0.998546 4.700000 5C4225714 7 -61 
1721810070905 1721810070924 19 329649.280000 3463412.740000 0.998546 4.660000 5C4225714 7 -61 
1721810070960 1721810070980 20 329649.300000 3463412.970000 0.998546 4.620000 5C4225714 7 -61 
1721810071015 1721810071034 19 329649.310000 3463413.250000 1.133155 4.580000 5C4225714 7 -61 
1721810071071 1721810071096 25 329649.330000 3463413.520000 1.133155 4.540000 5C4225714 7 -61 
1721810071126 1721810071144 18 329649.320000 3463413.740000 1.133155 4.500000 5C4225714 7 -61 
1721810071181 1721810071205 24 329649.310000 3463413.970000 1.133155 4.500000 5C4225714 7 -61 
1721810071241 1721810071260 19 329649.270000 3463414.230000 1.267327 4.460000 5C4225714 7 -61 
1721810071296 1721810071314 18 329649.220000 3463414.580000 1.267327 4.360000 5C4225714 7 -61 
1721810071352 1721810071374 22 329649.160000 3463414.880000 1.267327 4.340000 5C4225714 7 -61 
1721810071407 1721810071424 17 329649.090000 3463415.090000 1.406517 4.300000 5C4225714 7 -61 
1721810071462 1721810071478 16 329649.070000 3463415.210000 1.406517 4.300000 5C4225714 7 -61 
1721810071522 1721810071539 17 329649.010000 3463415.370000 1.406517 4.280000 5C4225714 7 -61 
1721810071577 1721810071594 17 329648.970000 3463415.490000 1.406517 4.280000 5C4225714 7 -61 
1721810071633 1721810071650 17 329648.820000 3463415.850000 1.543962 4.220000 5C4225714 7 -61 
1721810071688 1721810071706 18 329648.770000 3463416.000000 1.543962 4.200000 5C4225714 7 -61 
1721810071744 1721810071763 19 329648.650000 3463416.230000 1.543962 4.200000 5C4225714 7 -61 
1721810071799 1721810071819 20 329648.420000 3463416.620000 1.675516 4.160000 5C4225714 7 -61 
1721810071854 1721810071872 18 329648.300000 3463416.790000 1.675516 4.140000 5C4225714 7 -61 
1721810071910 1721810071933 23 329648.210000 3463416.920000 1.675516 4.120000 5C4225714 7 -61 
1721810071965 1721810071989 24 329648.050000 3463417.110000 1.675516 4.120000 5C4225714 7 -61 
1721810072020 1721810072038 18 329647.950000 3463417.250000 1.814706 4.100000 5C4225714 7 -61 
1721810072075 1721810072092 17 329647.800000 3463417.430000 1.814706 4.100000 5C4225714 7 -61 
1721810072130 1721810072145 15 329647.660000 3463417.580000 1.814706 4.080000 5C4225714 7 -61 
1721810072185 1721810072204 19 329647.480000 3463417.740000 1.814706 4.080000 5C4225714 7 -61 
1721810072241 1721810072258 17 329647.360000 3463417.860000 1.944297 4.060000 5C4225714 7 -61 
1721810072300 1721810072317 17 329647.250000 3463417.970000 1.944297 4.060000 5C4225714 7 -61 
1721810072355 1721810072371 16 329646.940000 3463418.230000 1.944297 4.080000 5C4225714 7 -61 
1721810072410 1721810072426 16 329646.780000 3463418.350000 2.070615 4.100000 5C4225714 7 -61 
1721810072466 1721810072485 19 329646.620000 3463418.480000 2.070615 4.120000 5C4225714 7 -61 
1721810072521 1721810072539 18 329646.450000 3463418.600000 2.070615 4.180000 5C4225714 7 -61 
1721810072576 1721810072592 16 329646.240000 3463418.740000 2.070615 4.220000 5C4225714 7 -61 
1721810072631 1721810072652 21 329646.050000 3463418.840000 2.192788 4.280000 5C4225714 7 -61 
1721810072686 1721810072706 20 329645.880000 3463418.960000 2.192788 4.340000 5C4225714 7 -61 
1721810072741 1721810072760 19 329645.720000 3463419.040000 2.192788 4.420000 5C4225714 7 -61 
1721810072797 1721810072815 18 329645.490000 3463419.160000 2.192788 4.500000 5C4225714 7 -61 
1721810072852 1721810072876 24 329645.240000 3463419.290000 2.314961 4.600000 5C4225714 7 -61 
1721810072908 1721810072936 28 329644.910000 3463419.450000 2.314961 4.700000 5C4225714 7 -61 
1721810072963 1721810072980 17 329644.730000 3463419.520000 2.314961 4.820000 5C4225714 7 -61 
1721810073018 1721810073039 21 329644.510000 3463419.610000 2.435389 4.880000 5C4225714 7 -61 
1721810073074 1721810073092 18 329644.240000 3463419.730000 2.435389 5.020000 5C4225714 7 -61 
1721810073129 1721810073145 16 329643.950000 3463419.820000 2.435389 5.060000 5C4225714 7 -61 
1721810073184 1721810073206 22 329643.710000 3463419.900000 2.435389 5.200000 5C4225714 7 -61 
1721810073240 1721810073263 23 329643.450000 3463419.970000 2.556907 5.240000 5C4225714 7 -61 
1721810073295 1721810073313 18 329643.400000 3463419.990000 2.556907 5.360000 5C4225714 7 -61 
1721810073351 1721810073378 27 329643.160000 3463420.080000 2.556907 5.420000 5C4225714 7 -61 
1721810073406 1721810073422 16 329642.630000 3463420.200000 2.556907 5.500000 5C4225714 7 -61 
1721810073461 1721810073482 21 329642.350000 3463420.270000 2.670354 5.580000 5C4225714 7 -61 
1721810073516 1721810073536 20 329641.800000 3463420.390000 2.670354 5.840000 5C4225714 7 -61 
1721810073571 1721810073590 19 329641.450000 3463420.450000 2.670354 5.900000 5C4225714 7 -61 
1721810073627 1721810073645 18 329641.210000 3463420.500000 2.768310 5.980000 5C4225714 7 -61 
1721810073682 1721810073699 17 329640.860000 3463420.570000 2.768310 6.080000 5C4225714 7 -61 
1721810073738 1721810073759 21 329640.560000 3463420.620000 2.768310 6.200000 5C4225714 7 -61 
1721810073793 1721810073816 23 329640.380000 3463420.640000 2.768310 6.280000 5C4225714 7 -61 
1721810073849 1721810073866 17 329640.120000 3463420.680000 2.844014 6.400000 5C4225714 7 -61 
1721810073904 1721810073920 16 329639.750000 3463420.750000 2.844014 6.520000 5C4225714 7 -61 
1721810073964 1721810073985 21 329639.360000 3463420.800000 2.844014 6.660000 5C4225714 7 -61 
1721810074018 1721810074039 21 329638.690000 3463420.880000 2.912518 6.880000 5C4225714 7 -61 
1721810074078 1721810074095 17 329638.280000 3463420.940000 2.912518 7.040000 5C4225714 7 -61 
1721810074133 1721810074151 18 329637.930000 3463420.970000 2.912518 7.160000 5C4225714 7 -61 
1721810074188 1721810074207 19 329637.630000 3463421.000000 2.912518 7.340000 5C4225714 7 -61 
1721810074243 1721810074262 19 329637.190000 3463421.050000 2.968151 7.440000 5C4225714 7 -61 
1721810074299 1721810074316 17 329636.750000 3463421.090000 2.968151 7.580000 5C4225714 7 -61 
1721810074354 1721810074371 17 329636.520000 3463421.100000 2.968151 7.660000 5C4225714 7 -61 
1721810074409 1721810074425 16 329636.140000 3463421.120000 2.968151 7.800000 5C4225714 7 -61 
1721810074472 1721810074490 18 329635.340000 3463421.180000 3.018111 8.140000 5C4225714 7 -61 
1721810074527 1721810074544 17 329635.020000 3463421.200000 3.018111 8.280000 5C4225714 7 -61 
1721810074582 1721810074598 16 329634.440000 3463421.220000 3.018111 8.420000 5C4225714 7 -61 
1721810074638 1721810074664 26 329634.100000 3463421.230000 3.060217 8.520000 5C4225714 7 -61 
1721810074695 1721810074717 22 329633.590000 3463421.260000 3.060217 8.680000 5C4225714 7 -61 
1721810074750 1721810074774 24 329633.150000 3463421.280000 3.060217 8.820000 5C4225714 7 -61 
1721810074806 1721810074822 16 329632.620000 3463421.300000 3.087269 8.980000 5C4225714 7 -61 
1721810074861 1721810074889 28 329632.160000 3463421.330000 3.087269 9.120000 5C4225714 7 -61 
1721810074917 1721810074936 19 329631.800000 3463421.350000 3.087269 9.280000 5C4225714 7 -61 
1721810074972 1721810074995 23 329631.240000 3463421.380000 3.087269 9.380000 5C4225714 7 -61 
1721810075028 1721810075044 16 329630.670000 3463421.400000 3.099487 9.620000 5C4225714 7 -61 
1721810075083 1721810075103 20 329630.090000 3463421.440000 3.099487 9.820000 5C4225714 7 -61 
1721810075138 1721810075156 18 329629.500000 3463421.480000 3.099487 9.960000 5C4225714 7 -61 
1721810075194 1721810075211 17 329628.900000 3463421.520000 3.099487 10.160000 5C4225714 7 -61 
1721810075250 1721810075269 19 329628.380000 3463421.560000 3.097305 10.300000 5C4225714 7 -61 
1721810075305 1721810075323 18 329627.770000 3463421.600000 3.097305 10.500000 5C4225714 7 -61 
1721810075360 1721810075377 17 329627.240000 3463421.630000 3.097305 10.660000 5C4225714 7 -61 
1721810075415 1721810075436 21 329626.820000 3463421.660000 3.097305 10.780000 5C4225714 7 -61 
1721810075471 1721810075490 19 329626.170000 3463421.720000 3.096650 10.900000 5C4225714 7 -61 
1721810075526 1721810075545 19 329625.500000 3463421.770000 3.096650 11.100000 5C4225714 7 -61 
1721810075586 1721810075604 18 329624.720000 3463421.830000 3.096650 11.420000 5C4225714 7 -61 
1721810075653 1721810075668 15 329624.040000 3463421.880000 3.087706 11.600000 5C4225714 7 -67 
1721810075709 1721810075727 18 329623.460000 3463421.940000 3.087706 11.720000 5C4225714 7 -67 
1721810075764 1721810075780 16 329622.990000 3463421.980000 3.087706 11.920000 5C4225714 7 -67 
1721810075819 1721810075836 17 329622.280000 3463422.030000 3.087706 12.060000 5C4225714 7 -67 
1721810075875 1721810075892 17 329621.680000 3463422.100000 3.078543 12.260000 5C4225714 7 -67 
1721810075930 1721810075948 18 329621.190000 3463422.150000 3.078543 12.380000 5C4225714 7 -67 
1721810075986 1721810076004 18 329619.690000 3463422.310000 3.065016 12.700000 5C4225714 7 -67 
1721810076041 1721810076062 21 329619.200000 3463422.370000 3.065016 12.880000 5C4225714 7 -67 
1721810076096 1721810076113 17 329618.430000 3463422.460000 3.065016 13.020000 5C4225714 7 -67 
1721810076152 1721810076172 20 329617.910000 3463422.530000 3.065016 13.220000 5C4225714 7 -67 
1721810076207 1721810076227 20 329616.990000 3463422.650000 3.043636 13.380000 5C4225714 7 -67 
1721810076263 1721810076281 18 329616.330000 3463422.750000 3.043636 13.560000 5C4225714 7 -67 
1721810076318 1721810076335 17 329615.660000 3463422.840000 3.043636 13.740000 5C4225714 7 -67 
1721810076373 1721810076390 17 329614.970000 3463422.940000 3.043636 13.840000 5C4225714 7 -67 
1721810076429 1721810076457 28 329614.700000 3463422.980000 3.043636 14.060000 5C4225714 7 -67 
1721810076484 1721810076502 18 329613.870000 3463423.110000 3.025092 14.180000 5C4225714 7 -67 
1721810076540 1721810076561 21 329612.320000 3463423.360000 3.025092 14.500000 5C4225714 7 -67 
1721810076595 1721810076617 22 329611.610000 3463423.470000 3.006111 14.700000 5C4225714 7 -67 
1721810076650 1721810076673 23 329610.890000 3463423.610000 3.006111 14.800000 5C4225714 7 -67 
1721810076705 1721810076727 22 329610.010000 3463423.750000 3.006111 14.900000 5C4225714 7 -67 
1721810076764 1721810076780 16 329609.270000 3463423.890000 3.006111 15.180000 5C4225714 7 -67 
1721810076819 1721810076839 20 329608.520000 3463424.020000 2.989313 15.260000 5C4225714 7 -67 
1721810076875 1721810076894 19 329607.940000 3463424.140000 2.989313 15.400000 5C4225714 7 -67 
1721810076930 1721810076948 18 329606.870000 3463424.340000 2.989313 15.480000 5C4225714 7 -67 
1721810076986 1721810077002 16 329606.260000 3463424.450000 2.989313 15.680000 5C4225714 7 -67 
1721810077041 1721810077061 20 329605.790000 3463424.530000 2.989313 15.820000 5C4225714 7 -67 
1721810077096 1721810077112 16 329604.070000 3463424.870000 2.977968 16.080000 5C4225714 7 -67 
1721810077152 1721810077171 19 329603.280000 3463425.020000 2.977968 16.280000 5C4225714 7 -67 
1721810077207 1721810077226 19 329602.480000 3463425.170000 2.970769 16.420000 5C4225714 7 -67 
1721810077263 1721810077282 19 329601.520000 3463425.370000 2.970769 16.520000 5C4225714 7 -67 
1721810077318 1721810077336 18 329600.700000 3463425.520000 2.970769 16.720000 5C4225714 7 -67 
1721810077374 1721810077390 16 329600.050000 3463425.640000 2.970769 16.860000 5C4225714 7 -67 
1721810077429 1721810077450 21 329599.220000 3463425.810000 2.965969 17.020000 5C4225714 7 -67 
1721810077484 1721810077504 20 329598.400000 3463425.980000 2.965969 17.100000 5C4225714 7 -67 
1721810077540 1721810077558 18 329597.390000 3463426.190000 2.965969 17.240000 5C4225714 7 -67 
1721810077595 1721810077612 17 329596.370000 3463426.390000 2.965969 17.380000 5C4225714 7 -67 
1721810077651 1721810077671 20 329595.010000 3463426.670000 2.959424 17.620000 5C4225714 7 -67 
1721810077707 1721810077727 20 329594.310000 3463426.810000 2.959424 17.760000 5C4225714 7 -67 
1721810077762 1721810077780 18 329593.270000 3463427.020000 2.959424 17.860000 5C4225714 7 -67 
1721810077822 1721810077839 17 329592.220000 3463427.230000 2.956806 17.980000 5C4225714 7 -67 
1721810077878 1721810077894 16 329591.520000 3463427.390000 2.956806 18.080000 5C4225714 7 -67 
1721810077933 1721810077951 18 329590.450000 3463427.610000 2.956806 18.220000 5C4225714 7 -67 
1721810077988 1721810078007 19 329590.280000 3463427.640000 2.956806 18.280000 5C4225714 7 -67 
1721810078044 1721810078063 19 329588.660000 3463427.970000 2.956370 18.440000 5C4225714 7 -67 
1721810078099 1721810078118 19 329587.590000 3463428.200000 2.956370 18.520000 5C4225714 7 -67 
1721810078155 1721810078172 17 329585.750000 3463428.570000 2.956370 18.720000 5C4225714 7 -67 
1721810078210 1721810078227 17 329584.650000 3463428.800000 2.954188 18.800000 5C4225714 7 -67 
1721810078265 1721810078282 17 329583.730000 3463429.000000 2.954188 18.960000 5C4225714 7 -67 
1721810078321 1721810078341 20 329582.990000 3463429.150000 2.954188 19.020000 5C4225714 7 -67 
1721810078376 1721810078395 19 329581.860000 3463429.390000 2.954188 19.060000 5C4225714 7 -67 
1721810078432 1721810078449 17 329581.300000 3463429.500000 2.951788 19.100000 5C4225714 7 -67 
1721810078488 1721810078511 23 329580.370000 3463429.700000 2.951788 19.240000 5C4225714 7 -67 
1721810078543 1721810078562 19 329579.800000 3463429.820000 2.951788 19.260000 5C4225714 7 -67 
1721810078599 1721810078616 17 329578.300000 3463430.130000 2.951788 19.320000 5C4225714 7 -67 
1721810078655 1721810078675 20 329577.340000 3463430.340000 2.952224 19.320000 5C4225714 7 -67 
1721810078710 1721810078730 20 329575.450000 3463430.750000 2.952224 19.300000 5C4225714 7 -67 
1721810078766 1721810078784 18 329574.310000 3463430.970000 2.952224 19.300000 5C4225714 7 -67 
1721810078821 1721810078840 19 329573.350000 3463431.180000 2.952661 19.300000 5C4225714 7 -67 
1721810078876 1721810078902 26 329572.410000 3463431.380000 2.952661 19.320000 5C4225714 7 -67 
1721810078936 1721810078957 21 329571.460000 3463431.570000 2.952661 19.320000 5C4225714 7 -67 
1721810078991 1721810079012 21 329570.700000 3463431.730000 2.952661 19.340000 5C4225714 7 -67 
1721810079046 1721810079065 19 329569.750000 3463431.940000 2.953097 19.320000 5C4225714 7 -67 
1721810079104 1721810079124 20 329569.750000 3463431.940000 2.953097 19.320000 5C4225714 7 -67 
1721810079172 1721810079188 16 329566.910000 3463432.520000 2.953097 19.320000 5C4225714 7 -67 
1721810079227 1721810079245 18 329565.960000 3463432.720000 2.955933 19.280000 5C4225714 7 -67 
1721810079282 1721810079302 20 329565.210000 3463432.890000 2.955933 19.280000 5C4225714 7 -67 
1721810079337 1721810079354 17 329563.890000 3463433.150000 2.955933 19.240000 5C4225714 7 -67 
1721810079392 1721810079410 18 329563.130000 3463433.310000 2.955933 19.240000 5C4225714 7 -67 
1721810079447 1721810079465 18 329561.990000 3463433.550000 2.955279 19.200000 5C4225714 7 -67 
1721810079502 1721810079519 17 329561.240000 3463433.700000 2.955279 19.200000 5C4225714 7 -67 
1721810079557 1721810079573 16 329559.920000 3463433.970000 2.955279 19.180000 5C4225714 7 -67 
1721810079613 1721810079632 19 329559.350000 3463434.090000 2.955279 19.140000 5C4225714 7 -67 
1721810079668 1721810079686 18 329557.660000 3463434.440000 2.956806 19.140000 5C4225714 7 -67 
1721810079724 1721810079740 16 329556.160000 3463434.750000 2.956806 19.100000 5C4225714 7 -67 
1721810079779 1721810079800 21 329555.600000 3463434.860000 2.956806 19.060000 5C4225714 7 -67 
1721810079835 1721810079854 19 329554.660000 3463435.050000 2.956370 19.040000 5C4225714 7 -67 
1721810079890 1721810079908 18 329553.540000 3463435.290000 2.956370 19.040000 5C4225714 7 -67 
1721810079946 1721810079964 18 329552.600000 3463435.470000 2.956370 19.020000 5C4225714 7 -67 
1721810080005 1721810080025 20 329551.670000 3463435.670000 2.956370 19.000000 5C4225714 7 -67 
1721810080060 1721810080081 21 329550.920000 3463435.820000 2.959860 19.000000 5C4225714 7 -67 
1721810080116 1721810080132 16 329549.990000 3463436.020000 2.959860 19.000000 5C4225714 7 -67 
1721810080171 1721810080204 33 329548.870000 3463436.240000 2.959860 18.980000 5C4225714 7 -67 
1721810080226 1721810080243 17 329547.000000 3463436.630000 2.958769 18.980000 5C4225714 7 -67 
1721810080282 1721810080303 21 329545.890000 3463436.860000 2.958769 18.980000 5C4225714 7 -67 
1721810080337 1721810080357 20 329544.950000 3463437.050000 2.958769 18.960000 5C4225714 7 -67 
1721810080392 1721810080411 19 329544.210000 3463437.200000 2.958769 18.960000 5C4225714 7 -67 
1721810080448 1721810080465 17 329542.910000 3463437.470000 2.957897 18.960000 5C4225714 7 -67 
1721810080503 1721810080519 16 329542.160000 3463437.620000 2.957897 19.000000 5C4225714 7 -67 
1721810080558 1721810080579 21 329541.600000 3463437.740000 2.957897 19.020000 5C4225714 7 -67 
1721810080613 1721810080633 20 329540.480000 3463437.970000 2.957897 19.020000 5C4225714 7 -67 
1721810080669 1721810080686 17 329539.540000 3463438.160000 2.957460 19.040000 5C4225714 7 -67 
1721810080724 1721810080740 16 329538.610000 3463438.350000 2.957460 19.040000 5C4225714 7 -67 
1721810080780 1721810080796 16 329536.730000 3463438.740000 2.957460 19.060000 5C4225714 7 -67 
1721810080835 1721810080862 27 329535.620000 3463438.970000 2.958769 19.060000 5C4225714 7 -67 
1721810080890 1721810080906 16 329534.490000 3463439.190000 2.958769 19.060000 5C4225714 7 -67 
1721810080946 1721810080965 19 329533.740000 3463439.350000 2.958769 19.120000 5C4225714 7 -67 
1721810081001 1721810081019 18 329532.800000 3463439.540000 2.958769 19.120000 5C4225714 7 -67 
1721810081072 1721810081090 18 329531.680000 3463439.770000 2.957024 19.160000 5C4225714 7 -67 
1721810081127 1721810081146 19 329530.740000 3463439.960000 2.957024 19.160000 5C4225714 7 -67 
1721810081182 1721810081205 23 329529.610000 3463440.200000 2.957024 19.180000 5C4225714 7 -67 
1721810081238 1721810081257 19 329527.720000 3463440.590000 2.955715 19.200000 5C4225714 7 -67 
1721810081293 1721810081311 18 329527.160000 3463440.700000 2.955715 19.200000 5C4225714 7 -67 
1721810081348 1721810081366 18 329526.210000 3463440.890000 2.955715 19.240000 5C4225714 7 -67 
1721810081404 1721810081421 17 329525.260000 3463441.090000 2.955715 19.240000 5C4225714 7 -67 
1721810081459 1721810081475 16 329524.140000 3463441.330000 2.958551 19.300000 5C4225714 7 -67 
1721810081515 1721810081535 20 329523.190000 3463441.520000 2.958551 19.280000 5C4225714 7 -67 
1721810081570 1721810081589 19 329522.250000 3463441.710000 2.958551 19.300000 5C4225714 7 -67 
1721810081625 1721810081643 18 329521.680000 3463441.830000 2.958551 19.300000 5C4225714 7 -67 
1721810081685 1721810081707 22 329520.160000 3463442.130000 2.958115 19.300000 5C4225714 7 -67 
1721810081744 1721810081761 17 329518.260000 3463442.520000 2.958115 19.360000 5C4225714 7 -67 
1721810081799 1721810081817 18 329517.500000 3463442.670000 2.958988 19.380000 5C4225714 7 -67 
1721810081855 1721810081873 18 329516.350000 3463442.920000 2.958988 19.360000 5C4225714 7 -67 
1721810081910 1721810081928 18 329515.780000 3463443.040000 2.958988 19.420000 5C4225714 7 -67 
1721810081966 1721810081983 17 329515.210000 3463443.140000 2.958988 19.420000 5C4225714 7 -67 
1721810082021 1721810082037 16 329513.690000 3463443.460000 2.956806 19.420000 5C4225714 7 -67 
1721810082076 1721810082092 16 329512.930000 3463443.610000 2.956806 19.420000 5C4225714 7 -67 
1721810082137 1721810082156 19 329511.780000 3463443.850000 2.956806 19.440000 5C4225714 7 -67 
1721810082197 1721810082215 18 329509.680000 3463444.290000 2.953970 19.480000 5C4225714 7 -67 
1721810082252 1721810082272 20 329508.910000 3463444.440000 2.953970 19.480000 5C4225714 7 -67 
1721810082307 1721810082329 22 329507.760000 3463444.680000 2.953970 19.480000 5C4225714 7 -67 
1721810082363 1721810082380 17 329506.620000 3463444.930000 2.953970 19.520000 5C4225714 7 -67 
1721810082418 1721810082438 20 329506.040000 3463445.050000 2.954842 19.500000 5C4225714 7 -67 
1721810082473 1721810082490 17 329504.700000 3463445.330000 2.954842 19.520000 5C4225714 7 -67 
1721810082529 1721810082549 20 329503.740000 3463445.530000 2.954842 19.580000 5C4225714 7 -67 
1721810082584 1721810082603 19 329503.160000 3463445.650000 2.954842 19.580000 5C4225714 7 -67 
1721810082640 1721810082656 16 329502.200000 3463445.850000 2.953315 19.620000 5C4225714 7 -67 
1721810082695 1721810082715 20 329501.240000 3463446.050000 2.953315 19.620000 5C4225714 7 -67 
1721810082751 1721810082771 20 329499.120000 3463446.500000 2.953315 19.620000 5C4225714 7 -67 
1721810082806 1721810082825 19 329498.150000 3463446.700000 2.952006 19.640000 5C4225714 7 -67 
1721810082862 1721810082879 17 329497.190000 3463446.910000 2.952006 19.640000 5C4225714 7 -67 
1721810082917 1721810082933 16 329496.230000 3463447.110000 2.952006 19.640000 5C4225714 7 -67 
1721810082973 1721810082992 19 329495.460000 3463447.270000 2.952006 19.660000 5C4225714 7 -67 
1721810083028 1721810083047 19 329494.300000 3463447.510000 2.951788 19.660000 5C4225714 7 -67 
1721810083083 1721810083101 18 329493.330000 3463447.710000 2.951788 19.660000 5C4225714 7 -67 
1721810083139 1721810083156 17 329492.170000 3463447.970000 2.951788 19.740000 5C4225714 7 -67 
1721810083194 1721810083217 23 329491.210000 3463448.170000 2.951788 19.700000 5C4225714 7 -67 
1721810083253 1721810083272 19 329490.240000 3463448.370000 2.951570 19.660000 5C4225714 7 -67 
1721810083309 1721810083327 18 329488.110000 3463448.820000 2.951570 19.700000 5C4225714 7 -67 
1721810083364 1721810083383 19 329487.530000 3463448.940000 2.951570 19.760000 5C4225714 7 -67 
1721810083420 1721810083437 17 329487.530000 3463448.940000 2.951570 19.760000 5C4225714 7 -67 
1721810083475 1721810083495 20 329485.600000 3463449.350000 2.951570 19.760000 5C4225714 7 -67 
1721810083530 1721810083547 17 329484.820000 3463449.500000 2.951570 19.760000 5C4225714 7 -67 
1721810083586 1721810083606 20 329483.650000 3463449.740000 2.951570 19.760000 5C4225714 7 -67 
1721810083641 1721810083661 20 329483.070000 3463449.860000 2.951570 19.780000 5C4225714 7 -67 
1721810083696 1721810083715 19 329482.100000 3463450.070000 2.952661 19.780000 5C4225714 7 -67 
1721810083751 1721810083768 17 329480.550000 3463450.390000 2.952661 19.760000 5C4225714 7 -67 
1721810083806 1721810083822 16 329479.390000 3463450.650000 2.952661 19.760000 5C4225714 7 -67 
1721810083862 1721810083881 19 329478.410000 3463450.840000 2.953097 19.740000 5C4225714 7 -67 
1721810083917 1721810083935 18 329476.480000 3463451.250000 2.953097 19.680000 5C4225714 7 -67 
1721810083972 1721810083989 17 329475.510000 3463451.450000 2.953097 19.680000 5C4225714 7 -67 
1721810084028 1721810084048 20 329474.740000 3463451.620000 2.953752 19.700000 5C4225714 7 -67 
1721810084083 1721810084102 19 329473.380000 3463451.900000 2.953752 19.680000 5C4225714 7 -67 
1721810084139 1721810084163 24 329472.420000 3463452.100000 2.953752 19.680000 5C4225714 7 -67 
1721810084194 1721810084212 18 329471.460000 3463452.300000 2.953752 19.640000 5C4225714 7 -67 
1721810084254 1721810084271 17 329471.070000 3463452.390000 2.953315 19.620000 5C4225714 7 -67 
1721810084314 1721810084332 18 329469.910000 3463452.630000 2.953315 19.600000 5C4225714 7 -67 
1721810084373 1721810084389 16 329467.980000 3463453.040000 2.953315 19.640000 5C4225714 7 -67 
1721810084430 1721810084445 15 329467.030000 3463453.230000 2.953533 19.600000 5C4225714 7 -67 
1721810084485 1721810084501 16 329466.060000 3463453.430000 2.953533 19.640000 5C4225714 7 -67 
1721810084540 1721810084557 17 329465.100000 3463453.640000 2.953533 19.600000 5C4225714 7 -67 
1721810084596 1721810084613 17 329464.130000 3463453.840000 2.953533 19.580000 5C4225714 7 -67 
1721810084651 1721810084670 19 329462.780000 3463454.120000 2.952879 19.580000 5C4225714 7 -67 
1721810084706 1721810084727 21 329461.830000 3463454.320000 2.952879 19.560000 5C4225714 7 -67 
1721810084762 1721810084779 17 329460.870000 3463454.530000 2.952879 19.580000 5C4225714 7 -67 
1721810084818 1721810084837 19 329459.910000 3463454.730000 2.952879 19.580000 5C4225714 7 -67 
1721810084873 1721810084891 18 329458.740000 3463454.970000 2.951788 19.560000 5C4225714 7 -67 
1721810084929 1721810084950 21 329456.820000 3463455.370000 2.951788 19.600000 5C4225714 7 -67 
1721810084984 1721810085004 20 329455.870000 3463455.570000 2.953097 19.580000 5C4225714 7 -67 
1721810085040 1721810085057 17 329455.090000 3463455.740000 2.953097 19.580000 5C4225714 7 -67 
1721810085095 1721810085111 16 329455.090000 3463455.740000 2.953097 19.520000 5C4225714 7 -67 
1721810085151 1721810085166 15 329453.360000 3463456.100000 2.953097 19.540000 5C4225714 7 -67 
1721810085206 1721810085225 19 329452.200000 3463456.340000 2.953097 19.500000 5C4225714 7 -67 
1721810085262 1721810085280 18 329451.240000 3463456.550000 2.952006 19.520000 5C4225714 7 -67 
1721810085317 1721810085340 23 329450.290000 3463456.750000 2.952006 19.520000 5C4225714 7 -67 
1721810085372 1721810085388 16 329449.520000 3463456.920000 2.952006 19.560000 5C4225714 7 -67 
1721810085428 1721810085448 20 329448.940000 3463457.040000 2.952006 19.560000 5C4225714 7 -67 
1721810085483 1721810085502 19 329446.440000 3463457.570000 2.951570 19.540000 5C4225714 7 -67 
1721810085538 1721810085557 19 329445.290000 3463457.810000 2.951570 19.520000 5C4225714 7 -67 
1721810085593 1721810085613 20 329445.100000 3463457.840000 2.951570 19.520000 5C4225714 7 -67 
1721810085649 1721810085668 19 329443.760000 3463458.130000 2.951570 19.520000 5C4225714 7 -67 
1721810085704 1721810085730 26 329442.420000 3463458.420000 2.951570 19.520000 5C4225714 7 -67 
1721810085759 1721810085781 22 329441.840000 3463458.540000 2.951570 19.480000 5C4225714 7 -67 
1721810085814 1721810085830 16 329440.690000 3463458.780000 2.951570 19.480000 5C4225714 7 -67 
1721810085870 1721810085890 20 329439.920000 3463458.940000 2.952879 19.480000 5C4225714 7 -67 
1721810085925 1721810085946 21 329438.780000 3463459.190000 2.952879 19.500000 5C4225714 7 -67 
1721810085980 1721810086000 20 329437.630000 3463459.430000 2.952879 19.480000 5C4225714 7 -67 
1721810086035 1721810086054 19 329437.060000 3463459.550000 2.952879 19.480000 5C4225714 7 -67 
1721810086091 1721810086108 17 329434.760000 3463460.040000 2.952443 19.460000 5C4225714 7 -67 
1721810086146 1721810086167 21 329434.180000 3463460.160000 2.952443 19.460000 5C4225714 7 -67 
1721810086202 1721810086221 19 329432.650000 3463460.490000 2.949825 19.460000 5C4225714 7 -67 
1721810086257 1721810086275 18 329431.710000 3463460.690000 2.949825 19.440000 5C4225714 7 -67 
1721810086312 1721810086329 17 329430.750000 3463460.890000 2.949825 19.400000 5C4225714 7 -67 
1721810086368 1721810086384 16 329429.800000 3463461.090000 2.949825 19.400000 5C4225714 7 -67 
1721810086423 1721810086442 19 329428.650000 3463461.340000 2.950261 19.420000 5C4225714 7 -67 
1721810086478 1721810086498 20 329427.890000 3463461.500000 2.950261 19.400000 5C4225714 7 -67 
1721810086533 1721810086552 19 329426.750000 3463461.740000 2.950261 19.360000 5C4225714 7 -67 
1721810086593 1721810086609 16 329425.990000 3463461.900000 2.950261 19.380000 5C4225714 7 -67 
1721810086648 1721810086665 17 329424.660000 3463462.180000 2.952006 19.320000 5C4225714 7 -67 
1721810086704 1721810086721 17 329423.340000 3463462.470000 2.952006 19.260000 5C4225714 7 -67 
1721810086759 1721810086784 25 329422.400000 3463462.670000 2.952006 19.280000 5C4225714 7 -67 
1721810086814 1721810086831 17 329421.450000 3463462.880000 2.950043 19.240000 5C4225714 7 -67 
1721810086870 1721810086892 22 329420.320000 3463463.120000 2.950043 19.240000 5C4225714 7 -67 
1721810086925 1721810086941 16 329419.370000 3463463.320000 2.950043 19.200000 5C4225714 7 -67 
1721810086980 1721810087000 20 329418.430000 3463463.510000 2.950043 19.220000 5C4225714 7 -67 
1721810087036 1721810087055 19 329418.050000 3463463.600000 2.950043 19.200000 5C4225714 7 -67 
1721810087091 1721810087109 18 329416.350000 3463463.960000 2.948952 19.180000 5C4225714 7 -67 
1721810087147 1721810087168 21 329415.410000 3463464.160000 2.948952 19.220000 5C4225714 7 -67 
1721810087202 1721810087222 20 329413.520000 3463464.560000 2.946552 19.200000 5C4225714 7 -67 
1721810087258 1721810087274 16 329412.400000 3463464.800000 2.946552 19.220000 5C4225714 7 -67 
1721810087313 1721810087333 20 329411.650000 3463464.960000 2.946552 19.180000 5C4225714 7 -67 
1721810087368 1721810087387 19 329410.520000 3463465.200000 2.946552 19.180000 5C4225714 7 -67 
1721810087423 1721810087441 18 329409.760000 3463465.360000 2.950915 19.160000 5C4225714 7 -67 
1721810087479 1721810087496 17 329408.630000 3463465.600000 2.950915 19.180000 5C4225714 7 -67 
1721810087534 1721810087550 16 329408.260000 3463465.680000 2.950915 19.180000 5C4225714 7 -67 
1721810087589 1721810087608 19 329407.500000 3463465.840000 2.950915 19.140000 5C4225714 7 -67 
1721810087648 1721810087668 20 329406.370000 3463466.080000 2.949170 19.140000 5C4225714 7 -67 
1721810087704 1721810087727 23 329405.060000 3463466.360000 2.949170 19.140000 5C4225714 7 -67 
1721810087759 1721810087777 18 329403.550000 3463466.680000 2.949170 19.140000 5C4225714 7 -67 
1721810087815 1721810087831 16 329402.420000 3463466.920000 2.950261 19.140000 5C4225714 7 -67 
1721810087870 1721810087884 14 329401.110000 3463467.200000 2.950261 19.120000 5C4225714 7 -67 
1721810087925 1721810087947 22 329400.350000 3463467.350000 2.950261 19.100000 5C4225714 7 -67 
1721810087980 1721810088005 25 329399.230000 3463467.580000 2.950261 19.060000 5C4225714 7 -67 
1721810088035 1721810088058 23 329398.290000 3463467.790000 2.951788 19.060000 5C4225714 7 -67 
1721810088091 1721810088109 18 329397.910000 3463467.860000 2.951788 19.080000 5C4225714 7 -67 
1721810088146 1721810088167 21 329396.800000 3463468.100000 2.951788 19.060000 5C4225714 7 -67 
1721810088202 1721810088225 23 329395.860000 3463468.290000 2.951788 19.080000 5C4225714 7 -67 
1721810088259 1721810088276 17 329394.920000 3463468.480000 2.954406 19.040000 5C4225714 7 -67 
1721810088315 1721810088331 16 329392.870000 3463468.900000 2.954406 19.020000 5C4225714 7 -67 
1721810088370 1721810088395 25 329391.930000 3463469.090000 2.954406 18.980000 5C4225714 7 -67 
1721810088426 1721810088449 23 329391.000000 3463469.270000 2.958333 18.980000 5C4225714 7 -67 
1721810088481 1721810088508 27 329390.070000 3463469.460000 2.958333 18.900000 5C4225714 7 -67 
1721810088536 1721810088557 21 329388.950000 3463469.680000 2.958333 18.900000 5C4225714 7 -67 
1721810088592 1721810088607 15 329388.020000 3463469.860000 2.958333 18.880000 5C4225714 7 -67 
1721810088649 1721810088669 20 329387.280000 3463470.010000 2.964005 18.880000 5C4225714 7 -67 
1721810088716 1721810088744 28 329385.050000 3463470.440000 2.964005 18.840000 5C4225714 7 -67 
1721810088771 1721810088786 15 329384.300000 3463470.590000 2.964005 18.820000 5C4225714 7 -67 
1721810088826 1721810088842 16 329383.180000 3463470.790000 2.970769 18.800000 5C4225714 7 -58 
1721810088881 1721810088899 18 329382.810000 3463470.870000 2.970769 18.780000 5C4225714 9 -58 
1721810088937 1721810088953 16 329381.890000 3463471.040000 2.970769 18.780000 5C4225714 9 -58 
1721810088993 1721810089017 24 329380.780000 3463471.240000 2.970769 18.780000 5C4225714 9 -58 
1721810089048 1721810089067 19 329380.040000 3463471.380000 2.973605 18.740000 5C4225714 9 -58 
1721810089103 1721810089119 16 329378.930000 3463471.580000 2.973605 18.740000 5C4225714 9 -58 
1721810089158 1721810089177 19 329377.820000 3463471.780000 2.973605 18.720000 5C4225714 9 -58 
1721810089214 1721810089234 20 329376.720000 3463471.970000 2.973605 18.700000 5C4225714 9 -58 
1721810089269 1721810089285 16 329375.050000 3463472.260000 2.985604 18.700000 5C4225714 9 -58 
1721810089324 1721810089349 25 329373.940000 3463472.430000 2.985604 18.700000 5C4225714 9 -58 
1721810089381 1721810089396 15 329373.020000 3463472.580000 2.985604 18.720000 5C4225714 9 -58 
1721810089441 1721810089461 20 329371.890000 3463472.760000 2.998039 18.680000 5C4225714 9 -58 
1721810089508 1721810089529 21 329371.150000 3463472.870000 2.998039 18.680000 5C4225714 9 -58 
1721810089563 1721810089587 24 329370.230000 3463473.010000 2.998039 18.660000 5C4225714 9 -58 
1721810089618 1721810089635 17 329369.490000 3463473.120000 2.998039 18.700000 5C4225714 9 -58 
1721810089675 1721810089693 18 329367.640000 3463473.390000 3.009166 18.620000 5C4225714 9 -58 
1721810089730 1721810089756 26 329366.710000 3463473.510000 3.009166 18.620000 5C4225714 9 -58 
1721810089786 1721810089805 19 329365.600000 3463473.660000 3.009166 18.620000 5C4225714 9 -58 
1721810089841 1721810089858 17 329364.670000 3463473.790000 3.022474 18.620000 5C4225714 9 -58 
1721810089897 1721810089915 18 329363.740000 3463473.900000 3.022474 18.600000 5C4225714 9 -58 
1721810089960 1721810089979 19 329362.820000 3463474.020000 3.022474 18.620000 5C4225714 9 -58 
1721810090015 1721810090035 20 329361.710000 3463474.150000 3.035564 18.620000 5C4225714 9 -58 
1721810090071 1721810090090 19 329360.770000 3463474.260000 3.035564 18.620000 5C4225714 9 -58 
1721810090126 1721810090146 20 329360.030000 3463474.350000 3.035564 18.620000 5C4225714 9 -58 
1721810090182 1721810090201 19 329358.170000 3463474.550000 3.035564 18.620000 5C4225714 9 -58 
1721810090237 1721810090257 20 329357.430000 3463474.630000 3.046909 18.620000 5C4225714 9 -58 
1721810090292 1721810090309 17 329356.500000 3463474.730000 3.046909 18.620000 5C4225714 9 -58 
1721810090348 1721810090368 20 329355.580000 3463474.820000 3.046909 18.600000 5C4225714 9 -58 
1721810090403 1721810090423 20 329354.470000 3463474.920000 3.046909 18.600000 5C4225714 9 -58 
1721810090459 1721810090474 15 329353.730000 3463474.990000 3.059344 18.600000 5C4225714 9 -58 
1721810090514 1721810090530 16 329352.600000 3463475.090000 3.059344 18.560000 5C4225714 9 -58 
1721810090569 1721810090593 24 329351.860000 3463475.150000 3.059344 18.560000 5C4225714 9 -58 
1721810090624 1721810090643 19 329350.750000 3463475.250000 3.059344 18.560000 5C4225714 9 -58 
1721810090679 1721810090697 18 329349.640000 3463475.330000 3.073961 18.560000 5C4225714 9 -58 
1721810090734 1721810090753 19 329347.780000 3463475.460000 3.073961 18.560000 5C4225714 9 -58 
1721810090790 1721810090808 18 329346.850000 3463475.520000 3.092505 18.540000 5C4225714 9 -58 
1721810090845 1721810090862 17 329345.920000 3463475.570000 3.092505 18.560000 5C4225714 9 -58 
1721810090900 1721810090917 17 329344.800000 3463475.630000 3.092505 18.540000 5C4225714 9 -58 
1721810090955 1721810090975 20 329343.880000 3463475.680000 3.092505 18.560000 5C4225714 9 -58 
1721810091010 1721810091028 18 329342.960000 3463475.730000 3.106686 18.540000 5C4225714 9 -58 
1721810091070 1721810091088 18 329342.590000 3463475.740000 3.106686 18.540000 5C4225714 9 -58 
1721810091126 1721810091141 15 329341.460000 3463475.780000 3.106686 18.520000 5C4225714 9 -58 
1721810091181 1721810091198 17 329340.910000 3463475.810000 3.106686 18.540000 5C4225714 9 -58 
1721810091236 1721810091255 19 329339.620000 3463475.850000 3.106686 18.540000 5C4225714 9 -58 
1721810091292 1721810091311 19 329337.940000 3463475.890000 3.121521 18.480000 5C4225714 9 -58 
1721810091347 1721810091367 20 329336.830000 3463475.900000 3.121521 18.460000 5C4225714 9 -58 
1721810091403 1721810091419 16 329335.720000 3463475.920000 -3.140938 18.460000 5C4225714 9 -58 
1721810091458 1721810091478 20 329334.610000 3463475.930000 -3.140938 18.440000 5C4225714 9 -58 
1721810091513 1721810091531 18 329333.690000 3463475.930000 -3.140938 18.460000 5C4225714 9 -58 
1721810091568 1721810091585 17 329332.760000 3463475.940000 -3.140938 18.420000 5C4225714 9 -58 
1721810091623 1721810091639 16 329331.840000 3463475.930000 -3.126103 18.500000 5C4225714 9 -58 
1721810091679 1721810091697 18 329330.730000 3463475.920000 -3.126103 18.420000 5C4225714 9 -58 
1721810091734 1721810091752 18 329330.160000 3463475.900000 -3.126103 18.460000 5C4225714 9 -58 
1721810091790 1721810091806 16 329328.880000 3463475.880000 -3.126103 18.420000 5C4225714 9 -58 
1721810091845 1721810091866 21 329327.030000 3463475.840000 -3.110395 18.400000 5C4225714 9 -58 
1721810091904 1721810091921 17 329326.480000 3463475.820000 -3.110395 18.380000 5C4225714 9 -58 
1721810091960 1721810091984 24 329325.550000 3463475.790000 -3.110395 18.420000 5C4225714 9 -58 
1721810092015 1721810092033 18 329324.630000 3463475.760000 -3.097523 18.380000 5C4225714 9 -58 
1721810092070 1721810092094 24 329323.700000 3463475.720000 -3.097523 18.420000 5C4225714 9 -58 
1721810092126 1721810092150 24 329322.970000 3463475.690000 -3.097523 18.380000 5C4225714 9 -58 
1721810092181 1721810092198 17 329321.680000 3463475.620000 -3.097523 18.380000 5C4225714 9 -58 
1721810092236 1721810092252 16 329320.760000 3463475.570000 -3.078761 18.360000 5C4225714 9 -58 
1721810092292 1721810092307 15 329320.030000 3463475.520000 -3.078761 18.360000 5C4225714 9 -58 
1721810092347 1721810092367 20 329318.740000 3463475.440000 -3.078761 18.380000 5C4225714 9 -58 
1721810092402 1721810092419 17 329316.900000 3463475.320000 -3.063707 18.340000 5C4225714 9 -58 
1721810092458 1721810092476 18 329316.900000 3463475.320000 -3.063707 18.300000 5C4225714 9 -58 
1721810092513 1721810092531 18 329315.070000 3463475.180000 -3.063707 18.300000 5C4225714 9 -58 
1721810092569 1721810092587 18 329313.970000 3463475.090000 -3.063707 18.280000 5C4225714 9 -58 
1721810092624 1721810092641 17 329313.240000 3463475.020000 -3.047563 18.280000 5C4225714 9 -58 
1721810092680 1721810092695 15 329312.140000 3463474.920000 -3.047563 18.300000 5C4225714 9 -58 
1721810092735 1721810092761 26 329311.410000 3463474.850000 -3.047563 18.260000 5C4225714 9 -58 
1721810092790 1721810092810 20 329310.320000 3463474.750000 -3.047563 18.200000 5C4225714 9 -58 
1721810092846 1721810092866 20 329310.320000 3463474.750000 -3.047563 18.180000 5C4225714 9 -58 
1721810092901 1721810092930 29 329308.860000 3463474.600000 -3.033164 18.180000 5C4225714 9 -58 
1721810092956 1721810092973 17 329307.420000 3463474.430000 -3.033164 18.100000 5C4225714 9 -58 
1721810093011 1721810093028 17 329305.980000 3463474.270000 -3.018547 18.080000 5C4225714 9 -58 
1721810093066 1721810093083 17 329305.070000 3463474.160000 -3.018547 18.040000 5C4225714 9 -58 
1721810093122 1721810093142 20 329304.180000 3463474.040000 -3.018547 17.960000 5C4225714 9 -58 
1721810093182 1721810093201 19 329303.460000 3463473.950000 -3.018547 17.940000 5C4225714 9 -58 
1721810093237 1721810093255 18 329302.400000 3463473.810000 -3.004802 17.860000 5C4225714 9 -58 
1721810093293 1721810093316 23 329301.500000 3463473.700000 -3.004802 17.800000 5C4225714 9 -58 
1721810093348 1721810093366 18 329300.450000 3463473.550000 -3.004802 17.780000 5C4225714 9 -58 
1721810093403 1721810093420 17 329299.740000 3463473.450000 -3.004802 17.720000 5C4225714 9 -58 
1721810093459 1721810093479 20 329298.860000 3463473.320000 -2.992149 17.720000 5C4225714 9 -58 
1721810093514 1721810093533 19 329296.930000 3463473.030000 -2.992149 17.660000 5C4225714 9 -58 
1721810093570 1721810093588 18 329295.880000 3463472.870000 -2.992149 17.600000 5C4225714 9 -58 
1721810093625 1721810093643 18 329295.010000 3463472.740000 -2.981459 17.580000 5C4225714 9 -58 
1721810093680 1721810093697 17 329294.150000 3463472.600000 -2.981459 17.520000 5C4225714 9 -58 
1721810093736 1721810093752 16 329293.280000 3463472.440000 -2.981459 17.420000 5C4225714 9 -58 
1721810093791 1721810093808 17 329292.420000 3463472.300000 -2.981459 17.420000 5C4225714 9 -58 
1721810093846 1721810093863 17 329291.900000 3463472.210000 -2.967714 17.340000 5C4225714 9 -58 
1721810093902 1721810093917 15 329291.040000 3463472.070000 -2.967714 17.320000 5C4225714 9 -58 
1721810093958 1721810093976 18 329290.700000 3463472.010000 -2.967714 17.260000 5C4225714 9 -58 
1721810094013 1721810094031 18 329289.500000 3463471.800000 -2.967714 17.180000 5C4225714 9 -58 
1721810094069 1721810094085 16 329287.470000 3463471.420000 -2.956588 17.080000 5C4225714 9 -58 
1721810094124 1721810094151 27 329286.630000 3463471.250000 -2.956588 17.060000 5C4225714 9 -58 
1721810094180 1721810094201 21 329285.790000 3463471.090000 -2.956588 16.980000 5C4225714 9 -58 
1721810094235 1721810094255 20 329284.960000 3463470.930000 -2.944370 16.920000 5C4225714 9 -58 
1721810094290 1721810094316 26 329284.120000 3463470.760000 -2.944370 16.860000 5C4225714 9 -58 
1721810094345 1721810094365 20 329283.300000 3463470.590000 -2.944370 16.800000 5C4225714 9 -58 
1721810094401 1721810094419 18 329282.310000 3463470.390000 -2.944370 16.740000 5C4225714 9 -58 
1721810094456 1721810094480 24 329281.480000 3463470.220000 -2.932153 16.620000 5C4225714 9 -58 
1721810094512 1721810094536 24 329280.670000 3463470.040000 -2.932153 16.540000 5C4225714 9 -58 
1721810094567 1721810094589 22 329280.020000 3463469.910000 -2.932153 16.500000 5C4225714 9 -58 
1721810094622 1721810094638 16 329279.220000 3463469.720000 -2.932153 16.400000 5C4225714 9 -58 
1721810094683 1721810094702 19 329277.290000 3463469.300000 -2.921027 16.280000 5C4225714 9 -58 
1721810094738 1721810094757 19 329276.650000 3463469.150000 -2.921027 16.220000 5C4225714 9 -58 
1721810094793 1721810094822 29 329275.860000 3463468.980000 -2.921027 16.120000 5C4225714 9 -58 
1721810094849 1721810094876 27 329275.070000 3463468.790000 -2.909900 16.060000 5C4225714 9 -58 
1721810094904 1721810094920 16 329274.130000 3463468.570000 -2.909900 15.980000 5C4225714 9 -58 
1721810094960 1721810094980 20 329273.360000 3463468.390000 -2.909900 15.880000 5C4225714 9 -58 
1721810095015 1721810095034 19 329272.890000 3463468.270000 -2.909900 15.820000 5C4225714 9 -58 
1721810095071 1721810095094 23 329272.120000 3463468.090000 -2.904882 15.780000 5C4225714 9 -58 
1721810095126 1721810095143 17 329271.350000 3463467.900000 -2.904882 15.640000 5C4225714 9 -58 
1721810095181 1721810095204 23 329269.830000 3463467.520000 -2.904882 15.500000 5C4225714 9 -58 
1721810095237 1721810095253 16 329268.920000 3463467.310000 -2.893756 15.420000 5C4225714 9 -58 
1721810095292 1721810095307 15 329268.180000 3463467.120000 -2.893756 15.320000 5C4225714 9 -58 
1721810095351 1721810095375 24 329267.430000 3463466.920000 -2.893756 15.240000 5C4225714 9 -58 
1721810095406 1721810095423 17 329266.690000 3463466.730000 -2.893756 15.160000 5C4225714 9 -58 
1721810095461 1721810095479 18 329266.100000 3463466.590000 -2.885902 15.060000 5C4225714 9 -58 
1721810095517 1721810095535 18 329265.360000 3463466.400000 -2.885902 14.940000 5C4225714 9 -58 
1721810095572 1721810095592 20 329264.500000 3463466.170000 -2.885902 14.840000 5C4225714 9 -58 
1721810095627 1721810095648 21 329263.630000 3463465.950000 -2.880666 14.740000 5C4225714 9 -58 
1721810095683 1721810095703 20 329262.210000 3463465.580000 -2.880666 14.580000 5C4225714 9 -58 
1721810095738 1721810095757 19 329261.510000 3463465.390000 -2.880666 14.460000 5C4225714 9 -58 
1721810095794 1721810095810 16 329260.810000 3463465.210000 -2.877175 14.320000 5C4225714 9 -58 
1721810095849 1721810095867 18 329260.110000 3463465.020000 -2.877175 14.260000 5C4225714 9 -58 
1721810095904 1721810095921 17 329259.430000 3463464.840000 -2.877175 14.080000 5C4225714 9 -58 
1721810095960 1721810095980 20 329258.750000 3463464.670000 -2.877175 13.980000 5C4225714 9 -58 
1721810096015 1721810096041 26 329258.070000 3463464.490000 -2.876739 13.920000 5C4225714 9 -58 
1721810096070 1721810096090 20 329257.260000 3463464.270000 -2.876739 13.820000 5C4225714 9 -58 
1721810096126 1721810096152 26 329256.730000 3463464.130000 -2.876739 13.680000 5C4225714 9 -58 
1721810096181 1721810096197 16 329255.940000 3463463.930000 -2.876739 13.600000 5C4225714 9 -58 
1721810096236 1721810096256 20 329255.290000 3463463.750000 -2.874994 13.480000 5C4225714 9 -58 
1721810096292 1721810096309 17 329253.980000 3463463.400000 -2.874994 13.220000 5C4225714 9 -58 
1721810096347 1721810096363 16 329253.860000 3463463.370000 -2.874994 13.100000 5C4225714 9 -58 
1721810096403 1721810096423 20 329252.970000 3463463.130000 -2.874994 12.960000 5C4225714 9 -58 
1721810096458 1721810096477 19 329252.460000 3463463.010000 -2.875430 12.900000 5C4225714 9 -58 
