pub_time(ms) sub_time(ms) delay(ms) utmX(m) utmY(m) heading(rad) velocity(m/s) cellid(db) sinr(db) rsrp(db)
1721809874591 1721809874633 42 329238.550000 3463454.370000 0.452258 4.420000 5C4225714 12 -64 
1721809874651 1721809874668 17 329238.720000 3463454.450000 0.452913 4.560000 5C4225714 12 -64 
1721809874707 1721809874728 21 329239.020000 3463454.590000 0.452913 4.800000 5C4225714 12 -64 
1721809874763 1721809874782 19 329239.280000 3463454.700000 0.452913 4.960000 5C4225714 12 -64 
1721809874817 1721809874837 20 329239.380000 3463454.750000 0.452913 5.160000 5C4225714 12 -64 
1721809874872 1721809874888 16 329239.710000 3463454.900000 0.449859 5.320000 5C4225714 12 -64 
1721809874927 1721809874947 20 329239.710000 3463454.900000 0.449859 5.540000 5C4225714 12 -64 
1721809874983 1721809875001 18 329240.320000 3463455.180000 0.449859 5.880000 5C4225714 12 -64 
1721809875038 1721809875055 17 329240.750000 3463455.370000 0.446368 6.040000 5C4225714 12 -64 
1721809875093 1721809875110 17 329241.030000 3463455.500000 0.446368 6.280000 5C4225714 12 -64 
1721809875148 1721809875163 15 329241.380000 3463455.650000 0.446368 6.420000 5C4225714 12 -64 
1721809875203 1721809875221 18 329241.670000 3463455.790000 0.446368 6.680000 5C4225714 12 -64 
1721809875258 1721809875283 25 329241.980000 3463455.920000 0.445059 6.800000 5C4225714 12 -64 
1721809875313 1721809875332 19 329242.360000 3463456.100000 0.445059 6.940000 5C4225714 12 -64 
1721809875368 1721809875386 18 329242.690000 3463456.230000 0.445059 7.160000 5C4225714 12 -64 
1721809875423 1721809875441 18 329242.880000 3463456.320000 0.445059 7.380000 5C4225714 12 -64 
1721809875478 1721809875496 18 329243.230000 3463456.470000 0.440914 7.520000 5C4225714 12 -64 
1721809875533 1721809875551 18 329243.580000 3463456.630000 0.440914 7.720000 5C4225714 12 -64 
1721809875588 1721809875606 18 329244.380000 3463456.960000 0.440914 8.220000 5C4225714 12 -64 
1721809875643 1721809875661 18 329244.750000 3463457.130000 0.435896 8.460000 5C4225714 12 -64 
1721809875698 1721809875717 19 329245.060000 3463457.260000 0.435896 8.540000 5C4225714 12 -64 
1721809875761 1721809875781 20 329245.450000 3463457.420000 0.435896 8.640000 5C4225714 12 -64 
1721809875816 1721809875834 18 329245.850000 3463457.580000 0.435896 8.820000 5C4225714 12 -64 
1721809875871 1721809875897 26 329246.260000 3463457.750000 0.424115 8.940000 5C4225714 12 -64 
1721809875926 1721809875943 17 329246.680000 3463457.920000 0.424115 9.180000 5C4225714 12 -64 
1721809875981 1721809875997 16 329247.020000 3463458.050000 0.424115 9.320000 5C4225714 12 -64 
1721809876036 1721809876055 19 329247.640000 3463458.280000 0.424115 9.720000 5C4225714 12 -64 
1721809876091 1721809876109 18 329248.170000 3463458.500000 0.407098 9.840000 5C4225714 12 -64 
1721809876146 1721809876163 17 329248.540000 3463458.630000 0.407098 10.040000 5C4225714 12 -64 
1721809876202 1721809876222 20 329249.570000 3463459.020000 0.394444 10.260000 5C4225714 12 -64 
1721809876256 1721809876276 20 329250.050000 3463459.210000 0.394444 10.480000 5C4225714 12 -64 
1721809876311 1721809876329 18 329250.050000 3463459.210000 0.394444 10.640000 5C4225714 12 -64 
1721809876366 1721809876382 16 329250.940000 3463459.530000 0.394444 10.820000 5C4225714 12 -64 
1721809876421 1721809876441 20 329251.460000 3463459.700000 0.394444 11.020000 5C4225714 12 -64 
1721809876476 1721809876494 18 329251.980000 3463459.890000 0.376337 11.160000 5C4225714 12 -64 
1721809876531 1721809876547 16 329252.610000 3463460.110000 0.376337 11.380000 5C4225714 12 -64 
1721809876586 1721809876606 20 329253.040000 3463460.250000 0.376337 11.600000 5C4225714 12 -64 
1721809876641 1721809876659 18 329253.690000 3463460.470000 0.358229 11.740000 5C4225714 12 -64 
1721809876696 1721809876712 16 329254.360000 3463460.690000 0.358229 11.800000 5C4225714 12 -64 
1721809876776 1721809876792 16 329255.490000 3463461.050000 0.358229 12.100000 5C4225714 12 -64 
1721809876845 1721809876864 19 329256.190000 3463461.260000 0.340994 12.260000 5C4225714 12 -64 
1721809876899 1721809876927 28 329257.260000 3463461.600000 0.340994 12.620000 5C4225714 12 -64 
1721809877030 1721809877051 21 329258.230000 3463461.880000 0.340994 12.860000 5C4225714 12 -64 
1721809877101 1721809877125 24 329259.100000 3463462.130000 0.323977 12.940000 5C4225714 12 -64 
1721809877166 1721809877186 20 329260.350000 3463462.490000 0.323977 13.200000 5C4225714 12 -64 
1721809877364 1721809877382 18 329263.070000 3463463.240000 0.306087 13.620000 5C4225714 12 -64 
1721809877440 1721809877465 25 329263.330000 3463463.320000 0.306087 13.720000 5C4225714 12 -64 
1721809877571 1721809877589 18 329265.610000 3463463.920000 0.294088 13.940000 5C4225714 12 -68 
1721809877631 1721809877650 19 329266.290000 3463464.100000 0.284489 14.020000 5C4225714 12 -68 
1721809877696 1721809877716 20 329267.110000 3463464.320000 0.284489 14.080000 5C4225714 12 -68 
1721809877823 1721809877842 19 329269.180000 3463464.840000 0.272271 14.300000 5C4225714 12 -68 
1721809877888 1721809877904 16 329270.020000 3463465.050000 0.272271 14.380000 5C4225714 12 -68 
1721809877959 1721809877975 16 329270.720000 3463465.220000 0.272271 14.440000 5C4225714 10 -68 
1721809878028 1721809878046 18 329271.700000 3463465.450000 0.262890 14.600000 5C4225714 10 -68 
1721809878101 1721809878121 20 329272.550000 3463465.660000 0.262890 14.660000 5C4225714 10 -68 
1721809878180 1721809878205 25 329273.840000 3463465.960000 0.262890 14.820000 5C4225714 10 -68 
1721809878239 1721809878256 17 329274.850000 3463466.190000 0.251546 14.860000 5C4225714 10 -68 
1721809878318 1721809878337 19 329275.580000 3463466.360000 0.251546 14.960000 5C4225714 10 -68 
1721809878383 1721809878403 20 329277.200000 3463466.710000 0.251546 15.120000 5C4225714 10 -68 
1721809878438 1721809878459 21 329277.930000 3463466.870000 0.237801 15.220000 5C4225714 10 -68 
1721809878574 1721809878589 15 329280.190000 3463467.330000 0.237801 15.520000 5C4225714 10 -68 
1721809878641 1721809878659 18 329280.800000 3463467.460000 0.223838 15.580000 5C4225714 10 -68 
1721809878709 1721809878724 15 329281.560000 3463467.610000 0.223838 15.640000 5C4225714 10 -68 
1721809878780 1721809878796 16 329283.260000 3463467.940000 0.223838 15.880000 5C4225714 10 -68 
1721809878884 1721809878901 17 329284.830000 3463468.220000 0.211185 16.060000 5C4225714 10 -68 
1721809878958 1721809878978 20 329285.770000 3463468.400000 0.211185 16.140000 5C4225714 10 -68 
1721809879033 1721809879049 16 329287.370000 3463468.680000 0.200277 16.260000 5C4225714 10 -68 
1721809879101 1721809879117 16 329288.330000 3463468.830000 0.200277 16.340000 5C4225714 10 -68 
1721809879171 1721809879189 18 329288.980000 3463468.940000 0.200277 16.440000 5C4225714 10 -68 
1721809879246 1721809879264 18 329290.440000 3463469.160000 0.180860 16.580000 5C4225714 10 -68 
1721809879305 1721809879325 20 329291.270000 3463469.290000 0.180860 16.640000 5C4225714 10 -68 
1721809879391 1721809879410 19 329293.090000 3463469.550000 0.180860 16.780000 5C4225714 10 -68 
1721809879460 1721809879476 16 329293.930000 3463469.670000 0.166897 16.860000 5C4225714 10 -68 
1721809879531 1721809879547 16 329295.770000 3463469.910000 0.166897 16.920000 5C4225714 10 -68 
1721809879595 1721809879620 25 329296.610000 3463470.020000 0.147698 17.000000 5C4225714 10 -68 
1721809879661 1721809879681 20 329297.290000 3463470.090000 0.147698 17.080000 5C4225714 10 -68 
1721809879728 1721809879746 18 329298.480000 3463470.230000 0.147698 17.180000 5C4225714 10 -68 
1721809879798 1721809879824 26 329299.680000 3463470.350000 0.147698 17.300000 5C4225714 10 -68 
1721809879866 1721809879885 19 329300.710000 3463470.460000 0.127627 17.360000 5C4225714 10 -68 
1721809879936 1721809879952 16 329302.260000 3463470.600000 0.127627 17.480000 5C4225714 10 -68 
1721809880002 1721809880019 17 329302.790000 3463470.650000 0.127627 17.520000 5C4225714 10 -68 
1721809880070 1721809880090 20 329304.190000 3463470.760000 0.107338 17.600000 5C4225714 10 -68 
1721809880135 1721809880152 17 329306.300000 3463470.890000 0.107338 17.720000 5C4225714 10 -68 
1721809880203 1721809880223 20 329307.180000 3463470.930000 0.083121 17.760000 5C4225714 10 -68 
1721809880270 1721809880289 19 329307.730000 3463470.960000 0.083121 17.780000 5C4225714 10 -68 
1721809880345 1721809880366 21 329309.500000 3463471.030000 0.083121 17.800000 5C4225714 10 -68 
1721809880435 1721809880460 25 329310.390000 3463471.050000 0.083121 17.880000 5C4225714 10 -68 
1721809880553 1721809880572 19 329313.270000 3463471.070000 0.052142 18.040000 5C4225714 10 -68 
1721809880620 1721809880637 17 329314.350000 3463471.060000 0.021598 18.040000 5C4225714 10 -68 
1721809880690 1721809880708 18 329315.970000 3463471.030000 0.021598 18.040000 5C4225714 10 -68 
1721809880756 1721809880776 20 329317.050000 3463470.990000 0.021598 18.060000 5C4225714 10 -68 
1721809880826 1721809880841 15 329318.130000 3463470.950000 -0.009381 18.060000 5C4225714 10 -68 
1721809880891 1721809880907 16 329319.050000 3463470.920000 -0.009381 18.100000 5C4225714 10 -68 
1721809880957 1721809880973 16 329320.490000 3463470.830000 -0.009381 18.120000 5C4225714 10 -68 
1721809881025 1721809881046 21 329321.220000 3463470.780000 -0.009381 18.120000 5C4225714 10 -68 
1721809881096 1721809881113 17 329323.390000 3463470.620000 -0.039924 18.180000 5C4225714 10 -68 
1721809881161 1721809881179 18 329324.120000 3463470.560000 -0.039924 18.180000 5C4225714 10 -68 
1721809881229 1721809881257 28 329325.020000 3463470.470000 -0.064795 18.200000 5C4225714 10 -68 
1721809881299 1721809881320 21 329327.200000 3463470.250000 -0.064795 18.220000 5C4225714 10 -68 
1721809881371 1721809881391 20 329327.750000 3463470.190000 -0.064795 18.240000 5C4225714 10 -68 
1721809881435 1721809881454 19 329329.010000 3463470.040000 -0.091412 18.240000 5C4225714 10 -68 
1721809881503 1721809881520 17 329330.280000 3463469.890000 -0.091412 18.280000 5C4225714 10 -68 
1721809881592 1721809881612 20 329331.560000 3463469.730000 -0.091412 18.320000 5C4225714 10 -68 
1721809881704 1721809881722 18 329334.280000 3463469.340000 -0.110610 18.360000 5C4225714 10 -68 
1721809881770 1721809881786 16 329335.380000 3463469.180000 -0.110610 18.360000 5C4225714 10 -68 
1721809881838 1721809881857 19 329336.280000 3463469.040000 -0.131554 18.380000 5C4225714 10 -68 
1721809881903 1721809881921 18 329337.190000 3463468.890000 -0.131554 18.400000 5C4225714 10 -68 
1721809882035 1721809882052 17 329340.100000 3463468.410000 -0.149007 18.420000 5C4225714 10 -68 
1721809882106 1721809882122 16 329341.380000 3463468.190000 -0.149007 18.440000 5C4225714 10 -68 
1721809882183 1721809882198 15 329342.470000 3463468.000000 -0.149007 18.460000 5C4225714 10 -68 
1721809882243 1721809882265 22 329343.560000 3463467.800000 -0.159698 18.480000 5C4225714 10 -68 
1721809882328 1721809882344 16 329345.390000 3463467.460000 -0.159698 18.520000 5C4225714 10 -68 
1721809882412 1721809882432 20 329347.390000 3463467.080000 -0.171479 18.560000 5C4225714 10 -68 
1721809882483 1721809882503 20 329348.130000 3463466.950000 -0.171479 18.580000 5C4225714 10 -68 
1721809882552 1721809882571 19 329349.400000 3463466.700000 -0.171479 18.600000 5C4225714 10 -68 
1721809882622 1721809882642 20 329351.230000 3463466.320000 -0.182605 18.600000 5C4225714 10 -68 
1721809882687 1721809882708 21 329351.960000 3463466.180000 -0.182605 18.600000 5C4225714 10 -68 
1721809882747 1721809882764 17 329352.690000 3463466.020000 -0.182605 18.620000 5C4225714 10 -68 
1721809882821 1721809882840 19 329354.520000 3463465.650000 -0.190459 18.680000 5C4225714 10 -68 
1721809882894 1721809882912 18 329355.440000 3463465.460000 -0.190459 18.700000 5C4225714 10 -68 
1721809882959 1721809882977 18 329356.350000 3463465.260000 -0.190459 18.700000 5C4225714 10 -68 
1721809883032 1721809883052 20 329357.630000 3463464.990000 -0.190459 18.700000 5C4225714 10 -68 
1721809883107 1721809883124 17 329358.730000 3463464.750000 -0.198313 18.720000 5C4225714 10 -68 
1721809883179 1721809883195 16 329361.290000 3463464.190000 -0.198313 18.740000 5C4225714 10 -68 
1721809883251 1721809883271 20 329362.220000 3463463.980000 -0.202895 18.740000 5C4225714 10 -68 
1721809883318 1721809883336 18 329363.130000 3463463.790000 -0.202895 18.780000 5C4225714 10 -68 
1721809883393 1721809883413 20 329364.970000 3463463.380000 -0.202895 18.800000 5C4225714 10 -68 
1721809883464 1721809883481 17 329365.700000 3463463.220000 -0.206167 18.800000 5C4225714 10 -68 
1721809883567 1721809883586 19 329367.180000 3463462.890000 -0.206167 18.840000 5C4225714 10 -68 
1721809883622 1721809883640 18 329369.390000 3463462.400000 -0.206167 18.860000 5C4225714 10 -68 
1721809883709 1721809883734 25 329370.310000 3463462.200000 -0.206167 18.880000 5C4225714 10 -68 
1721809883815 1721809883834 19 329372.340000 3463461.740000 -0.206167 18.920000 5C4225714 10 -68 
1721809883897 1721809883915 18 329374.380000 3463461.290000 -0.209221 18.940000 5C4225714 10 -68 
1721809884009 1721809884024 15 329376.050000 3463460.920000 -0.209221 18.960000 5C4225714 10 -68 
1721809884090 1721809884107 17 329377.720000 3463460.550000 -0.205513 19.000000 5C4225714 10 -68 
1721809884159 1721809884177 18 329378.650000 3463460.340000 -0.205513 19.000000 5C4225714 10 -68 
1721809884231 1721809884254 23 329379.950000 3463460.060000 -0.203331 19.020000 5C4225714 10 -68 
1721809884304 1721809884324 20 329381.450000 3463459.730000 -0.203331 19.020000 5C4225714 10 -68 
1721809884375 1721809884401 26 329382.380000 3463459.530000 -0.203331 19.060000 5C4225714 10 -68 
1721809884449 1721809884466 17 329384.620000 3463459.040000 -0.201804 19.080000 5C4225714 10 -68 
1721809884519 1721809884537 18 329385.560000 3463458.820000 -0.201804 19.080000 5C4225714 10 -68 
1721809884590 1721809884608 18 329387.610000 3463458.370000 -0.205076 19.100000 5C4225714 10 -68 
1721809884662 1721809884679 17 329388.550000 3463458.170000 -0.205076 19.120000 5C4225714 10 -68 
1721809884736 1721809884755 19 329390.240000 3463457.790000 -0.205076 19.140000 5C4225714 10 -68 
1721809884807 1721809884824 17 329390.990000 3463457.630000 -0.205076 19.180000 5C4225714 10 -68 
1721809884881 1721809884901 20 329391.940000 3463457.420000 -0.204422 19.180000 5C4225714 10 -68 
1721809884949 1721809884974 25 329393.810000 3463457.020000 -0.204422 19.220000 5C4225714 10 -68 
1721809885020 1721809885041 21 329394.940000 3463456.760000 -0.203767 19.220000 5C4225714 10 -68 
1721809885090 1721809885109 19 329396.820000 3463456.350000 -0.203767 19.240000 5C4225714 10 -68 
1721809885144 1721809885165 21 329397.200000 3463456.260000 -0.203767 19.260000 5C4225714 10 -68 
1721809885236 1721809885257 21 329399.470000 3463455.770000 -0.202240 19.320000 5C4225714 10 -68 
1721809885305 1721809885323 18 329400.600000 3463455.530000 -0.202240 19.340000 5C4225714 10 -68 
1721809885376 1721809885396 20 329401.740000 3463455.280000 -0.202240 19.340000 5C4225714 10 -68 
1721809885444 1721809885462 18 329403.260000 3463454.950000 -0.199186 19.380000 5C4225714 10 -68 
1721809885515 1721809885532 17 329404.020000 3463454.800000 -0.199186 19.380000 5C4225714 10 -68 
1721809885590 1721809885608 18 329406.100000 3463454.350000 -0.199186 19.400000 5C4225714 10 -68 
1721809885662 1721809885679 17 329407.250000 3463454.100000 -0.197877 19.420000 5C4225714 10 -68 
1721809885732 1721809885757 25 329408.200000 3463453.900000 -0.197877 19.420000 5C4225714 10 -68 
1721809885804 1721809885824 20 329409.910000 3463453.540000 -0.197877 19.420000 5C4225714 10 -68 
1721809885887 1721809885905 18 329411.260000 3463453.250000 -0.197440 19.460000 5C4225714 10 -68 
1721809885973 1721809885991 18 329413.160000 3463452.840000 -0.197440 19.480000 5C4225714 10 -68 
1721809886043 1721809886062 19 329415.270000 3463452.400000 -0.197440 19.520000 5C4225714 10 -68 
1721809886115 1721809886133 18 329416.230000 3463452.190000 -0.197440 19.520000 5C4225714 10 -68 
1721809886187 1721809886204 17 329417.000000 3463452.030000 -0.197440 19.480000 5C4225714 10 -68 
1721809886262 1721809886279 17 329418.520000 3463451.700000 -0.197440 19.480000 5C4225714 10 -68 
1721809886321 1721809886337 16 329419.860000 3463451.420000 -0.197440 19.480000 5C4225714 10 -68 
1721809886407 1721809886424 17 329421.590000 3463451.060000 -0.197004 19.500000 5C4225714 10 -68 
1721809886480 1721809886497 17 329422.750000 3463450.810000 -0.197004 19.500000 5C4225714 10 -68 
1721809886546 1721809886566 20 329423.320000 3463450.690000 -0.197004 19.540000 5C4225714 10 -68 
1721809886613 1721809886633 20 329425.800000 3463450.170000 -0.193295 19.540000 5C4225714 10 -68 
1721809886680 1721809886697 17 329426.390000 3463450.050000 -0.193295 19.520000 5C4225714 10 -68 
1721809886748 1721809886775 27 329427.920000 3463449.730000 -0.193295 19.520000 5C4225714 10 -68 
1721809886817 1721809886839 22 329429.450000 3463449.410000 -0.192859 19.520000 5C4225714 10 -68 
1721809886887 1721809886909 22 329430.410000 3463449.210000 -0.192859 19.520000 5C4225714 10 -68 
1721809886978 1721809886997 19 329432.330000 3463448.820000 -0.192859 19.540000 5C4225714 10 -68 
1721809887071 1721809887097 26 329434.060000 3463448.450000 -0.191550 19.560000 5C4225714 10 -68 
1721809887141 1721809887163 22 329435.410000 3463448.180000 -0.191550 19.580000 5C4225714 10 -68 
1721809887212 1721809887229 17 329437.320000 3463447.780000 -0.191332 19.580000 5C4225714 10 -68 
1721809887283 1721809887303 20 329438.090000 3463447.620000 -0.191332 19.520000 5C4225714 10 -68 
1721809887356 1721809887374 18 329440.400000 3463447.140000 -0.191332 19.540000 5C4225714 10 -68 
1721809887411 1721809887429 18 329440.970000 3463447.020000 -0.190895 19.540000 5C4225714 10 -68 
1721809887491 1721809887510 19 329441.940000 3463446.830000 -0.190895 19.560000 5C4225714 10 -68 
1721809887571 1721809887591 20 329443.850000 3463446.420000 -0.190895 19.580000 5C4225714 10 -68 
1721809887691 1721809887709 18 329445.780000 3463446.020000 -0.191768 19.580000 5C4225714 10 -68 
1721809887790 1721809887814 24 329447.320000 3463445.700000 -0.191768 19.580000 5C4225714 10 -68 
1721809887860 1721809887882 22 329449.810000 3463445.170000 -0.195477 19.600000 5C4225714 10 -68 
1721809887933 1721809887959 26 329450.770000 3463444.970000 -0.195477 19.580000 5C4225714 10 -68 
1721809887999 1721809888017 18 329451.930000 3463444.720000 -0.195477 19.600000 5C4225714 10 -68 
1721809888071 1721809888091 20 329453.850000 3463444.310000 -0.195695 19.620000 5C4225714 10 -68 
1721809888139 1721809888156 17 329454.610000 3463444.150000 -0.195695 19.600000 5C4225714 10 -68 
1721809888212 1721809888227 15 329455.770000 3463443.900000 -0.195695 19.600000 5C4225714 10 -68 
1721809888287 1721809888304 17 329457.890000 3463443.450000 -0.198095 19.580000 5C4225714 10 -68 
1721809888367 1721809888389 22 329459.800000 3463443.040000 -0.198095 19.600000 5C4225714 10 -68 
1721809888438 1721809888459 21 329460.380000 3463442.920000 -0.200277 19.600000 5C4225714 10 -68 
1721809888517 1721809888541 24 329462.310000 3463442.510000 -0.200277 19.620000 5C4225714 10 -68 
1721809888572 1721809888591 19 329463.070000 3463442.340000 -0.200277 19.620000 5C4225714 10 -68 
1721809888661 1721809888681 20 329464.420000 3463442.050000 -0.198313 19.620000 5C4225714 10 -68 
1721809888733 1721809888755 22 329466.340000 3463441.630000 -0.198313 19.620000 5C4225714 10 -68 
1721809888809 1721809888825 16 329467.490000 3463441.380000 -0.198313 19.620000 5C4225714 10 -68 
1721809888929 1721809888949 20 329470.180000 3463440.790000 -0.200713 19.620000 5C4225714 10 -68 
1721809888984 1721809889003 19 329471.340000 3463440.550000 -0.200713 19.620000 5C4225714 10 -68 
1721809889064 1721809889081 17 329472.500000 3463440.300000 -0.201804 19.640000 5C4225714 10 -68 
1721809889160 1721809889177 17 329474.420000 3463439.880000 -0.201804 19.640000 5C4225714 10 -68 
1721809889230 1721809889257 27 329475.950000 3463439.550000 -0.200495 19.660000 5C4225714 10 -68 
1721809889299 1721809889321 22 329476.920000 3463439.340000 -0.200495 19.660000 5C4225714 10 -68 
1721809889368 1721809889387 19 329477.890000 3463439.140000 -0.200495 19.660000 5C4225714 10 -68 
1721809889439 1721809889458 19 329480.010000 3463438.670000 -0.199404 19.660000 5C4225714 10 -68 
1721809889507 1721809889531 24 329480.970000 3463438.470000 -0.199404 19.640000 5C4225714 10 -68 
1721809889579 1721809889601 22 329482.700000 3463438.100000 -0.199404 19.660000 5C4225714 10 -68 
1721809889648 1721809889665 17 329483.280000 3463437.960000 -0.199186 19.660000 5C4225714 10 -68 
1721809889719 1721809889736 17 329485.020000 3463437.590000 -0.199186 19.640000 5C4225714 10 -68 
1721809889775 1721809889793 18 329485.780000 3463437.420000 -0.199186 19.660000 5C4225714 10 -68 
1721809889862 1721809889885 23 329488.100000 3463436.930000 -0.198313 19.660000 5C4225714 10 -68 
1721809889936 1721809889958 22 329489.450000 3463436.640000 -0.198313 19.660000 5C4225714 10 -68 
1721809890004 1721809890024 20 329490.600000 3463436.390000 -0.198313 19.700000 5C4225714 10 -68 
1721809890075 1721809890097 22 329491.570000 3463436.190000 -0.198313 19.660000 5C4225714 10 -68 
1721809890143 1721809890163 20 329493.120000 3463435.860000 -0.198313 19.660000 5C4225714 10 -68 
1721809890212 1721809890229 17 329494.660000 3463435.530000 -0.197440 19.660000 5C4225714 10 -68 
1721809890283 1721809890303 20 329496.590000 3463435.120000 -0.197440 19.640000 5C4225714 10 -68 
1721809890354 1721809890373 19 329496.970000 3463435.040000 -0.197440 19.620000 5C4225714 10 -68 
1721809890419 1721809890438 19 329498.700000 3463434.670000 -0.194386 19.580000 5C4225714 10 -68 
1721809890490 1721809890513 23 329500.630000 3463434.270000 -0.194386 19.560000 5C4225714 10 -68 
1721809890557 1721809890577 20 329501.580000 3463434.060000 -0.194386 19.520000 5C4225714 10 -68 
1721809890627 1721809890647 20 329502.150000 3463433.940000 -0.194386 19.500000 5C4225714 10 -68 
1721809890695 1721809890712 17 329504.080000 3463433.530000 -0.194386 19.460000 5C4225714 10 -68 
1721809890767 1721809890783 16 329505.220000 3463433.290000 -0.194386 19.460000 5C4225714 10 -68 
1721809890839 1721809890858 19 329507.130000 3463432.900000 -0.194386 19.400000 5C4225714 10 -68 
1721809890911 1721809890936 25 329508.070000 3463432.700000 -0.194386 19.300000 5C4225714 10 -68 
1721809890970 1721809890993 23 329509.020000 3463432.500000 -0.194386 19.280000 5C4225714 10 -68 
1721809891120 1721809891137 17 329512.050000 3463431.890000 -0.191986 19.220000 5C4225714 10 -68 
1721809891190 1721809891211 21 329512.990000 3463431.680000 -0.191986 19.180000 5C4225714 10 -68 
1721809891260 1721809891283 23 329514.880000 3463431.300000 -0.191550 19.140000 5C4225714 10 -68 
1721809891343 1721809891361 18 329516.000000 3463431.070000 -0.191550 19.080000 5C4225714 10 -68 
1721809891416 1721809891439 23 329517.870000 3463430.680000 -0.187623 19.020000 5C4225714 10 -68 
1721809891480 1721809891500 20 329518.440000 3463430.570000 -0.187623 18.960000 5C4225714 10 -68 
1721809891549 1721809891566 17 329520.300000 3463430.190000 -0.187623 18.900000 5C4225714 10 -68 
1721809891604 1721809891627 23 329521.410000 3463429.960000 -0.188714 18.840000 5C4225714 10 -68 
1721809891661 1721809891683 22 329522.160000 3463429.800000 -0.188714 18.860000 5C4225714 10 -68 
1721809891716 1721809891733 17 329523.260000 3463429.570000 -0.188714 18.820000 5C4225714 10 -68 
1721809891771 1721809891789 18 329524.180000 3463429.390000 -0.188714 18.780000 5C4225714 10 -68 
1721809891826 1721809891846 20 329525.100000 3463429.200000 -0.189586 18.780000 5C4225714 10 -68 
1721809891881 1721809891905 24 329526.210000 3463428.970000 -0.189586 18.740000 5C4225714 10 -68 
1721809891939 1721809891957 18 329526.950000 3463428.830000 -0.189586 18.740000 5C4225714 10 -68 
1721809891994 1721809892013 19 329528.050000 3463428.600000 -0.189586 18.720000 5C4225714 10 -68 
1721809892049 1721809892067 18 329528.960000 3463428.410000 -0.188714 18.720000 5C4225714 10 -68 
1721809892104 1721809892121 17 329530.800000 3463428.030000 -0.188714 18.620000 5C4225714 10 -68 
1721809892159 1721809892178 19 329531.900000 3463427.800000 -0.188714 18.620000 5C4225714 10 -68 
1721809892220 1721809892241 21 329532.640000 3463427.660000 -0.188059 18.620000 5C4225714 10 -61 
1721809892275 1721809892292 17 329533.740000 3463427.430000 -0.188059 18.620000 5C4225714 8 -61 
1721809892331 1721809892347 16 329534.290000 3463427.320000 -0.188059 18.600000 5C4225714 8 -61 
1721809892386 1721809892403 17 329535.200000 3463427.130000 -0.188059 18.600000 5C4225714 8 -61 
1721809892443 1721809892458 15 329536.290000 3463426.910000 -0.188059 18.560000 5C4225714 8 -61 
1721809892498 1721809892516 18 329537.210000 3463426.720000 -0.188059 18.560000 5C4225714 8 -61 
1721809892553 1721809892572 19 329538.110000 3463426.530000 -0.188059 18.480000 5C4225714 8 -61 
1721809892607 1721809892628 21 329538.840000 3463426.380000 -0.188059 18.480000 5C4225714 8 -61 
1721809892664 1721809892691 27 329540.840000 3463425.970000 -0.190023 18.460000 5C4225714 8 -61 
1721809892720 1721809892737 17 329541.930000 3463425.750000 -0.190023 18.480000 5C4225714 8 -61 
1721809892775 1721809892790 15 329542.650000 3463425.600000 -0.190023 18.460000 5C4225714 8 -61 
1721809892834 1721809892850 16 329543.730000 3463425.370000 -0.190677 18.460000 5C4225714 8 -61 
1721809892889 1721809892905 16 329544.820000 3463425.150000 -0.190677 18.420000 5C4225714 8 -61 
1721809892945 1721809892965 20 329545.540000 3463425.000000 -0.190677 18.400000 5C4225714 8 -61 
1721809893002 1721809893025 23 329546.620000 3463424.770000 -0.190677 18.340000 5C4225714 8 -61 
1721809893057 1721809893077 20 329547.350000 3463424.630000 -0.190677 18.300000 5C4225714 8 -61 
1721809893112 1721809893136 24 329547.350000 3463424.630000 -0.190677 18.280000 5C4225714 8 -61 
1721809893167 1721809893191 24 329549.860000 3463424.100000 -0.190677 18.280000 5C4225714 8 -61 
1721809893223 1721809893247 24 329550.760000 3463423.920000 -0.193732 18.280000 5C4225714 8 -61 
1721809893286 1721809893305 19 329551.840000 3463423.690000 -0.193732 18.280000 5C4225714 8 -61 
1721809893345 1721809893363 18 329552.740000 3463423.500000 -0.193732 18.240000 5C4225714 8 -61 
1721809893400 1721809893420 20 329553.630000 3463423.300000 -0.193732 18.240000 5C4225714 8 -61 
1721809893455 1721809893475 20 329554.520000 3463423.110000 -0.193732 18.200000 5C4225714 8 -61 
1721809893510 1721809893535 25 329555.600000 3463422.880000 -0.193732 18.200000 5C4225714 8 -61 
1721809893566 1721809893584 18 329556.490000 3463422.700000 -0.193732 18.180000 5C4225714 8 -61 
1721809893620 1721809893641 21 329558.280000 3463422.320000 -0.196568 18.120000 5C4225714 8 -61 
1721809893676 1721809893693 17 329558.640000 3463422.250000 -0.196568 18.120000 5C4225714 8 -61 
1721809893732 1721809893748 16 329560.230000 3463421.910000 -0.196568 18.120000 5C4225714 8 -61 
1721809893787 1721809893810 23 329560.930000 3463421.760000 -0.196568 18.060000 5C4225714 8 -61 
1721809893843 1721809893865 22 329562.010000 3463421.530000 -0.196131 18.060000 5C4225714 8 -61 
1721809893898 1721809893915 17 329562.890000 3463421.350000 -0.196131 18.000000 5C4225714 8 -61 
1721809893954 1721809893971 17 329563.770000 3463421.150000 -0.196131 17.980000 5C4225714 8 -61 
1721809894009 1721809894027 18 329564.300000 3463421.040000 -0.196131 17.940000 5C4225714 8 -61 
1721809894065 1721809894085 20 329565.010000 3463420.890000 -0.197877 17.920000 5C4225714 8 -61 
1721809894120 1721809894139 19 329566.070000 3463420.660000 -0.197877 17.880000 5C4225714 8 -61 
1721809894198 1721809894217 19 329567.990000 3463420.250000 -0.197877 17.820000 5C4225714 8 -61 
1721809894252 1721809894269 17 329568.870000 3463420.060000 -0.198531 17.760000 5C4225714 8 -61 
1721809894309 1721809894326 17 329569.740000 3463419.870000 -0.198531 17.720000 5C4225714 8 -61 
1721809894364 1721809894382 18 329570.260000 3463419.760000 -0.198531 17.680000 5C4225714 8 -61 
1721809894424 1721809894443 19 329571.640000 3463419.460000 -0.200058 17.620000 5C4225714 8 -61 
1721809894479 1721809894499 20 329573.360000 3463419.090000 -0.200058 17.500000 5C4225714 8 -61 
1721809894534 1721809894554 20 329574.220000 3463418.900000 -0.200058 17.460000 5C4225714 8 -61 
1721809894589 1721809894608 19 329574.900000 3463418.760000 -0.200058 17.380000 5C4225714 8 -61 
1721809894645 1721809894662 17 329576.110000 3463418.490000 -0.201804 17.360000 5C4225714 8 -61 
1721809894700 1721809894718 18 329576.780000 3463418.350000 -0.201804 17.320000 5C4225714 8 -61 
1721809894755 1721809894771 16 329577.450000 3463418.190000 -0.201804 17.280000 5C4225714 8 -61 
1721809894810 1721809894829 19 329578.300000 3463418.010000 -0.201804 17.240000 5C4225714 8 -61 
1721809894866 1721809894883 17 329579.150000 3463417.820000 -0.201804 17.180000 5C4225714 8 -61 
1721809894921 1721809894942 21 329579.660000 3463417.710000 -0.201804 17.120000 5C4225714 8 -61 
1721809894977 1721809894993 16 329580.830000 3463417.460000 -0.201804 17.080000 5C4225714 8 -61 
1721809895032 1721809895049 17 329581.670000 3463417.270000 -0.201804 17.060000 5C4225714 8 -61 
1721809895087 1721809895103 16 329583.510000 3463416.880000 -0.202895 16.940000 5C4225714 8 -61 
1721809895142 1721809895163 21 329584.330000 3463416.680000 -0.202895 16.920000 5C4225714 8 -61 
1721809895198 1721809895218 20 329585.160000 3463416.510000 -0.202458 16.840000 5C4225714 8 -61 
1721809895253 1721809895272 19 329585.990000 3463416.330000 -0.202458 16.840000 5C4225714 8 -61 
1721809895308 1721809895326 18 329586.970000 3463416.110000 -0.202458 16.760000 5C4225714 8 -61 
1721809895364 1721809895387 23 329587.630000 3463415.970000 -0.202458 16.740000 5C4225714 8 -61 
1721809895419 1721809895435 16 329588.610000 3463415.750000 -0.203331 16.740000 5C4225714 8 -61 
1721809895485 1721809895504 19 329589.430000 3463415.560000 -0.203331 16.620000 5C4225714 8 -61 
1721809895540 1721809895556 16 329590.730000 3463415.270000 -0.203331 16.520000 5C4225714 8 -61 
1721809895598 1721809895621 23 329591.530000 3463415.090000 -0.203331 16.500000 5C4225714 8 -61 
1721809895654 1721809895675 21 329592.510000 3463414.880000 -0.205294 16.500000 5C4225714 8 -61 
1721809895709 1721809895728 19 329593.320000 3463414.710000 -0.205294 16.400000 5C4225714 8 -61 
1721809895764 1721809895791 27 329594.120000 3463414.530000 -0.205294 16.340000 5C4225714 8 -61 
1721809895821 1721809895843 22 329594.750000 3463414.390000 -0.205294 16.220000 5C4225714 8 -61 
1721809895876 1721809895895 19 329595.560000 3463414.210000 -0.207040 16.140000 5C4225714 8 -61 
1721809895933 1721809895955 22 329596.670000 3463413.960000 -0.207040 16.100000 5C4225714 8 -61 
1721809895989 1721809896012 23 329597.290000 3463413.820000 -0.207040 16.000000 5C4225714 8 -61 
1721809896045 1721809896065 20 329599.020000 3463413.430000 -0.203549 15.860000 5C4225714 8 -61 
1721809896100 1721809896117 17 329599.640000 3463413.300000 -0.203549 15.800000 5C4225714 8 -61 
1721809896155 1721809896172 17 329600.420000 3463413.120000 -0.203549 15.680000 5C4225714 8 -61 
1721809896210 1721809896229 19 329601.480000 3463412.880000 -0.207694 15.540000 5C4225714 8 -61 
1721809896265 1721809896281 16 329602.250000 3463412.710000 -0.207694 15.460000 5C4225714 8 -61 
1721809896320 1721809896338 18 329602.840000 3463412.570000 -0.207694 15.320000 5C4225714 8 -61 
1721809896376 1721809896397 21 329603.590000 3463412.400000 -0.207694 15.240000 5C4225714 8 -61 
1721809896431 1721809896451 20 329604.490000 3463412.210000 -0.208131 15.140000 5C4225714 8 -61 
1721809896486 1721809896506 20 329605.230000 3463412.040000 -0.208131 15.020000 5C4225714 8 -61 
1721809896545 1721809896567 22 329605.670000 3463411.950000 -0.208131 14.880000 5C4225714 8 -61 
1721809896600 1721809896619 19 329606.830000 3463411.680000 -0.208131 14.820000 5C4225714 8 -61 
1721809896657 1721809896679 22 329608.130000 3463411.390000 -0.208567 14.560000 5C4225714 8 -61 
1721809896712 1721809896731 19 329608.970000 3463411.200000 -0.208567 14.420000 5C4225714 8 -61 
1721809896769 1721809896792 23 329609.400000 3463411.100000 -0.208567 14.260000 5C4225714 8 -61 
1721809896825 1721809896845 20 329610.090000 3463410.940000 -0.212276 14.160000 5C4225714 8 -61 
1721809896880 1721809896898 18 329610.780000 3463410.790000 -0.212276 14.020000 5C4225714 8 -61 
1721809896936 1721809896957 21 329611.190000 3463410.690000 -0.212276 13.920000 5C4225714 8 -61 
1721809896992 1721809897013 21 329612.280000 3463410.440000 -0.212276 13.820000 5C4225714 8 -61 
1721809897047 1721809897065 18 329612.820000 3463410.320000 -0.210094 13.700000 5C4225714 8 -61 
1721809897103 1721809897125 22 329613.620000 3463410.140000 -0.210094 13.520000 5C4225714 8 -61 
1721809897159 1721809897175 16 329615.060000 3463409.810000 -0.210094 13.260000 5C4225714 8 -61 
1721809897214 1721809897235 21 329615.580000 3463409.700000 -0.210530 13.120000 5C4225714 8 -61 
1721809897270 1721809897287 17 329616.350000 3463409.520000 -0.210530 12.980000 5C4225714 8 -61 
1721809897325 1721809897343 18 329616.980000 3463409.380000 -0.210530 12.920000 5C4225714 8 -61 
1721809897381 1721809897401 20 329617.610000 3463409.240000 -0.210530 12.740000 5C4225714 8 -61 
1721809897436 1721809897452 16 329617.980000 3463409.150000 -0.209440 12.680000 5C4225714 8 -61 
1721809897491 1721809897510 19 329618.850000 3463408.950000 -0.209440 12.540000 5C4225714 8 -61 
1721809897546 1721809897564 18 329619.460000 3463408.810000 -0.209440 12.440000 5C4225714 8 -61 
1721809897602 1721809897617 15 329620.180000 3463408.650000 -0.209440 12.280000 5C4225714 8 -61 
1721809897657 1721809897676 19 329620.650000 3463408.530000 -0.213803 12.200000 5C4225714 8 -61 
1721809897711 1721809897729 18 329621.130000 3463408.430000 -0.213803 12.060000 5C4225714 8 -61 
1721809897767 1721809897782 15 329622.290000 3463408.160000 -0.213803 11.780000 5C4225714 8 -61 
1721809897822 1721809897840 18 329622.870000 3463408.030000 -0.214021 11.620000 5C4225714 8 -61 
1721809897883 1721809897898 15 329623.210000 3463407.950000 -0.214021 11.500000 5C4225714 8 -61 
1721809897945 1721809897964 19 329624.000000 3463407.770000 -0.214021 11.420000 5C4225714 8 -61 
1721809898000 1721809898015 15 329624.450000 3463407.670000 -0.214021 11.280000 5C4225714 8 -61 
1721809898055 1721809898071 16 329625.100000 3463407.520000 -0.211621 11.100000 5C4225714 8 -61 
1721809898111 1721809898127 16 329625.750000 3463407.360000 -0.211621 11.000000 5C4225714 8 -61 
1721809898166 1721809898182 16 329626.300000 3463407.240000 -0.211621 10.860000 5C4225714 8 -61 
1721809898222 1721809898238 16 329627.450000 3463406.980000 -0.214894 10.580000 5C4225714 8 -61 
1721809898277 1721809898294 17 329627.970000 3463406.860000 -0.214894 10.520000 5C4225714 8 -61 
1721809898333 1721809898350 17 329628.480000 3463406.740000 -0.214894 10.360000 5C4225714 8 -61 
1721809898388 1721809898415 27 329628.970000 3463406.630000 -0.214894 10.280000 5C4225714 8 -61 
1721809898444 1721809898464 20 329629.370000 3463406.540000 -0.214457 10.120000 5C4225714 8 -61 
1721809898499 1721809898518 19 329629.870000 3463406.430000 -0.214457 10.020000 5C4225714 8 -61 
1721809898554 1721809898571 17 329630.550000 3463406.280000 -0.214457 9.860000 5C4225714 8 -61 
1721809898610 1721809898633 23 329631.020000 3463406.170000 -0.212276 9.780000 5C4225714 8 -61 
1721809898666 1721809898683 17 329631.210000 3463406.120000 -0.212276 9.620000 5C4225714 8 -61 
1721809898720 1721809898737 17 329631.600000 3463406.040000 -0.212276 9.440000 5C4225714 8 -61 
1721809898776 1721809898796 20 329632.790000 3463405.790000 -0.212276 9.240000 5C4225714 8 -61 
1721809898831 1721809898850 19 329633.150000 3463405.700000 -0.206603 9.140000 5C4225714 8 -61 
1721809898886 1721809898904 18 329633.690000 3463405.590000 -0.206603 9.000000 5C4225714 8 -61 
1721809898941 1721809898959 18 329634.130000 3463405.510000 -0.206603 8.880000 5C4225714 8 -61 
1721809898997 1721809899014 17 329634.650000 3463405.400000 -0.197877 8.780000 5C4225714 8 -61 
1721809899052 1721809899069 17 329635.000000 3463405.340000 -0.197877 8.660000 5C4225714 8 -61 
1721809899108 1721809899123 15 329635.500000 3463405.240000 -0.197877 8.500000 5C4225714 8 -61 
1721809899163 1721809899182 19 329635.920000 3463405.180000 -0.197877 8.420000 5C4225714 8 -61 
1721809899218 1721809899236 18 329636.160000 3463405.130000 -0.197877 8.300000 5C4225714 8 -61 
1721809899277 1721809899294 17 329637.070000 3463405.000000 -0.181951 8.080000 5C4225714 8 -61 
1721809899332 1721809899354 22 329637.460000 3463404.940000 -0.181951 7.960000 5C4225714 8 -61 
1721809899387 1721809899414 27 329637.850000 3463404.890000 -0.181951 7.840000 5C4225714 8 -61 
1721809899443 1721809899462 19 329638.070000 3463404.870000 -0.154025 7.700000 5C4225714 8 -61 
1721809899498 1721809899515 17 329638.690000 3463404.810000 -0.154025 7.620000 5C4225714 8 -61 
1721809899553 1721809899574 21 329639.070000 3463404.770000 -0.154025 7.480000 5C4225714 8 -61 
1721809899609 1721809899628 19 329639.430000 3463404.760000 -0.117155 7.320000 5C4225714 8 -61 
1721809899664 1721809899683 19 329639.800000 3463404.730000 -0.117155 7.220000 5C4225714 8 -61 
1721809899719 1721809899735 16 329640.230000 3463404.710000 -0.117155 7.100000 5C4225714 8 -61 
1721809899779 1721809899798 19 329640.590000 3463404.710000 -0.117155 7.040000 5C4225714 8 -61 
1721809899839 1721809899858 19 329641.280000 3463404.710000 -0.077885 6.760000 5C4225714 8 -61 
1721809899894 1721809899914 20 329641.410000 3463404.710000 -0.077885 6.700000 5C4225714 8 -61 
1721809899949 1721809899964 15 329641.810000 3463404.730000 -0.077885 6.540000 5C4225714 8 -61 
1721809900004 1721809900021 17 329642.140000 3463404.750000 -0.077885 6.460000 5C4225714 8 -61 
1721809900060 1721809900077 17 329642.530000 3463404.770000 -0.025525 6.340000 5C4225714 8 -61 
1721809900115 1721809900130 15 329642.840000 3463404.810000 -0.025525 6.260000 5C4225714 8 -61 
1721809900170 1721809900190 20 329643.150000 3463404.850000 -0.025525 6.160000 5C4225714 8 -61 
1721809900226 1721809900246 20 329643.440000 3463404.900000 0.032725 6.080000 5C4225714 8 -61 
1721809900281 1721809900300 19 329643.810000 3463404.960000 0.032725 5.920000 5C4225714 8 -61 
1721809900336 1721809900354 18 329643.920000 3463404.980000 0.032725 5.860000 5C4225714 8 -61 
1721809900391 1721809900414 23 329644.590000 3463405.140000 0.099047 5.680000 5C4225714 8 -61 
1721809900446 1721809900463 17 329644.820000 3463405.190000 0.099047 5.580000 5C4225714 8 -61 
1721809900502 1721809900517 15 329645.080000 3463405.280000 0.099047 5.540000 5C4225714 8 -61 
1721809900557 1721809900576 19 329645.350000 3463405.360000 0.099047 5.480000 5C4225714 8 -61 
1721809900612 1721809900630 18 329645.650000 3463405.470000 0.171260 5.420000 5C4225714 8 -61 
1721809900667 1721809900684 17 329645.900000 3463405.570000 0.171260 5.380000 5C4225714 8 -61 
1721809900723 1721809900749 26 329646.150000 3463405.680000 0.171260 5.340000 5C4225714 8 -61 
1721809900778 1721809900799 21 329646.340000 3463405.780000 0.171260 5.300000 5C4225714 8 -61 
1721809900833 1721809900853 20 329646.670000 3463405.950000 0.261363 5.280000 5C4225714 8 -61 
1721809900887 1721809900905 18 329646.860000 3463406.040000 0.261363 5.220000 5C4225714 8 -61 
1721809900943 1721809900959 16 329647.380000 3463406.390000 0.261363 5.180000 5C4225714 8 -61 
1721809900998 1721809901017 19 329647.590000 3463406.540000 0.362374 5.140000 5C4225714 8 -61 
1721809901053 1721809901071 18 329647.800000 3463406.700000 0.362374 5.100000 5C4225714 8 -61 
1721809901109 1721809901125 16 329647.990000 3463406.860000 0.362374 5.060000 5C4225714 8 -61 
1721809901164 1721809901184 20 329648.170000 3463407.030000 0.362374 5.060000 5C4225714 8 -61 
1721809901220 1721809901238 18 329648.290000 3463407.130000 0.467312 5.020000 5C4225714 8 -61 
1721809901275 1721809901294 19 329648.470000 3463407.310000 0.467312 4.980000 5C4225714 8 -61 
1721809901330 1721809901348 18 329648.640000 3463407.490000 0.467312 4.940000 5C4225714 8 -61 
1721809901385 1721809901402 17 329648.830000 3463407.710000 0.467312 4.900000 5C4225714 8 -61 
1721809901441 1721809901461 20 329648.980000 3463407.910000 0.582940 4.880000 5C4225714 8 -61 
1721809901496 1721809901514 18 329649.130000 3463408.090000 0.582940 4.820000 5C4225714 8 -61 
1721809901551 1721809901571 20 329649.400000 3463408.500000 0.582940 4.760000 5C4225714 8 -61 
1721809901606 1721809901626 20 329649.530000 3463408.750000 0.703586 4.720000 5C4225714 8 -61 
1721809901660 1721809901680 20 329649.640000 3463408.960000 0.703586 4.680000 5C4225714 8 -61 
1721809901716 1721809901734 18 329649.710000 3463409.080000 0.703586 4.660000 5C4225714 8 -61 
1721809901771 1721809901788 17 329649.830000 3463409.380000 0.703586 4.640000 5C4225714 8 -61 
1721809901826 1721809901842 16 329649.930000 3463409.640000 0.828159 4.600000 5C4225714 8 -61 
1721809901882 1721809901900 18 329650.010000 3463409.850000 0.828159 4.580000 5C4225714 8 -61 
1721809901936 1721809901954 18 329650.060000 3463410.030000 0.828159 4.560000 5C4225714 8 -61 
1721809901996 1721809902014 18 329650.110000 3463410.210000 0.828159 4.540000 5C4225714 8 -61 
1721809902051 1721809902069 18 329650.150000 3463410.380000 0.959713 4.520000 5C4225714 8 -61 
1721809902106 1721809902123 17 329650.250000 3463410.910000 0.959713 4.460000 5C4225714 8 -61 
1721809902162 1721809902182 20 329650.270000 3463411.050000 0.959713 4.440000 5C4225714 8 -61 
1721809902217 1721809902239 22 329650.280000 3463411.360000 1.089085 4.420000 5C4225714 8 -61 
1721809902273 1721809902294 21 329650.300000 3463411.580000 1.089085 4.400000 5C4225714 8 -61 
1721809902328 1721809902346 18 329650.300000 3463411.800000 1.089085 4.360000 5C4225714 8 -61 
1721809902383 1721809902400 17 329650.280000 3463412.050000 1.089085 4.340000 5C4225714 8 -61 
1721809902438 1721809902453 15 329650.260000 3463412.280000 1.228930 4.320000 5C4225714 8 -61 
1721809902493 1721809902511 18 329650.250000 3463412.440000 1.228930 4.300000 5C4225714 8 -61 
1721809902548 1721809902571 23 329650.210000 3463412.650000 1.228930 4.280000 5C4225714 8 -61 
1721809902604 1721809902621 17 329650.170000 3463412.820000 1.228930 4.280000 5C4225714 8 -61 
1721809902659 1721809902675 16 329650.080000 3463413.230000 1.366593 4.240000 5C4225714 8 -61 
1721809902714 1721809902734 20 329650.010000 3463413.480000 1.366593 4.220000 5C4225714 8 -61 
1721809902770 1721809902787 17 329649.940000 3463413.680000 1.366593 4.200000 5C4225714 8 -61 
1721809902825 1721809902840 15 329649.890000 3463413.800000 1.501201 4.200000 5C4225714 8 -61 
1721809902880 1721809902899 19 329649.790000 3463414.070000 1.501201 4.200000 5C4225714 8 -61 
1721809902936 1721809902953 17 329649.700000 3463414.260000 1.501201 4.200000 5C4225714 8 -61 
1721809902995 1721809903013 18 329649.580000 3463414.480000 1.501201 4.180000 5C4225714 8 -61 
1721809903066 1721809903085 19 329649.400000 3463414.810000 1.635592 4.180000 5C4225714 8 -61 
1721809903121 1721809903139 18 329649.270000 3463415.020000 1.635592 4.180000 5C4225714 8 -61 
1721809903177 1721809903196 19 329649.150000 3463415.200000 1.635592 4.180000 5C4225714 8 -61 
1721809903232 1721809903251 19 329649.130000 3463415.230000 1.635592 4.200000 5C4225714 8 -61 
1721809903287 1721809903306 19 329648.990000 3463415.440000 1.764528 4.240000 5C4225714 8 -61 
1721809903342 1721809903362 20 329648.730000 3463415.730000 1.764528 4.300000 5C4225714 8 -61 
1721809903398 1721809903415 17 329648.620000 3463415.860000 1.764528 4.360000 5C4225714 8 -61 
1721809903453 1721809903471 18 329648.500000 3463415.990000 1.897173 4.420000 5C4225714 8 -61 
1721809903508 1721809903524 16 329648.380000 3463416.110000 1.897173 4.480000 5C4225714 8 -61 
1721809903564 1721809903583 19 329648.310000 3463416.180000 1.897173 4.540000 5C4225714 8 -61 
1721809903619 1721809903637 18 329647.790000 3463416.630000 2.038326 4.680000 5C4225714 8 -61 
1721809903674 1721809903691 17 329647.650000 3463416.740000 2.038326 4.720000 5C4225714 8 -61 
1721809903729 1721809903750 21 329647.420000 3463416.910000 2.038326 4.840000 5C4225714 8 -61 
1721809903785 1721809903813 28 329647.210000 3463417.050000 2.038326 4.880000 5C4225714 8 -61 
1721809903840 1721809903857 17 329647.010000 3463417.190000 2.176644 4.980000 5C4225714 8 -61 
1721809903895 1721809903915 20 329646.850000 3463417.300000 2.176644 5.060000 5C4225714 8 -61 
1721809903951 1721809903969 18 329646.710000 3463417.380000 2.176644 5.120000 5C4225714 8 -61 
1721809904006 1721809904024 18 329646.310000 3463417.610000 2.176644 5.180000 5C4225714 8 -61 
1721809904062 1721809904078 16 329646.080000 3463417.730000 2.309725 5.300000 5C4225714 8 -61 
1721809904119 1721809904138 19 329645.800000 3463417.880000 2.309725 5.380000 5C4225714 8 -61 
1721809904182 1721809904210 28 329645.290000 3463418.110000 2.436698 5.540000 5C4225714 8 -61 
1721809904237 1721809904257 20 329645.100000 3463418.200000 2.436698 5.600000 5C4225714 8 -61 
1721809904293 1721809904317 24 329644.780000 3463418.330000 2.436698 5.740000 5C4225714 8 -61 
1721809904348 1721809904366 18 329644.620000 3463418.400000 2.436698 5.820000 5C4225714 8 -61 
1721809904407 1721809904427 20 329644.390000 3463418.480000 2.436698 5.920000 5C4225714 8 -61 
1721809904466 1721809904481 15 329644.110000 3463418.580000 2.557562 6.000000 5C4225714 8 -61 
1721809904522 1721809904541 19 329643.780000 3463418.700000 2.557562 6.120000 5C4225714 8 -61 
1721809904577 1721809904601 24 329643.120000 3463418.900000 2.557562 6.340000 5C4225714 8 -61 
1721809904632 1721809904653 21 329642.870000 3463418.970000 2.664681 6.420000 5C4225714 8 -61 
1721809904689 1721809904713 24 329642.450000 3463419.100000 2.664681 6.520000 5C4225714 8 -61 
1721809904745 1721809904763 18 329642.120000 3463419.200000 2.664681 6.680000 5C4225714 8 -61 
1721809904800 1721809904816 16 329641.990000 3463419.230000 2.664681 6.780000 5C4225714 8 -61 
1721809904855 1721809904877 22 329641.660000 3463419.310000 2.751730 6.860000 5C4225714 8 -61 
1721809904910 1721809904926 16 329641.210000 3463419.440000 2.751730 7.000000 5C4225714 8 -61 
1721809904964 1721809904980 16 329640.720000 3463419.560000 2.751730 7.120000 5C4225714 8 -61 
1721809905020 1721809905037 17 329640.580000 3463419.600000 2.751730 7.280000 5C4225714 8 -61 
1721809905075 1721809905090 15 329640.150000 3463419.700000 2.811725 7.380000 5C4225714 8 -61 
1721809905131 1721809905149 18 329639.640000 3463419.820000 2.811725 7.680000 5C4225714 8 -61 
1721809905186 1721809905202 16 329639.040000 3463419.970000 2.811725 7.800000 5C4225714 8 -61 
1721809905241 1721809905268 27 329638.660000 3463420.050000 2.861904 8.000000 5C4225714 8 -61 
1721809905296 1721809905312 16 329638.200000 3463420.160000 2.861904 8.100000 5C4225714 8 -61 
1721809905351 1721809905372 21 329637.790000 3463420.230000 2.861904 8.320000 5C4225714 8 -66 
1721809905407 1721809905442 35 329637.300000 3463420.330000 2.903573 8.420000 5C4225714 2 -66 
1721809905462 1721809905481 19 329636.970000 3463420.400000 2.903573 8.660000 5C4225714 2 -66 
1721809905517 1721809905535 18 329636.460000 3463420.500000 2.903573 8.840000 5C4225714 2 -66 
1721809905573 1721809905590 17 329636.020000 3463420.570000 2.903573 8.940000 5C4225714 2 -66 
1721809905628 1721809905646 18 329635.760000 3463420.620000 2.903573 9.140000 5C4225714 2 -66 
1721809905683 1721809905699 16 329635.480000 3463420.660000 2.940225 9.340000 5C4225714 2 -66 
1721809905738 1721809905757 19 329634.300000 3463420.860000 2.940225 9.660000 5C4225714 2 -66 
1721809905794 1721809905812 18 329634.010000 3463420.900000 2.940225 9.740000 5C4225714 2 -66 
1721809905849 1721809905866 17 329633.430000 3463421.000000 2.969023 9.820000 5C4225714 2 -66 
1721809905904 1721809905919 15 329632.840000 3463421.090000 2.969023 10.080000 5C4225714 2 -66 
1721809905960 1721809905985 25 329632.350000 3463421.160000 2.969023 10.240000 5C4225714 2 -66 
1721809906015 1721809906035 20 329631.730000 3463421.260000 2.990622 10.500000 5C4225714 2 -66 
1721809906070 1721809906089 19 329631.220000 3463421.330000 2.990622 10.520000 5C4225714 2 -66 
1721809906126 1721809906143 17 329630.910000 3463421.380000 2.990622 10.800000 5C4225714 2 -66 
1721809906181 1721809906197 16 329630.370000 3463421.460000 2.990622 10.900000 5C4225714 2 -66 
1721809906236 1721809906252 16 329629.720000 3463421.550000 3.004366 11.080000 5C4225714 2 -66 
1721809906291 1721809906311 20 329628.720000 3463421.690000 3.004366 11.520000 5C4225714 2 -66 
1721809906346 1721809906364 18 329628.050000 3463421.770000 3.004366 11.760000 5C4225714 2 -66 
1721809906400 1721809906418 18 329627.340000 3463421.860000 3.018983 11.880000 5C4225714 2 -66 
1721809906455 1721809906472 17 329626.760000 3463421.950000 3.018983 11.960000 5C4225714 2 -66 
1721809906511 1721809906533 22 329626.290000 3463422.010000 3.018983 12.220000 5C4225714 2 -66 
1721809906566 1721809906583 17 329625.560000 3463422.100000 3.018983 12.360000 5C4225714 2 -66 
1721809906622 1721809906641 19 329624.810000 3463422.190000 3.026183 12.560000 5C4225714 2 -66 
1721809906677 1721809906694 17 329624.320000 3463422.270000 3.026183 12.700000 5C4225714 2 -66 
1721809906732 1721809906748 16 329623.560000 3463422.360000 3.026183 12.880000 5C4225714 2 -66 
1721809906787 1721809906815 28 329622.920000 3463422.450000 3.026183 13.020000 5C4225714 2 -66 
1721809906842 1721809906859 17 329622.270000 3463422.520000 3.031637 13.220000 5C4225714 2 -66 
1721809906897 1721809906924 27 329621.480000 3463422.640000 3.031637 13.580000 5C4225714 2 -66 
1721809906953 1721809906975 22 329620.670000 3463422.740000 3.031637 13.780000 5C4225714 2 -66 
1721809907008 1721809907024 16 329619.720000 3463422.870000 3.027274 13.980000 5C4225714 2 -66 
1721809907063 1721809907080 17 329619.040000 3463422.970000 3.027274 14.080000 5C4225714 2 -66 
1721809907118 1721809907134 16 329618.760000 3463423.020000 3.027274 14.340000 5C4225714 2 -66 
1721809907174 1721809907193 19 329617.630000 3463423.190000 3.027274 14.580000 5C4225714 2 -66 
1721809907229 1721809907247 18 329616.910000 3463423.300000 3.014402 14.680000 5C4225714 2 -66 
1721809907284 1721809907301 17 329616.050000 3463423.440000 3.014402 14.880000 5C4225714 2 -66 
1721809907343 1721809907361 18 329615.320000 3463423.560000 3.014402 15.020000 5C4225714 2 -66 
1721809907398 1721809907415 17 329614.570000 3463423.680000 3.014402 15.220000 5C4225714 2 -66 
1721809907453 1721809907470 17 329614.280000 3463423.730000 3.014402 15.360000 5C4225714 2 -66 
1721809907508 1721809907523 15 329612.460000 3463424.050000 3.001312 15.700000 5C4225714 2 -66 
1721809907564 1721809907580 16 329611.540000 3463424.200000 3.001312 15.900000 5C4225714 2 -66 
1721809907619 1721809907639 20 329610.910000 3463424.310000 2.987131 15.980000 5C4225714 2 -66 
1721809907674 1721809907694 20 329610.280000 3463424.440000 2.987131 16.140000 5C4225714 2 -66 
1721809907730 1721809907747 17 329609.320000 3463424.600000 2.987131 16.380000 5C4225714 2 -66 
1721809907785 1721809907802 17 329608.360000 3463424.770000 2.987131 16.500000 5C4225714 2 -66 
1721809907840 1721809907859 19 329607.540000 3463424.910000 2.985604 16.620000 5C4225714 2 -66 
1721809907896 1721809907913 17 329606.730000 3463425.070000 2.985604 16.820000 5C4225714 2 -66 
1721809907951 1721809907972 21 329606.730000 3463425.070000 2.985604 16.980000 5C4225714 2 -66 
1721809908006 1721809908026 20 329605.230000 3463425.330000 2.985604 17.180000 5C4225714 2 -66 
1721809908061 1721809908079 18 329603.210000 3463425.700000 2.983204 17.420000 5C4225714 2 -66 
1721809908124 1721809908157 33 329602.520000 3463425.830000 2.983204 17.620000 5C4225714 2 -66 
1721809908183 1721809908203 20 329601.480000 3463426.020000 2.983204 17.720000 5C4225714 2 -66 
1721809908238 1721809908260 22 329600.440000 3463426.210000 2.979277 17.900000 5C4225714 2 -66 
1721809908294 1721809908311 17 329599.550000 3463426.370000 2.979277 18.080000 5C4225714 2 -66 
1721809908349 1721809908365 16 329598.660000 3463426.540000 2.979277 18.160000 5C4225714 2 -66 
1721809908404 1721809908423 19 329597.770000 3463426.700000 2.979277 18.260000 5C4225714 2 -66 
1721809908459 1721809908477 18 329596.880000 3463426.880000 2.974914 18.420000 5C4225714 2 -66 
1721809908515 1721809908533 18 329595.420000 3463427.160000 2.974914 18.720000 5C4225714 2 -66 
1721809908572 1721809908592 20 329594.310000 3463427.370000 2.974914 18.840000 5C4225714 2 -66 
1721809908631 1721809908651 20 329593.380000 3463427.540000 2.971423 18.980000 5C4225714 2 -66 
1721809908687 1721809908705 18 329592.460000 3463427.720000 2.971423 19.040000 5C4225714 2 -66 
1721809908742 1721809908759 17 329591.520000 3463427.900000 2.971423 19.240000 5C4225714 2 -66 
1721809908797 1721809908813 16 329590.380000 3463428.120000 2.971423 19.360000 5C4225714 2 -66 
1721809908853 1721809908872 19 329589.440000 3463428.310000 2.970332 19.540000 5C4225714 2 -66 
1721809908908 1721809908926 18 329588.480000 3463428.490000 2.970332 19.600000 5C4225714 2 -66 
1721809908963 1721809908981 18 329587.510000 3463428.680000 2.970332 19.820000 5C4225714 2 -66 
1721809909018 1721809909036 18 329586.340000 3463428.890000 2.967060 19.880000 5C4225714 2 -66 
1721809909073 1721809909095 22 329584.390000 3463429.290000 2.967060 20.160000 5C4225714 2 -66 
1721809909129 1721809909149 20 329584.190000 3463429.330000 2.967060 20.320000 5C4225714 2 -66 
1721809909184 1721809909212 28 329582.790000 3463429.610000 2.967060 20.400000 5C4225714 2 -66 
1721809909239 1721809909256 17 329582.190000 3463429.720000 2.964878 20.520000 5C4225714 2 -66 
1721809909294 1721809909314 20 329580.590000 3463430.050000 2.964878 20.620000 5C4225714 2 -66 
1721809909349 1721809909368 19 329580.180000 3463430.120000 2.964878 20.780000 5C4225714 2 -66 
1721809909404 1721809909422 18 329578.560000 3463430.450000 2.964878 20.840000 5C4225714 2 -66 
1721809909460 1721809909475 15 329577.540000 3463430.670000 2.960078 20.980000 5C4225714 2 -66 
1721809909519 1721809909541 22 329576.720000 3463430.840000 2.960078 21.000000 5C4225714 2 -66 
1721809909578 1721809909597 19 329574.230000 3463431.330000 2.959860 21.040000 5C4225714 2 -66 
1721809909633 1721809909653 20 329573.400000 3463431.510000 2.959860 21.100000 5C4225714 2 -66 
1721809909688 1721809909705 17 329572.160000 3463431.750000 2.959860 21.100000 5C4225714 2 -66 
1721809909743 1721809909765 22 329571.530000 3463431.880000 2.959860 21.140000 5C4225714 2 -66 
1721809909798 1721809909814 16 329570.700000 3463432.050000 2.959860 21.140000 5C4225714 2 -66 
1721809909853 1721809909873 20 329569.450000 3463432.310000 2.959424 21.200000 5C4225714 2 -66 
1721809909909 1721809909934 25 329568.830000 3463432.440000 2.959424 21.180000 5C4225714 2 -66 
1721809909964 1721809909983 19 329567.160000 3463432.760000 2.959424 21.220000 5C4225714 2 -66 
1721809910019 1721809910037 18 329566.320000 3463432.930000 2.959424 21.180000 5C4225714 2 -66 
1721809910074 1721809910092 18 329565.080000 3463433.200000 2.960733 21.200000 5C4225714 2 -66 
1721809910129 1721809910147 18 329564.040000 3463433.400000 2.960733 21.160000 5C4225714 2 -66 
1721809910185 1721809910203 18 329563.200000 3463433.570000 2.960733 21.120000 5C4225714 2 -66 
1721809910240 1721809910257 17 329560.720000 3463434.080000 2.961169 21.140000 5C4225714 2 -66 
1721809910295 1721809910312 17 329559.670000 3463434.280000 2.961169 21.080000 5C4225714 2 -66 
1721809910351 1721809910370 19 329558.420000 3463434.540000 2.961169 21.120000 5C4225714 2 -66 
1721809910406 1721809910424 18 329557.380000 3463434.740000 2.962915 21.060000 5C4225714 2 -66 
1721809910461 1721809910477 16 329556.350000 3463434.960000 2.962915 21.080000 5C4225714 2 -66 
1721809910516 1721809910538 22 329555.730000 3463435.080000 2.962915 21.060000 5C4225714 2 -66 
1721809910572 1721809910591 19 329554.690000 3463435.280000 2.962915 21.060000 5C4225714 2 -66 
1721809910627 1721809910649 22 329553.860000 3463435.450000 2.962915 21.020000 5C4225714 2 -66 
1721809910683 1721809910697 14 329552.420000 3463435.740000 2.962042 21.000000 5C4225714 2 -66 
1721809910753 1721809910773 20 329550.350000 3463436.150000 2.962042 20.880000 5C4225714 2 -66 
1721809910808 1721809910824 16 329549.530000 3463436.320000 2.962042 20.860000 5C4225714 2 -66 
1721809910864 1721809910879 15 329548.100000 3463436.610000 2.963787 20.820000 5C4225714 2 -66 
1721809910919 1721809910934 15 329547.080000 3463436.820000 2.963787 20.840000 5C4225714 2 -66 
1721809910974 1721809910990 16 329546.050000 3463437.020000 2.963787 20.780000 5C4225714 2 -66 
1721809911030 1721809911046 16 329545.240000 3463437.180000 2.962478 20.780000 5C4225714 2 -66 
1721809911085 1721809911102 17 329544.420000 3463437.350000 2.962478 20.720000 5C4225714 2 -66 
1721809911140 1721809911157 17 329542.790000 3463437.670000 2.962478 20.720000 5C4225714 2 -66 
1721809911196 1721809911219 23 329541.150000 3463438.000000 2.964878 20.720000 5C4225714 2 -66 
1721809911251 1721809911269 18 329539.940000 3463438.240000 2.964878 20.720000 5C4225714 2 -66 
1721809911306 1721809911324 18 329539.120000 3463438.400000 2.964878 20.720000 5C4225714 2 -66 
1721809911361 1721809911378 17 329538.310000 3463438.560000 2.964878 20.700000 5C4225714 2 -66 
1721809911417 1721809911437 20 329536.880000 3463438.840000 2.964224 20.660000 5C4225714 2 -66 
1721809911472 1721809911491 19 329535.880000 3463439.040000 2.964224 20.640000 5C4225714 2 -66 
1721809911527 1721809911545 18 329534.850000 3463439.240000 2.964224 20.620000 5C4225714 2 -66 
1721809911583 1721809911603 20 329533.840000 3463439.450000 2.964224 20.620000 5C4225714 2 -66 
1721809911638 1721809911656 18 329532.830000 3463439.640000 2.966187 20.600000 5C4225714 2 -66 
1721809911693 1721809911710 17 329531.620000 3463439.880000 2.966187 20.560000 5C4225714 2 -66 
1721809911748 1721809911774 26 329530.600000 3463440.090000 2.966187 20.520000 5C4225714 2 -66 
1721809911803 1721809911823 20 329528.590000 3463440.490000 2.965751 20.460000 5C4225714 2 -66 
1721809911863 1721809911882 19 329527.580000 3463440.680000 2.965751 20.400000 5C4225714 2 -66 
1721809911918 1721809911935 17 329526.580000 3463440.890000 2.965751 20.340000 5C4225714 2 -66 
1721809911973 1721809911988 15 329525.580000 3463441.090000 2.965751 20.280000 5C4225714 2 -66 
1721809912029 1721809912048 19 329524.380000 3463441.330000 2.963351 20.280000 5C4225714 2 -66 
1721809912084 1721809912103 19 329523.390000 3463441.530000 2.963351 20.220000 5C4225714 2 -66 
1721809912139 1721809912159 20 329522.390000 3463441.730000 2.963351 20.180000 5C4225714 2 -66 
1721809912195 1721809912217 22 329521.800000 3463441.850000 2.963351 20.080000 5C4225714 2 -66 
1721809912250 1721809912267 17 329520.810000 3463442.060000 2.960297 20.040000 5C4225714 2 -66 
1721809912305 1721809912329 24 329518.840000 3463442.450000 2.960297 19.960000 5C4225714 2 -66 
1721809912360 1721809912377 17 329517.850000 3463442.660000 2.960297 19.920000 5C4225714 2 -66 
1721809912415 1721809912437 22 329516.880000 3463442.860000 2.957897 19.880000 5C4225714 2 -66 
1721809912470 1721809912487 17 329516.100000 3463443.020000 2.957897 19.840000 5C4225714 2 -66 
1721809912526 1721809912542 16 329514.530000 3463443.340000 2.957897 19.820000 5C4225714 2 -66 
1721809912581 1721809912601 20 329513.560000 3463443.550000 2.957897 19.800000 5C4225714 2 -66 
1721809912636 1721809912655 19 329512.790000 3463443.700000 2.955933 19.700000 5C4225714 2 -66 
1721809912691 1721809912711 20 329512.790000 3463443.700000 2.955933 19.700000 5C4225714 2 -66 
1721809912746 1721809912765 19 329510.850000 3463444.110000 2.955933 19.600000 5C4225714 2 -66 
1721809912801 1721809912819 18 329509.880000 3463444.310000 2.955933 19.600000 5C4225714 2 -66 
1721809912856 1721809912872 16 329508.920000 3463444.510000 2.953970 19.520000 5C4225714 2 -66 
1721809912916 1721809912936 20 329507.010000 3463444.910000 2.953970 19.440000 5C4225714 2 -66 
1721809912971 1721809912989 18 329506.240000 3463445.080000 2.953970 19.420000 5C4225714 2 -66 
1721809913026 1721809913041 15 329505.090000 3463445.320000 2.952661 19.360000 5C4225714 2 -66 
1721809913082 1721809913101 19 329504.140000 3463445.510000 2.952661 19.380000 5C4225714 2 -66 
1721809913137 1721809913157 20 329503.190000 3463445.710000 2.952661 19.320000 5C4225714 2 -66 
1721809913192 1721809913210 18 329502.050000 3463445.950000 2.952661 19.300000 5C4225714 2 -66 
1721809913252 1721809913275 23 329501.100000 3463446.160000 2.952879 19.240000 5C4225714 2 -66 
1721809913307 1721809913325 18 329500.160000 3463446.350000 2.952879 19.220000 5C4225714 2 -66 
1721809913362 1721809913378 16 329499.410000 3463446.510000 2.952879 19.200000 5C4225714 2 -66 
1721809913417 1721809913437 20 329497.160000 3463446.990000 2.952224 19.140000 5C4225714 2 -66 
1721809913472 1721809913492 20 329496.220000 3463447.180000 2.952224 19.120000 5C4225714 2 -66 
1721809913528 1721809913545 17 329495.840000 3463447.260000 2.952224 19.120000 5C4225714 2 -66 
1721809913583 1721809913599 16 329494.710000 3463447.500000 2.952224 19.120000 5C4225714 2 -66 
1721809913639 1721809913658 19 329493.770000 3463447.700000 2.952661 19.140000 5C4225714 2 -66 
1721809913694 1721809913712 18 329492.830000 3463447.890000 2.952661 19.060000 5C4225714 2 -66 
1721809913749 1721809913766 17 329491.710000 3463448.130000 2.952661 19.120000 5C4225714 2 -66 
1721809913804 1721809913821 17 329490.770000 3463448.330000 2.952661 19.040000 5C4225714 2 -66 
1721809913860 1721809913877 17 329489.830000 3463448.520000 2.952224 19.100000 5C4225714 2 -66 
1721809913915 1721809913932 17 329489.270000 3463448.640000 2.952224 19.080000 5C4225714 2 -66 
1721809913974 1721809913991 17 329486.830000 3463449.160000 2.952224 19.140000 5C4225714 2 -66 
1721809914033 1721809914052 19 329486.080000 3463449.320000 2.954406 19.120000 5C4225714 2 -66 
1721809914088 1721809914106 18 329485.700000 3463449.390000 2.954406 19.120000 5C4225714 2 -66 
1721809914144 1721809914162 18 329484.010000 3463449.750000 2.954406 19.080000 5C4225714 2 -66 
1721809914199 1721809914217 18 329482.880000 3463449.980000 2.953315 19.120000 5C4225714 2 -66 
1721809914254 1721809914271 17 329481.950000 3463450.170000 2.953315 19.140000 5C4225714 2 -66 
1721809914309 1721809914324 15 329481.010000 3463450.380000 2.953315 19.140000 5C4225714 2 -66 
1721809914364 1721809914383 19 329480.450000 3463450.500000 2.953315 19.100000 5C4225714 2 -66 
1721809914419 1721809914437 18 329479.510000 3463450.690000 2.953315 19.120000 5C4225714 2 -66 
1721809914475 1721809914491 16 329478.390000 3463450.920000 2.952661 19.100000 5C4225714 2 -66 
1721809914530 1721809914546 16 329476.690000 3463451.280000 2.952661 19.060000 5C4225714 2 -66 
1721809914585 1721809914605 20 329475.570000 3463451.520000 2.952661 19.100000 5C4225714 2 -66 
1721809914640 1721809914659 19 329474.630000 3463451.710000 2.954842 19.100000 5C4225714 2 -66 
1721809914714 1721809914732 18 329473.690000 3463451.900000 2.954842 19.140000 5C4225714 2 -66 
1721809914769 1721809914789 20 329472.560000 3463452.140000 2.954842 19.100000 5C4225714 2 -66 
1721809914824 1721809914844 20 329471.620000 3463452.340000 2.954624 19.080000 5C4225714 2 -66 
1721809914879 1721809914897 18 329469.930000 3463452.680000 2.954624 19.060000 5C4225714 2 -66 
1721809914934 1721809914952 18 329469.560000 3463452.770000 2.954624 19.080000 5C4225714 2 -66 
1721809914990 1721809915006 16 329468.050000 3463453.080000 2.954624 19.080000 5C4225714 2 -66 
1721809915045 1721809915066 21 329467.490000 3463453.200000 2.953315 19.080000 5C4225714 2 -66 
1721809915100 1721809915124 24 329466.360000 3463453.430000 2.953315 19.060000 5C4225714 2 -66 
1721809915155 1721809915172 17 329465.610000 3463453.600000 2.953315 19.060000 5C4225714 2 -66 
1721809915211 1721809915231 20 329464.490000 3463453.830000 2.953315 19.020000 5C4225714 2 -66 
1721809915266 1721809915284 18 329463.550000 3463454.030000 2.952224 19.040000 5C4225714 2 -66 
1721809915321 1721809915340 19 329462.430000 3463454.260000 2.952224 19.040000 5C4225714 2 -66 
1721809915376 1721809915392 16 329461.300000 3463454.500000 2.952224 19.020000 5C4225714 2 -66 
1721809915431 1721809915452 21 329460.360000 3463454.690000 2.952224 19.040000 5C4225714 2 -66 
1721809915486 1721809915506 20 329458.320000 3463455.120000 2.952224 19.040000 5C4225714 2 -66 
1721809915545 1721809915571 26 329457.570000 3463455.280000 2.952224 19.080000 5C4225714 2 -66 
1721809915601 1721809915621 20 329456.630000 3463455.470000 2.952879 19.060000 5C4225714 2 -66 
1721809915656 1721809915674 18 329455.510000 3463455.710000 2.952879 19.040000 5C4225714 2 -66 
1721809915711 1721809915728 17 329455.510000 3463455.710000 2.952879 19.060000 5C4225714 2 -66 
1721809915766 1721809915789 23 329454.010000 3463456.030000 2.952879 18.980000 5C4225714 2 -66 
1721809915822 1721809915838 16 329453.070000 3463456.220000 2.952879 19.020000 5C4225714 2 -66 
1721809915877 1721809915896 19 329451.950000 3463456.460000 2.954188 18.980000 5C4225714 2 -66 
1721809915932 1721809915948 16 329451.020000 3463456.650000 2.954188 19.020000 5C4225714 2 -66 
1721809915987 1721809916003 16 329450.080000 3463456.840000 2.954188 19.000000 5C4225714 2 -66 
1721809916043 1721809916062 19 329448.590000 3463457.170000 2.951134 19.020000 5C4225714 2 -66 
1721809916098 1721809916116 18 329447.470000 3463457.400000 2.951134 19.040000 5C4225714 2 -66 
1721809916153 1721809916171 18 329446.160000 3463457.670000 2.951134 19.020000 5C4225714 2 -66 
1721809916207 1721809916223 16 329445.230000 3463457.880000 2.951352 18.980000 5C4225714 2 -66 
1721809916262 1721809916282 20 329444.300000 3463458.070000 2.951352 19.000000 5C4225714 2 -66 
1721809916317 1721809916336 19 329443.360000 3463458.270000 2.951352 19.000000 5C4225714 2 -66 
1721809916372 1721809916389 17 329442.240000 3463458.510000 2.951352 18.940000 5C4225714 2 -66 
1721809916427 1721809916445 18 329441.500000 3463458.670000 2.949606 18.980000 5C4225714 2 -66 
1721809916482 1721809916498 16 329440.380000 3463458.910000 2.949606 18.980000 5C4225714 2 -66 
1721809916537 1721809916557 20 329439.450000 3463459.100000 2.949606 18.980000 5C4225714 2 -66 
1721809916592 1721809916611 19 329438.330000 3463459.340000 2.949606 19.000000 5C4225714 2 -66 
1721809916647 1721809916666 19 329437.770000 3463459.460000 2.949170 18.980000 5C4225714 2 -66 
1721809916703 1721809916720 17 329435.910000 3463459.860000 2.949170 18.960000 5C4225714 2 -66 
1721809916758 1721809916775 17 329434.980000 3463460.060000 2.949170 18.980000 5C4225714 2 -66 
1721809916813 1721809916828 15 329434.050000 3463460.250000 2.948734 18.960000 5C4225714 2 -66 
1721809916868 1721809916894 26 329433.120000 3463460.460000 2.948734 18.920000 5C4225714 2 -66 
1721809916924 1721809916944 20 329432.010000 3463460.700000 2.948734 18.940000 5C4225714 2 -66 
1721809916979 1721809916997 18 329431.080000 3463460.890000 2.948734 18.900000 5C4225714 2 -66 
1721809917034 1721809917051 17 329430.150000 3463461.090000 2.948952 18.940000 5C4225714 2 -66 
1721809917090 1721809917110 20 329429.220000 3463461.300000 2.948952 18.920000 5C4225714 2 -66 
1721809917145 1721809917164 19 329428.290000 3463461.490000 2.948952 18.960000 5C4225714 2 -66 
1721809917200 1721809917220 20 329427.180000 3463461.730000 2.948952 18.900000 5C4225714 2 -66 
1721809917259 1721809917281 22 329425.330000 3463462.140000 2.948079 18.860000 5C4225714 2 -66 
1721809917315 1721809917337 22 329425.140000 3463462.170000 2.948079 18.900000 5C4225714 2 -66 
1721809917370 1721809917398 28 329423.470000 3463462.530000 2.948079 18.900000 5C4225714 2 -66 
1721809917425 1721809917441 16 329422.370000 3463462.770000 2.946770 18.900000 5C4225714 2 -66 
1721809917480 1721809917500 20 329421.810000 3463462.890000 2.946770 18.880000 5C4225714 2 -66 
1721809917535 1721809917554 19 329421.070000 3463463.060000 2.946770 18.820000 5C4225714 2 -66 
1721809917590 1721809917609 19 329419.960000 3463463.300000 2.946770 18.820000 5C4225714 2 -66 
1721809917645 1721809917662 17 329419.040000 3463463.490000 2.947425 18.800000 5C4225714 2 -66 
1721809917700 1721809917717 17 329418.850000 3463463.540000 2.947425 18.840000 5C4225714 2 -66 
1721809917755 1721809917770 15 329417.010000 3463463.930000 2.947425 18.800000 5C4225714 2 -66 
1721809917811 1721809917830 19 329416.090000 3463464.130000 2.947425 18.800000 5C4225714 2 -66 
1721809917866 1721809917883 17 329414.250000 3463464.520000 2.947643 18.800000 5C4225714 2 -66 
1721809917921 1721809917938 17 329413.510000 3463464.690000 2.947643 18.760000 5C4225714 2 -66 
1721809917976 1721809917992 16 329412.220000 3463464.970000 2.947643 18.780000 5C4225714 2 -66 
1721809918031 1721809918053 22 329411.300000 3463465.160000 2.948079 18.720000 5C4225714 2 -66 
1721809918086 1721809918102 16 329410.380000 3463465.350000 2.948079 18.720000 5C4225714 2 -66 
1721809918141 1721809918160 19 329409.650000 3463465.520000 2.948079 18.720000 5C4225714 2 -66 
1721809918197 1721809918213 16 329408.730000 3463465.710000 2.948079 18.720000 5C4225714 2 -66 
1721809918252 1721809918268 16 329408.360000 3463465.780000 2.948734 18.660000 5C4225714 2 -66 
1721809918319 1721809918337 18 329406.160000 3463466.250000 2.948734 18.620000 5C4225714 2 -66 
1721809918377 1721809918401 24 329405.240000 3463466.440000 2.948734 18.620000 5C4225714 2 -66 
1721809918432 1721809918456 24 329404.330000 3463466.650000 2.949606 18.640000 5C4225714 2 -66 
1721809918490 1721809918509 19 329403.230000 3463466.870000 2.949606 18.620000 5C4225714 9 -60 
1721809918545 1721809918566 21 329402.310000 3463467.070000 2.949606 18.640000 5C4225714 9 -60 
1721809918600 1721809918615 15 329401.220000 3463467.300000 2.949606 18.600000 5C4225714 9 -60 
1721809918655 1721809918675 20 329400.490000 3463467.450000 2.951352 18.600000 5C4225714 9 -60 
1721809918710 1721809918729 19 329399.390000 3463467.680000 2.951352 18.580000 5C4225714 9 -60 
1721809918764 1721809918783 19 329398.480000 3463467.870000 2.951352 18.560000 5C4225714 9 -60 
1721809918820 1721809918838 18 329397.570000 3463468.050000 2.951352 18.580000 5C4225714 9 -60 
1721809918875 1721809918892 17 329395.740000 3463468.440000 2.955279 18.580000 5C4225714 9 -60 
1721809918930 1721809918946 16 329394.640000 3463468.670000 2.955279 18.540000 5C4225714 9 -60 
1721809918986 1721809919005 19 329394.100000 3463468.780000 2.955279 18.540000 5C4225714 9 -60 
1721809919041 1721809919059 18 329393.190000 3463468.960000 2.956151 18.540000 5C4225714 9 -60 
1721809919096 1721809919113 17 329392.280000 3463469.150000 2.956151 18.540000 5C4225714 9 -60 
1721809919151 1721809919173 22 329391.730000 3463469.260000 2.956151 18.500000 5C4225714 9 -60 
1721809919206 1721809919221 15 329390.830000 3463469.440000 2.956151 18.480000 5C4225714 9 -60 
1721809919261 1721809919280 19 329389.550000 3463469.700000 2.958333 18.460000 5C4225714 9 -60 
1721809919316 1721809919334 18 329388.460000 3463469.920000 2.958333 18.460000 5C4225714 9 -60 
1721809919371 1721809919389 18 329387.370000 3463470.140000 2.958333 18.460000 5C4225714 9 -60 
1721809919427 1721809919443 16 329386.460000 3463470.320000 2.964442 18.460000 5C4225714 9 -60 
1721809919483 1721809919503 20 329384.650000 3463470.680000 2.964442 18.420000 5C4225714 9 -60 
1721809919546 1721809919562 16 329383.560000 3463470.890000 2.964442 18.460000 5C4225714 9 -60 
1721809919601 1721809919624 23 329383.020000 3463471.000000 2.964442 18.420000 5C4225714 9 -60 
1721809919656 1721809919675 19 329381.920000 3463471.200000 2.964224 18.400000 5C4225714 9 -60 
1721809919712 1721809919727 15 329380.830000 3463471.420000 2.964224 18.420000 5C4225714 9 -60 
1721809919771 1721809919792 21 329380.110000 3463471.550000 2.964224 18.400000 5C4225714 9 -60 
1721809919827 1721809919845 18 329379.390000 3463471.690000 2.964224 18.380000 5C4225714 9 -60 
1721809919886 1721809919907 21 329377.580000 3463472.030000 2.971859 18.340000 5C4225714 9 -60 
1721809919942 1721809919966 24 329376.490000 3463472.220000 2.971859 18.280000 5C4225714 9 -60 
1721809919996 1721809920022 26 329376.300000 3463472.250000 2.971859 18.320000 5C4225714 9 -60 
1721809920053 1721809920071 18 329375.040000 3463472.470000 2.980586 18.300000 5C4225714 9 -60 
1721809920109 1721809920125 16 329374.130000 3463472.630000 2.980586 18.320000 5C4225714 9 -60 
1721809920164 1721809920181 17 329372.690000 3463472.870000 2.980586 18.300000 5C4225714 9 -60 
1721809920219 1721809920235 16 329371.780000 3463473.020000 2.993458 18.280000 5C4225714 9 -60 
1721809920275 1721809920293 18 329370.870000 3463473.170000 2.993458 18.280000 5C4225714 9 -60 
1721809920330 1721809920347 17 329369.970000 3463473.300000 2.993458 18.280000 5C4225714 9 -60 
1721809920385 1721809920401 16 329369.060000 3463473.440000 2.993458 18.280000 5C4225714 9 -60 
1721809920440 1721809920458 18 329368.160000 3463473.580000 3.003930 18.240000 5C4225714 9 -60 
1721809920496 1721809920512 16 329366.530000 3463473.810000 3.003930 18.180000 5C4225714 9 -60 
1721809920551 1721809920566 15 329365.260000 3463473.990000 3.003930 18.180000 5C4225714 9 -60 
1721809920608 1721809920624 16 329364.900000 3463474.040000 3.003930 18.160000 5C4225714 9 -60 
1721809920668 1721809920688 20 329363.810000 3463474.180000 3.019856 18.160000 5C4225714 9 -60 
1721809920723 1721809920740 17 329362.910000 3463474.310000 3.019856 18.180000 5C4225714 9 -60 
1721809920778 1721809920798 20 329362.010000 3463474.420000 3.019856 18.120000 5C4225714 9 -60 
1721809920834 1721809920856 22 329361.110000 3463474.520000 3.032510 18.140000 5C4225714 9 -60 
1721809920889 1721809920907 18 329360.020000 3463474.650000 3.032510 18.120000 5C4225714 9 -60 
1721809920945 1721809920966 21 329359.120000 3463474.750000 3.032510 18.120000 5C4225714 9 -60 
1721809921000 1721809921017 17 329357.140000 3463474.980000 3.045600 18.040000 5C4225714 9 -60 
1721809921055 1721809921075 20 329356.240000 3463475.060000 3.045600 17.980000 5C4225714 9 -60 
1721809921111 1721809921136 25 329355.530000 3463475.120000 3.045600 17.940000 5C4225714 9 -60 
1721809921168 1721809921188 20 329354.620000 3463475.220000 3.045600 17.920000 5C4225714 9 -60 
1721809921223 1721809921241 18 329353.910000 3463475.270000 3.063053 17.860000 5C4225714 9 -60 
1721809921278 1721809921299 21 329353.560000 3463475.310000 3.063053 17.800000 5C4225714 9 -60 
1721809921334 1721809921355 21 329352.670000 3463475.380000 3.063053 17.760000 5C4225714 9 -60 
1721809921389 1721809921406 17 329351.070000 3463475.510000 3.063053 17.740000 5C4225714 9 -60 
1721809921445 1721809921462 17 329350.180000 3463475.580000 3.078324 17.680000 5C4225714 9 -60 
1721809921500 1721809921516 16 329349.290000 3463475.640000 3.078324 17.660000 5C4225714 9 -60 
1721809921556 1721809921576 20 329347.530000 3463475.740000 3.078324 17.560000 5C4225714 9 -60 
1721809921611 1721809921630 19 329346.470000 3463475.800000 3.094469 17.520000 5C4225714 9 -60 
1721809921666 1721809921684 18 329345.950000 3463475.830000 3.094469 17.500000 5C4225714 9 -60 
1721809921726 1721809921743 17 329345.950000 3463475.830000 3.094469 17.440000 5C4225714 9 -60 
1721809921781 1721809921798 17 329344.030000 3463475.940000 3.094469 17.420000 5C4225714 9 -60 
1721809921837 1721809921852 15 329342.980000 3463475.990000 3.107122 17.340000 5C4225714 9 -60 
1721809921892 1721809921908 16 329341.930000 3463476.030000 3.107122 17.320000 5C4225714 9 -60 
1721809921947 1721809921965 18 329341.070000 3463476.080000 3.107122 17.280000 5C4225714 9 -60 
1721809922003 1721809922020 17 329340.200000 3463476.100000 3.107122 17.240000 5C4225714 9 -60 
1721809922058 1721809922076 18 329338.990000 3463476.150000 3.115631 17.180000 5C4225714 9 -60 
1721809922113 1721809922131 18 329338.140000 3463476.180000 3.115631 17.120000 5C4225714 9 -60 
1721809922169 1721809922188 19 329337.620000 3463476.190000 3.115631 17.060000 5C4225714 9 -60 
1721809922224 1721809922245 21 329336.250000 3463476.220000 3.128721 17.000000 5C4225714 9 -60 
1721809922279 1721809922296 17 329335.230000 3463476.250000 3.128721 16.940000 5C4225714 9 -60 
1721809922334 1721809922354 20 329334.380000 3463476.270000 3.128721 16.940000 5C4225714 9 -60 
1721809922389 1721809922415 26 329333.690000 3463476.280000 3.128721 16.900000 5C4225714 9 -60 
1721809922445 1721809922465 20 329332.850000 3463476.290000 3.140065 16.880000 5C4225714 9 -60 
1721809922500 1721809922520 20 329331.830000 3463476.310000 3.140065 16.860000 5C4225714 9 -60 
1721809922555 1721809922575 20 329330.820000 3463476.310000 3.140065 16.800000 5C4225714 9 -60 
1721809922610 1721809922630 20 329329.980000 3463476.320000 3.140065 16.760000 5C4225714 9 -60 
1721809922665 1721809922684 19 329328.300000 3463476.320000 -3.133739 16.660000 5C4225714 9 -60 
1721809922720 1721809922739 19 329327.800000 3463476.320000 -3.133739 16.620000 5C4225714 9 -60 
1721809922780 1721809922798 18 329326.630000 3463476.310000 -3.133739 16.580000 5C4225714 9 -60 
1721809922839 1721809922856 17 329325.800000 3463476.310000 -3.123049 16.540000 5C4225714 9 -60 
1721809922895 1721809922911 16 329324.800000 3463476.290000 -3.123049 16.500000 5C4225714 9 -60 
1721809922950 1721809922976 26 329324.140000 3463476.280000 -3.123049 16.500000 5C4225714 9 -60 
1721809923006 1721809923024 18 329323.150000 3463476.260000 -3.123049 16.500000 5C4225714 9 -60 
1721809923061 1721809923085 24 329322.320000 3463476.240000 -3.111049 16.420000 5C4225714 9 -60 
1721809923116 1721809923141 25 329321.500000 3463476.220000 -3.111049 16.400000 5C4225714 9 -60 
1721809923172 1721809923191 19 329320.190000 3463476.190000 -3.111049 16.340000 5C4225714 9 -60 
1721809923229 1721809923248 19 329319.530000 3463476.160000 -3.100577 16.300000 5C4225714 9 -60 
1721809923286 1721809923310 24 329318.390000 3463476.130000 -3.100577 16.240000 5C4225714 9 -60 
1721809923348 1721809923367 19 329317.580000 3463476.100000 -3.100577 16.220000 5C4225714 9 -60 
1721809923403 1721809923425 22 329316.930000 3463476.070000 -3.100577 16.140000 5C4225714 9 -60 
1721809923462 1721809923481 19 329315.960000 3463476.020000 -3.086178 16.120000 5C4225714 9 -60 
1721809923517 1721809923541 24 329315.150000 3463475.990000 -3.086178 16.060000 5C4225714 9 -60 
1721809923572 1721809923595 23 329314.500000 3463475.960000 -3.086178 16.060000 5C4225714 9 -60 
1721809923628 1721809923647 19 329312.580000 3463475.840000 -3.076797 16.000000 5C4225714 9 -60 
1721809923683 1721809923701 18 329311.940000 3463475.810000 -3.076797 15.960000 5C4225714 9 -60 
1721809923739 1721809923755 16 329310.980000 3463475.750000 -3.076797 15.900000 5C4225714 9 -60 
1721809923794 1721809923813 19 329310.190000 3463475.680000 -3.076797 15.880000 5C4225714 9 -60 
1721809923849 1721809923866 17 329309.390000 3463475.630000 -3.064144 15.800000 5C4225714 9 -60 
1721809923904 1721809923920 16 329309.240000 3463475.620000 -3.064144 15.780000 5C4225714 9 -60 
1721809923960 1721809923980 20 329307.970000 3463475.520000 -3.064144 15.740000 5C4225714 9 -60 
1721809924015 1721809924034 19 329306.870000 3463475.430000 -3.051490 15.700000 5C4225714 9 -60 
1721809924070 1721809924086 16 329306.080000 3463475.360000 -3.051490 15.700000 5C4225714 9 -60 
1721809924126 1721809924145 19 329305.460000 3463475.310000 -3.051490 15.680000 5C4225714 9 -60 
1721809924182 1721809924199 17 329303.900000 3463475.150000 -3.051490 15.600000 5C4225714 9 -60 
1721809924237 1721809924255 18 329303.130000 3463475.080000 -3.038836 15.540000 5C4225714 9 -60 
1721809924292 1721809924308 16 329302.350000 3463474.990000 -3.038836 15.440000 5C4225714 9 -60 
1721809924347 1721809924375 28 329301.580000 3463474.910000 -3.038836 15.420000 5C4225714 9 -60 
1721809924402 1721809924419 17 329300.670000 3463474.810000 -3.023347 15.360000 5C4225714 9 -60 
1721809924458 1721809924473 15 329300.200000 3463474.750000 -3.023347 15.340000 5C4225714 9 -60 
1721809924513 1721809924531 18 329299.440000 3463474.660000 -3.023347 15.320000 5C4225714 9 -60 
1721809924568 1721809924585 17 329298.520000 3463474.540000 -3.023347 15.280000 5C4225714 9 -60 
1721809924624 1721809924641 17 329298.070000 3463474.480000 -3.023347 15.240000 5C4225714 9 -60 
1721809924679 1721809924700 21 329297.000000 3463474.350000 -3.009820 15.240000 5C4225714 9 -60 
1721809924734 1721809924754 20 329295.340000 3463474.120000 -3.009820 15.180000 5C4225714 9 -60 
1721809924790 1721809924808 18 329294.890000 3463474.050000 -3.009820 15.120000 5C4225714 9 -60 
1721809924845 1721809924869 24 329294.290000 3463473.960000 -2.996294 15.060000 5C4225714 9 -60 
1721809924900 1721809924918 18 329293.100000 3463473.780000 -2.996294 15.020000 5C4225714 9 -60 
1721809924960 1721809924976 16 329292.350000 3463473.670000 -2.996294 14.940000 5C4225714 9 -60 
1721809925034 1721809925054 20 329291.910000 3463473.600000 -2.996294 14.940000 5C4225714 9 -60 
1721809925100 1721809925119 19 329290.140000 3463473.300000 -2.978623 14.860000 5C4225714 9 -60 
1721809925155 1721809925170 15 329289.260000 3463473.150000 -2.978623 14.840000 5C4225714 9 -60 
1721809925210 1721809925239 29 329288.520000 3463473.020000 -2.967496 14.780000 5C4225714 9 -60 
1721809925266 1721809925282 16 329287.800000 3463472.890000 -2.967496 14.780000 5C4225714 9 -60 
1721809925321 1721809925338 17 329286.920000 3463472.740000 -2.967496 14.760000 5C4225714 9 -60 
1721809925376 1721809925397 21 329286.200000 3463472.600000 -2.967496 14.680000 5C4225714 9 -60 
1721809925431 1721809925447 16 329285.480000 3463472.460000 -2.952879 14.660000 5C4225714 9 -60 
1721809925486 1721809925506 20 329284.760000 3463472.320000 -2.952879 14.600000 5C4225714 9 -60 
1721809925541 1721809925575 34 329284.050000 3463472.180000 -2.952879 14.580000 5C4225714 9 -60 
1721809925596 1721809925617 21 329283.040000 3463471.980000 -2.952879 14.520000 5C4225714 9 -60 
1721809925651 1721809925675 24 329282.180000 3463471.800000 -2.938044 14.460000 5C4225714 9 -60 
1721809925707 1721809925732 25 329281.480000 3463471.650000 -2.938044 14.420000 5C4225714 9 -60 
1721809925762 1721809925780 18 329280.770000 3463471.510000 -2.938044 14.380000 5C4225714 9 -60 
1721809925817 1721809925834 17 329279.930000 3463471.320000 -2.926263 14.340000 5C4225714 9 -60 
1721809925873 1721809925895 22 329279.220000 3463471.160000 -2.926263 14.340000 5C4225714 9 -60 
1721809925928 1721809925944 16 329278.670000 3463471.040000 -2.926263 14.280000 5C4225714 9 -60 
1721809925983 1721809926001 18 329277.820000 3463470.850000 -2.926263 14.260000 5C4225714 9 -60 
1721809926039 1721809926078 39 329277.140000 3463470.700000 -2.915136 14.240000 5C4225714 9 -60 
1721809926098 1721809926117 19 329276.570000 3463470.560000 -2.915136 14.180000 5C4225714 9 -60 
1721809926153 1721809926172 19 329275.060000 3463470.210000 -2.915136 14.080000 5C4225714 9 -60 
1721809926208 1721809926228 20 329274.240000 3463470.030000 -2.906628 13.980000 5C4225714 9 -60 
1721809926263 1721809926283 20 329274.100000 3463469.980000 -2.906628 13.960000 5C4225714 9 -60 
1721809926318 1721809926335 17 329272.870000 3463469.690000 -2.906628 13.940000 5C4225714 9 -60 
1721809926374 1721809926393 19 329272.330000 3463469.560000 -2.906628 13.900000 5C4225714 9 -60 
1721809926429 1721809926447 18 329271.660000 3463469.390000 -2.894847 13.840000 5C4225714 9 -60 
1721809926485 1721809926501 16 329270.850000 3463469.190000 -2.894847 13.820000 5C4225714 9 -60 
1721809926541 1721809926557 16 329270.180000 3463469.030000 -2.894847 13.720000 5C4225714 9 -60 
1721809926596 1721809926616 20 329269.520000 3463468.860000 -2.894847 13.660000 5C4225714 9 -60 
1721809926651 1721809926669 18 329268.860000 3463468.680000 -2.888956 13.580000 5C4225714 9 -60 
1721809926706 1721809926726 20 329267.410000 3463468.310000 -2.888956 13.480000 5C4225714 9 -60 
1721809926761 1721809926786 25 329266.760000 3463468.140000 -2.888956 13.420000 5C4225714 9 -60 
1721809926816 1721809926836 20 329266.510000 3463468.070000 -2.880230 13.320000 5C4225714 9 -60 
1721809926871 1721809926890 19 329265.860000 3463467.890000 -2.880230 13.220000 5C4225714 9 -60 
1721809926927 1721809926945 18 329265.090000 3463467.680000 -2.880230 13.220000 5C4225714 9 -60 
1721809926982 1721809926999 17 329264.570000 3463467.540000 -2.880230 13.100000 5C4225714 9 -60 
1721809927037 1721809927072 35 329263.820000 3463467.330000 -2.868885 13.060000 5C4225714 9 -60 
1721809927092 1721809927121 29 329263.190000 3463467.160000 -2.868885 13.020000 5C4225714 9 -60 
1721809927147 1721809927175 28 329262.560000 3463466.980000 -2.868885 12.940000 5C4225714 9 -60 
1721809927206 1721809927247 41 329261.930000 3463466.810000 -2.868885 12.860000 5C4225714 9 -60 
1721809927261 1721809927281 20 329260.690000 3463466.450000 -2.862340 12.700000 5C4225714 9 -60 
1721809927316 1721809927336 20 329259.960000 3463466.240000 -2.862340 12.620000 5C4225714 9 -60 
1721809927372 1721809927389 17 329259.470000 3463466.100000 -2.862340 12.540000 5C4225714 9 -60 
1721809927428 1721809927446 18 329258.750000 3463465.890000 -2.855140 12.500000 5C4225714 9 -60 
1721809927483 1721809927503 20 329258.030000 3463465.680000 -2.855140 12.380000 5C4225714 9 -60 
1721809927539 1721809927555 16 329257.670000 3463465.570000 -2.855140 12.340000 5C4225714 9 -60 
1721809927594 1721809927619 25 329256.960000 3463465.370000 -2.855140 12.280000 5C4225714 9 -60 
1721809927649 1721809927671 22 329256.250000 3463465.160000 -2.854050 12.140000 5C4225714 9 -60 
1721809927705 1721809927721 16 329255.670000 3463464.990000 -2.854050 12.100000 5C4225714 9 -60 
1721809927760 1721809927778 18 329255.200000 3463464.860000 -2.854050 11.980000 5C4225714 9 -60 
1721809927815 1721809927832 17 329253.820000 3463464.450000 -2.851650 11.780000 5C4225714 9 -60 
1721809927871 1721809927891 20 329253.260000 3463464.280000 -2.851650 11.720000 5C4225714 9 -60 
1721809927926 1721809927943 17 329252.700000 3463464.120000 -2.851650 11.560000 5C4225714 9 -60 
1721809927982 1721809928002 20 329252.150000 3463463.950000 -2.851650 11.480000 5C4225714 9 -60 
1721809928038 1721809928056 18 329251.590000 3463463.790000 -2.846414 11.420000 5C4225714 9 -60 
