pub_time(ms) sub_time(ms) delay(ms) utmX(m) utmY(m) heading(rad) velocity(m/s) cellid(db) sinr(db) rsrp(db)
1722417497058 1722417497090 32 329084.390000000013970 3462979.250000000000000 2.416190183229650 0.000000000000000 5C407000B 8 -84 329084.384862296399660 3462979.250921004451811
1722417497114 1722417497134 20 329084.380000000004657 3462979.250000000000000 2.416190183229650 0.000000000000000 5C407000B 8 -84 329084.385042786074337 3462979.262006539385766
1722417497168 1722417497186 18 329084.380000000004657 3462979.260000000242144 2.416190183229650 0.000000000000000 5C407000B 8 -84 329084.375522884191014 3462979.262161537539214
1722417497223 1722417497240 17 329084.369999999995343 3462979.260000000242144 2.416190183229650 0.000000000000000 5C407000B 8 -84 329084.375522884191014 3462979.262161537539214
1722417497279 1722417497294 15 329084.369999999995343 3462979.260000000242144 2.415317518603652 0.000000000000000 5C407000B 8 -84 329084.366183472040575 3462979.273402071557939
1722417497334 1722417497349 15 329084.359999999986030 3462979.270000000018626 2.415317518603652 0.000000000000000 5C407000B 8 -84 329084.356844057561830 3462979.284642605576664
1722417497389 1722417497404 15 329084.350000000034925 3462979.280000000260770 2.415317518603652 0.000000000000000 5C407000B 8 -84 329084.347324158065021 3462979.284797603730112
1722417497444 1722417497464 20 329084.340000000025611 3462979.280000000260770 2.415317518603652 0.000000000000000 5C407000B 8 -84 329084.337984743644483 3462979.296038137283176
1722417497499 1722417497518 19 329084.320000000006985 3462979.300000000279397 2.414444853977655 0.160000000000000 5C407000B 8 -84 329084.328645333938766 3462979.307278670370579
1722417497554 1722417497574 20 329084.309999999997672 3462979.300000000279397 2.414444853977655 0.180000000000000 5C407000B 8 -84 329084.319125429727137 3462979.307433668989688
1722417497610 1722417497629 19 329084.299999999988358 3462979.320000000298023 2.414444853977655 0.240000000000000 5C407000B 8 -84 329084.300446603214368 3462979.329914737027138
1722417497665 1722417497681 16 329084.289999999979045 3462979.339999999850988 2.413572189351658 0.340000000000000 5C407000B 8 -84 329084.291107193566859 3462979.341155270114541
1722417497720 1722417497741 21 329084.270000000018626 3462979.350000000093132 2.413572189351658 0.380000000000000 5C407000B 8 -84 329084.253569055988919 3462979.375031869858503
1722417497776 1722417497791 15 329084.250000000000000 3462979.370000000111759 2.413572189351658 0.420000000000000 5C407000B 8 -84 329084.225370328058489 3462979.397667937446386
1722417497831 1722417497846 15 329084.220000000030268 3462979.390000000130385 2.413572189351658 0.480000000000000 5C407000B 8 -84 329084.216030918643810 3462979.408908469136804
1722417497886 1722417497901 15 329084.210000000020955 3462979.399999999906868 2.412481358569162 0.580000000000000 5C407000B 8 -84 329084.178492779028602 3462979.442785069812089
1722417497941 1722417497956 15 329084.169999999983702 3462979.439999999944121 2.412481358569162 0.600000000000000 5C407000B 8 -84 329084.150294053833932 3462979.465421136002988
1722417497996 1722417498011 15 329084.150000000023283 3462979.459999999962747 2.412481358569162 0.700000000000000 5C407000B 8 -84 329084.103236015303992 3462979.499452735297382
1722417498051 1722417498071 20 329084.100000000034925 3462979.490000000223517 2.412263192412662 0.760000000000000 5C407000B 8 -84 329084.084557189722545 3462979.521933802869171
1722417498106 1722417498120 14 329084.080000000016298 3462979.520000000018626 2.412263192412662 0.840000000000000 5C407000B 8 -84 329084.056358464877121 3462979.544569869525731
1722417498162 1722417498178 16 329084.000000000000000 3462979.580000000074506 2.412263192412662 1.000000000000000 5C407000B 8 -84 329084.009480914915912 3462979.589687004685402
1722417498217 1722417498234 17 329083.970000000030268 3462979.620000000111759 2.412263192412662 1.060000000000000 5C407000B 8 -84 329083.971942779025994 3462979.623563605360687
1722417498272 1722417498288 16 329083.910000000032596 3462979.660000000149012 2.417062847855647 1.140000000000000 5C407000B 8 -84 329083.915545328170992 3462979.668835739139467
1722417498327 1722417498343 16 329083.850000000034925 3462979.720000000204891 2.417062847855647 1.220000000000000 5C407000B 8 -84 329083.859328370541334 3462979.725193407386541
1722417498382 1722417498398 16 329083.799999999988358 3462979.770000000018626 2.417062847855647 1.280000000000000 5C407000B 8 -84 329083.774732197169214 3462979.793101611081511
1722417498438 1722417498455 17 329083.770000000018626 3462979.790000000037253 2.417062847855647 1.360000000000000 5C407000B 8 -84 329083.699655926262494 3462979.860854813829064
1722417498493 1722417498510 17 329083.690000000002328 3462979.859999999869615 2.414008521664657 1.460000000000000 5C407000B 8 -84 329083.615059757372364 3462979.928763016592711
1722417498548 1722417498565 17 329083.609999999986030 3462979.919999999925494 2.414008521664657 1.520000000000000 5C407000B 8 -84 329083.549322899081744 3462979.985275687649846
1722417498603 1722417498623 20 329083.539999999979045 3462979.979999999981374 2.414008521664657 1.620000000000000 5C407000B 8 -84 329083.483586043934338 3462980.041788358241320
1722417498657 1722417498673 16 329083.479999999981374 3462980.040000000037253 2.421426170985633 1.700000000000000 5C407000B 8 -84 329083.417849186924286 3462980.098301028832793
1722417498712 1722417498726 14 329083.410000000032596 3462980.089999999850988 2.421426170985633 1.760000000000000 5C407000B 8 -84 329083.370971644646488 3462980.143418167717755
1722417498767 1722417498784 17 329083.369999999995343 3462980.140000000130385 2.421426170985633 1.820000000000000 5C407000B 8 -84 329083.295714887790382 3462980.200085838790983
1722417498822 1722417498836 14 329083.220000000030268 3462980.260000000242144 2.421426170985633 1.960000000000000 5C407000B 8 -84 329083.220638622879051 3462980.267839044798166
1722417498877 1722417498894 17 329083.150000000023283 3462980.310000000055879 2.425353161802620 2.040000000000000 5C407000B 8 -84 329083.154721277765930 3462980.313266183715314
1722417498932 1722417498946 14 329083.059999999997672 3462980.399999999906868 2.425353161802620 2.100000000000000 5C407000B 8 -84 329083.060966195072979 3462980.403500461485237
1722417498987 1722417499001 14 329082.989999999990687 3462980.459999999962747 2.425353161802620 2.140000000000000 5C407000B 8 -84 329082.995229345047846 3462980.460013137198985
1722417499042 1722417499059 17 329082.880000000004657 3462980.530000000260770 2.425353161802620 2.240000000000000 5C407000B 8 -84 329082.797838303144090 3462980.618465626612306
1722417499098 1722417499121 23 329082.789999999979045 3462980.609999999869615 2.429498318776107 2.300000000000000 5C407000B 8 -84 329082.685043424949981 3462980.709009908605367
1722417499152 1722417499169 17 329082.679999999993015 3462980.700000000186265 2.429498318776107 2.400000000000000 5C407000B 8 -84 329082.647505297441967 3462980.742886513937265
1722417499207 1722417499221 14 329082.640000000013970 3462980.740000000223517 2.429498318776107 2.460000000000000 5C407000B 8 -84 329082.534890913637355 3462980.844516332726926
1722417499262 1722417499279 17 329082.530000000027940 3462980.839999999850988 2.429498318776107 2.540000000000000 5C407000B 8 -84 329082.393897322705016 3462980.957696689292789
1722417499321 1722417499336 15 329082.390000000013970 3462980.950000000186265 2.438443131192577 2.580000000000000 5C407000B 8 -84 329082.309301168657839 3462981.025604905094951
1722417499376 1722417499395 19 329082.140000000013970 3462981.149999999906868 2.438443131192577 2.740000000000000 5C407000B 8 -84 329082.149448274285533 3462981.150180800817907
1722417499431 1722417499445 14 329082.080000000016298 3462981.200000000186265 2.438443131192577 2.820000000000000 5C407000B 8 -84 329082.083711431361735 3462981.206693482119590
1722417499486 1722417499501 15 329081.929999999993015 3462981.339999999850988 2.443897285105059 2.920000000000000 5C407000B 8 -84 329081.933558934950270 3462981.342199915088713
1722417499541 1722417499556 15 329081.820000000006985 3462981.410000000149012 2.443897285105059 2.980000000000000 5C407000B 8 -84 329081.829922986798920 3462981.410418136045337
1722417499596 1722417499611 15 329081.660000000032596 3462981.540000000037253 2.443897285105059 3.040000000000000 5C407000B 8 -84 329081.660730694187805 3462981.546234576962888
1722417499652 1722417499665 13 329081.530000000027940 3462981.640000000130385 2.456987254495017 3.140000000000000 5C407000B 8 -84 329081.416462165652774 3462981.749804241117090
1722417499707 1722417499723 16 329081.410000000032596 3462981.740000000223517 2.456987254495017 3.240000000000000 5C407000B 8 -84 329081.331866024120245 3462981.817712464835495
1722417499762 1722417499777 15 329081.330000000016298 3462981.810000000055879 2.456987254495017 3.280000000000000 5C407000B 8 -84 329081.200211867806502 3462981.919652302283794
1722417499816 1722417499836 20 329081.200000000011642 3462981.910000000149012 2.456987254495017 3.380000000000000 5C407000B 8 -84 329081.040358995087445 3462982.044228216633201
1722417499871 1722417499890 19 329081.039999999979045 3462982.040000000037253 2.460477912999006 3.420000000000000 5C407000B 8 -84 329080.927564147219528 3462982.134772519115359
1722417499926 1722417499943 17 329080.869999999995343 3462982.180000000167638 2.460477912999006 3.620000000000000 5C407000B 8 -84 329080.871166725177318 3462982.180044670589268
1722417499980 1722417499996 16 329080.580000000016298 3462982.399999999906868 2.460477912999006 3.680000000000000 5C407000B 8 -84 329080.589179615140893 3462982.406405434478074
1722417500035 1722417500053 18 329080.580000000016298 3462982.399999999906868 2.460477912999006 3.680000000000000 5C407000B 8 -84 329080.467045372352004 3462982.508190279826522
1722417500091 1722417500108 17 329080.280000000027940 3462982.640000000130385 2.465713900754989 3.820000000000000 5C407000B 8 -84 329080.288333213422447 3462982.644161746371537
1722417500146 1722417500161 15 329080.160000000032596 3462982.740000000223517 2.465713900754989 3.900000000000000 5C407000B 8 -84 329080.166198976279702 3462982.745946594979614
1722417500201 1722417500221 20 329079.970000000030268 3462982.890000000130385 2.465713900754989 3.960000000000000 5C407000B 8 -84 329079.818294582248200 3462983.017734540626407
1722417500256 1722417500271 15 329079.809999999997672 3462983.010000000242144 2.477276707049451 4.040000000000000 5C407000B 8 -84 329079.818294582248200 3462983.017734540626407
1722417500311 1722417500326 15 329079.630000000004657 3462983.169999999925494 2.477276707049451 4.120000000000000 5C407000B 8 -84 329079.526968116115313 3462983.255335872061551
1722417500367 1722417500381 14 329079.520000000018626 3462983.250000000000000 2.477276707049451 4.200000000000000 5C407000B 8 -84 329079.357775884913281 3462983.391152351163328
1722417500425 1722417500441 16 329079.350000000034925 3462983.390000000130385 2.477276707049451 4.260000000000000 5C407000B 8 -84 329079.188403160311282 3462983.515883301384747
1722417500480 1722417500496 16 329079.179999999993015 3462983.510000000242144 2.480549199396941 4.360000000000000 5C407000B 8 -84 329079.019391433394048 3462983.662785322405398
1722417500536 1722417500551 15 329079.010000000009313 3462983.660000000149012 2.480549199396941 4.400000000000000 5C407000B 8 -84 329078.840679314918816 3462983.798756815958768
1722417500591 1722417500606 15 329078.619999999995343 3462983.959999999962747 2.480549199396941 4.560000000000000 5C407000B 8 -84 329078.624429097806569 3462983.968604934401810
1722417500646 1722417500660 14 329078.440000000002328 3462984.109999999869615 2.484476190213928 4.640000000000000 5C407000B 8 -84 329078.445897488214541 3462984.115661968942732
1722417500705 1722417500723 18 329078.220000000030268 3462984.290000000037253 2.484476190213928 4.700000000000000 5C407000B 8 -84 329078.220307880488690 3462984.296750635374337
1722417500760 1722417500773 13 329078.030000000027940 3462984.439999999944121 2.484476190213928 4.720000000000000 5C407000B 8 -84 329078.032256384671200 3462984.443962682969868
1722417500815 1722417500831 16 329077.910000000032596 3462984.530000000260770 2.484476190213928 4.800000000000000 5C407000B 8 -84 329077.656333901104517 3462984.749472324270755
1722417500869 1722417500886 17 329077.650000000023283 3462984.740000000223517 2.487312350248419 4.880000000000000 5C407000B 8 -84 329077.458943019097205 3462984.907924922648817
1722417500924 1722417500943 19 329077.450000000011642 3462984.899999999906868 2.487312350248419 4.900000000000000 5C407000B 8 -84 329077.308610137319192 3462985.032345893327147
1722417500979 1722417500995 16 329077.299999999988358 3462985.030000000260770 2.487312350248419 4.940000000000000 5C407000B 8 -84 329077.148757362097967 3462985.156921872869134
1722417501035 1722417501048 13 329077.140000000013970 3462985.149999999906868 2.487312350248419 4.980000000000000 5C407000B 8 -84 329076.913647902081721 3462985.338165574707091
1722417501090 1722417501106 16 329076.910000000032596 3462985.330000000074506 2.487094184091919 5.040000000000000 5C407000B 8 -84 329076.716437542927451 3462985.507703723851591
1722417501146 1722417501163 17 329076.710000000020955 3462985.500000000000000 2.487094184091919 5.060000000000000 5C407000B 8 -84 329076.471988700272050 3462985.700187977869064
1722417501201 1722417501216 15 329076.309999999997672 3462985.820000000298023 2.487094184091919 5.140000000000000 5C407000B 8 -84 329076.312135944957845 3462985.824763969518244
1722417501256 1722417501271 15 329076.309999999997672 3462985.820000000298023 2.487094184091919 5.220000000000000 5C407000B 8 -84 329076.312135944957845 3462985.824763969518244
1722417501311 1722417501326 15 329075.820000000006985 3462986.220000000204891 2.494293667256396 5.220000000000000 5C407000B 8 -84 329075.823418801883236 3462986.220818038564175
1722417501366 1722417501381 15 329075.600000000034925 3462986.390000000130385 2.494293667256396 5.300000000000000 5C407000B 8 -84 329075.607168682734482 3462986.390666223596781
1722417501420 1722417501436 16 329075.400000000023283 3462986.560000000055879 2.494293667256396 5.320000000000000 5C407000B 8 -84 329075.315661901899148 3462986.617182148154825
1722417501487 1722417501501 14 329075.309999999997672 3462986.609999999869615 2.488621347187414 5.380000000000000 5C407000B 8 -84 329075.062054217443801 3462986.831992513500154
1722417501543 1722417501564 21 329075.059999999997672 3462986.830000000074506 2.488621347187414 5.420000000000000 5C407000B 8 -84 329074.845804122858681 3462987.001840716227889
1722417501598 1722417501614 16 329074.580000000016298 3462987.200000000186265 2.488621347187414 5.520000000000000 5C407000B 8 -84 329074.582496059185360 3462987.205720568075776
1722417501653 1722417501669 16 329074.410000000032596 3462987.339999999850988 2.488185014874416 5.580000000000000 5C407000B 8 -84 329074.413303954643197 3462987.341537135187536
1722417501708 1722417501725 17 329074.229999999981374 3462987.479999999981374 2.488185014874416 5.640000000000000 5C407000B 8 -84 329074.234772458206862 3462987.488594247493893
1722417501763 1722417501778 15 329073.960000000020955 3462987.700000000186265 2.488185014874416 5.700000000000000 5C407000B 8 -84 329073.962125027435832 3462987.703714659437537
1722417501818 1722417501835 17 329073.650000000023283 3462987.950000000186265 2.488185014874416 5.740000000000000 5C407000B 8 -84 329073.651939532253891 3462987.952711719088256
1722417501873 1722417501888 15 329073.419999999983702 3462988.129999999888241 2.495602664195392 5.800000000000000 5C407000B 8 -84 329073.426350090827327 3462988.133800497744232
1722417501929 1722417501945 16 329073.140000000013970 3462988.359999999869615 2.495602664195392 5.860000000000000 5C407000B 8 -84 329072.956311945570633 3462988.507373622152954
1722417501984 1722417502005 21 329072.950000000011642 3462988.500000000000000 2.495602664195392 5.920000000000000 5C407000B 8 -84 329072.674325173487887 3462988.733734616078436
1722417502039 1722417502054 15 329072.669999999983702 3462988.729999999981374 2.498875156542881 5.960000000000000 5C407000B 8 -84 329072.580209252657369 3462988.801797925494611
1722417502093 1722417502108 15 329072.580000000016298 3462988.800000000279397 2.498875156542881 6.020000000000000 5C407000B 8 -84 329072.298402999469545 3462989.039244464132935
1722417502148 1722417502166 18 329072.289999999979045 3462989.030000000260770 2.498875156542881 6.080000000000000 5C407000B 8 -84 329072.110532173537649 3462989.197542161215097
1722417502203 1722417502225 22 329072.109999999986030 3462989.189999999944121 2.498875156542881 6.120000000000000 5C407000B 8 -84 329071.772148093674332 3462989.469175383914262
1722417502258 1722417502274 16 329071.520000000018626 3462989.669999999925494 2.489930344126410 6.260000000000000 5C407000B 8 -84 329071.527879938832484 3462989.672745296731591
1722417502313 1722417502329 16 329071.229999999981374 3462989.910000000149012 2.489930344126410 6.300000000000000 5C407000B 8 -84 329071.236553837428801 3462989.910346878226846
1722417502369 1722417502384 15 329070.989999999990687 3462990.109999999869615 2.489930344126410 6.340000000000000 5C407000B 8 -84 329070.992285703076050 3462990.113916804548353
1722417502424 1722417502439 15 329070.840000000025611 3462990.220000000204891 2.489930344126410 6.360000000000000 5C407000B 8 -84 329070.841772464278620 3462990.227252339944243
1722417502479 1722417502496 17 329070.489999999990687 3462990.520000000018626 2.483821691744430 6.440000000000000 5C407000B 8 -84 329070.494229570380412 3462990.521211688406765
1722417502534 1722417502549 15 329070.429999999993015 3462990.560000000055879 2.483821691744430 6.480000000000000 5C407000B 8 -84 329070.033711524214596 3462990.894629942253232
1722417502593 1722417502609 16 329070.030000000027940 3462990.890000000130385 2.483821691744430 6.520000000000000 5C407000B 8 -84 329069.780104049947113 3462991.109440447296947
1722417502648 1722417502666 18 329069.780000000027940 3462991.100000000093132 2.483821691744430 6.580000000000000 5C407000B 8 -84 329069.526496586098801 3462991.324250959791243
1722417502707 1722417502724 17 329069.520000000018626 3462991.320000000298023 2.485785187152923 6.640000000000001 5C407000B 13 -77 329069.319766563596204 3462991.493944271001965
1722417502762 1722417502776 14 329069.000000000000000 3462991.750000000000000 2.485785187152923 6.720000000000000 5C407000B 13 -77 329069.009761798137333 3462991.754027015063912
1722417502817 1722417502834 17 329069.000000000000000 3462991.750000000000000 2.485785187152923 6.720000000000000 5C407000B 13 -77 329068.746634472045116 3462991.968992560636252
1722417502873 1722417502889 16 329068.530000000027940 3462992.129999999888241 2.483821691744430 6.780000000000000 5C407000B 13 -77 329068.539904474688228 3462992.138685889542103
1722417502928 1722417502949 21 329068.169999999983702 3462992.450000000186265 2.483821691744430 6.860000000000000 5C407000B 13 -77 329068.173682942171581 3462992.455126418266445
1722417502983 1722417502999 16 329067.900000000023283 3462992.669999999925494 2.483821691744430 6.900000000000000 5C407000B 13 -77 329067.901035757735372 3462992.670247002039105
1722417503038 1722417503054 16 329067.580000000016298 3462992.939999999944121 2.473567882388963 6.940000000000000 5C407000B 13 -77 329067.309225031174719 3462993.167776474729180
1722417503093 1722417503108 15 329067.299999999988358 3462993.160000000149012 2.473567882388963 6.980000000000000 5C407000B 13 -77 329067.205950309406035 3462993.258165921550244
1722417503149 1722417503165 16 329067.200000000011642 3462993.250000000000000 2.473567882388963 7.040000000000000 5C407000B 13 -77 329066.877266884315759 3462993.540729835163802
1722417503204 1722417503219 15 329066.869999999995343 3462993.540000000037253 2.473567882388963 7.100000000000001 5C407000B 13 -77 329066.708074980298989 3462993.676546534989029
1722417503259 1722417503274 15 329066.700000000011642 3462993.669999999925494 2.473567882388963 7.140000000000001 5C407000B 13 -77 329066.379211071995087 3462993.948024929966778
1722417503314 1722417503329 15 329066.369999999995343 3462993.939999999944121 2.472913383919465 7.180000000000000 5C407000B 13 -77 329066.050527690676972 3462994.230588871054351
1722417503369 1722417503383 14 329066.049999999988358 3462994.229999999981374 2.472913383919465 7.200000000000000 5C407000B 13 -77 329065.712324438267387 3462994.513307839632034
1722417503424 1722417503440 16 329065.710000000020955 3462994.510000000242144 2.472913383919465 7.260000000000000 5C407000B 13 -77 329065.486915783607401 3462994.705482336226851
1722417503479 1722417503494 15 329065.150000000023283 3462994.979999999981374 2.477713039362450 7.340000000000000 5C407000B 13 -77 329065.158232449844945 3462994.988046308048069
1722417503534 1722417503548 14 329064.869999999995343 3462995.229999999981374 2.477713039362450 7.380000000000000 5C407000B 13 -77 329064.876607042853720 3462995.236578597687185
1722417503589 1722417503607 18 329064.520000000018626 3462995.510000000242144 2.477713039362450 7.400000000000000 5C407000B 13 -77 329064.528883963823318 3462995.519452625419945
1722417503644 1722417503661 17 329064.239999999990687 3462995.760000000242144 2.461350577625003 7.480000000000000 5C407000B 13 -77 329063.956113331252709 3462996.016672268509865
1722417503699 1722417503716 17 329063.950000000011642 3462996.010000000242144 2.461350577625003 7.500000000000000 5C407000B 13 -77 329063.608570817741565 3462996.310631866101176
1722417503759 1722417503774 15 329063.600000000034925 3462996.310000000055879 2.461350577625003 7.560000000000000 5C407000B 13 -77 329063.373642352817114 3462996.502961428835988
1722417503815 1722417503831 16 329063.369999999995343 3462996.500000000000000 2.461350577625003 7.620000000000000 5C407000B 13 -77 329063.026280384976417 3462996.808006581850350
1722417503870 1722417503886 16 329063.020000000018626 3462996.800000000279397 2.468331894632980 7.640000000000001 5C407000B 13 -77 329062.791532452916726 3462997.011421696282923
1722417503925 1722417503943 18 329062.429999999993015 3462997.310000000055879 2.468331894632980 7.740000000000000 5C407000B 13 -77 329062.434650632436387 3462997.316621888894588
1722417503980 1722417503996 16 329062.429999999993015 3462997.310000000055879 2.468331894632980 7.740000000000000 5C407000B 13 -77 329062.256119474011939 3462997.463679221458733
1722417504035 1722417504051 16 329061.890000000013970 3462997.760000000242144 2.458078085277513 7.840000000000000 5C407000B 13 -77 329061.899237681878731 3462997.768879433162510
1722417504091 1722417504106 15 329061.590000000025611 3462998.020000000018626 2.458078085277513 7.900000000000000 5C407000B 13 -77 329061.598753169644624 3462998.028807397000492
1722417504146 1722417504160 14 329061.419999999983702 3462998.180000000167638 2.458078085277513 7.920000000000000 5C407000B 13 -77 329061.420402547693811 3462998.186950279865414
1722417504201 1722417504218 17 329060.989999999990687 3462998.540000000037253 2.458078085277513 7.960000000000000 5C407000B 13 -77 329060.997784184990451 3462998.548663347493857
1722417504256 1722417504271 15 329060.630000000004657 3462998.859999999869615 2.472695217762966 8.020000000000000 5C407000B 13 -77 329060.321558762574568 3462999.125187184195966
1722417504311 1722417504325 14 329060.320000000006985 3462999.120000000111759 2.472695217762966 8.040000000000001 5C407000B 13 -77 329060.077471568947658 3462999.339842921588570
1722417504366 1722417504381 15 329060.070000000006985 3462999.330000000074506 2.472695217762966 8.100000000000000 5C407000B 13 -77 329059.645513931405731 3462999.712796605192125
1722417504422 1722417504436 14 329059.640000000013970 3462999.709999999962747 2.472695217762966 8.140000000000001 5C407000B 13 -77 329059.391906881122850 3462999.927607383113354
1722417504477 1722417504491 14 329059.390000000013970 3462999.919999999925494 2.458296251434013 8.160000000000000 5C407000B 13 -77 329059.213556324539240 3463000.085750307422131
1722417504532 1722417504549 17 329059.210000000020955 3463000.080000000074506 2.458296251434013 8.199999999999999 5C407000B 13 -77 329058.772259382705670 3463000.469944587443024
1722417504587 1722417504604 17 329058.770000000018626 3463000.459999999962747 2.458296251434013 8.279999999999999 5C407000B 13 -77 329058.518652368395124 3463000.684755388181657
1722417504642 1722417504658 16 329058.190000000002328 3463000.950000000186265 2.458732583747011 8.320000000000000 5C407000B 13 -77 329058.199308772687800 3463000.956079035997391
1722417504697 1722417504715 18 329057.880000000004657 3463001.220000000204891 2.458732583747011 8.380000000000001 5C407000B 13 -77 329057.889485076419078 3463001.227247672155499
1722417504752 1722417504769 17 329057.500000000000000 3463001.560000000055879 2.458732583747011 8.420000000000000 5C407000B 13 -77 329057.504585451213643 3463001.566169725265354
1722417504808 1722417504824 16 329057.250000000000000 3463001.780000000260770 2.458732583747011 8.480000000000000 5C407000B 13 -77 329057.250978489173576 3463001.780980558600277
1722417504868 1722417504884 16 329056.799999999988358 3463002.169999999925494 2.455896423712520 8.480000000000000 5C407000B 13 -77 329056.546915915794671 3463002.402311875950545
1722417504923 1722417504944 21 329056.539999999979045 3463002.399999999906868 2.455896423712520 8.520000000000000 5C407000B 13 -77 329056.546915915794671 3463002.402311875950545
1722417504978 1722417504994 16 329056.539999999979045 3463002.399999999906868 2.455896423712520 8.560000000000000 5C407000B 13 -77 329055.823813660244923 3463003.023953295312822
1722417505033 1722417505054 21 329055.820000000006985 3463003.020000000018626 2.455896423712520 8.580000000000000 5C407000B 13 -77 329055.438914167287294 3463003.362875431310385
1722417505088 1722417505106 18 329055.429999999993015 3463003.359999999869615 2.453714762147528 8.640000000000001 5C407000B 13 -77 329055.110411893227138 3463003.656525280792266
1722417505144 1722417505164 20 329055.109999999986030 3463003.649999999906868 2.453714762147528 8.660000000000000 5C407000B 13 -77 329055.044675338082016 3463003.713038143701851
1722417505199 1722417505216 17 329054.640000000013970 3463004.050000000279397 2.453714762147528 8.740000000000000 5C407000B 13 -77 329054.640736131928861 3463004.052270364481956
1722417505254 1722417505270 16 329054.239999999990687 3463004.399999999906868 2.457423586808016 8.800000000000001 5C407000B 13 -77 329054.246497357496992 3463004.402433109935373
1722417505309 1722417505324 15 329054.039999999979045 3463004.580000000074506 2.457423586808016 8.840000000000000 5C407000B 13 -77 329054.049468240758870 3463004.583057256881148
1722417505364 1722417505379 15 329053.570000000006985 3463004.979999999981374 2.457423586808016 8.859999999999999 5C407000B 13 -77 329053.579973082058132 3463004.989887926727533
1722417505419 1722417505434 15 329053.169999999983702 3463005.339999999850988 2.457423586808016 8.880000000000001 5C407000B 13 -77 329052.772455939964857 3463005.690523579251021
1722417505474 1722417505488 14 329052.770000000018626 3463005.689999999944121 2.443679118948561 8.920000000000000 5C407000B 13 -77 329052.434433936665300 3463005.984328547026962
1722417505530 1722417505546 16 329052.429999999993015 3463005.979999999981374 2.443679118948561 8.960000000000001 5C407000B 13 -77 329052.087072599155363 3463006.289374093059450
1722417505585 1722417505603 18 329052.080000000016298 3463006.280000000260770 2.443679118948561 9.020000000000000 5C407000B 13 -77 329051.683314113004599 3463006.639691972173750
1722417505640 1722417505653 13 329051.679999999993015 3463006.629999999888241 2.443679118948561 9.020000000000000 5C407000B 13 -77 329051.683314113004599 3463006.639691972173750
1722417505695 1722417505710 15 329051.119999999995343 3463007.120000000111759 2.453496595991028 9.080000000000000 5C407000B 13 -77 329051.129403921891935 3463007.125516780652106
1722417505750 1722417505767 17 329050.850000000034925 3463007.359999999869615 2.453496595991028 9.140000000000001 5C407000B 13 -77 329050.857118522166274 3463007.362808913923800
1722417505809 1722417505824 15 329050.429999999993015 3463007.720000000204891 2.453496595991028 9.160000000000000 5C407000B 13 -77 329050.434500890667550 3463007.724522443488240
1722417505863 1722417505886 23 329050.160000000032596 3463007.959999999962747 2.451314934426035 9.160000000000000 5C407000B 13 -77 329050.162215522024781 3463007.961814595852047
1722417505923 1722417505944 21 329049.669999999983702 3463008.390000000130385 2.451314934426035 9.180000000000000 5C407000B 13 -77 329049.392236756335478 3463008.628573796711862
1722417505978 1722417505994 16 329049.390000000013970 3463008.620000000111759 2.451314934426035 9.240000000000000 5C407000B 13 -77 329048.969619226001669 3463008.990287389606237
1722417506033 1722417506051 18 329048.960000000020955 3463008.990000000223517 2.451314934426035 9.279999999999999 5C407000B 13 -77 329048.622258088202216 3463009.295333060901612
1722417506089 1722417506106 17 329048.619999999995343 3463009.290000000037253 2.449133272861043 9.279999999999999 5C407000B 13 -77 329048.265377094794530 3463009.600533775985241
1722417506144 1722417506161 17 329048.260000000009313 3463009.600000000093132 2.449133272861043 9.300000000000001 5C407000B 13 -77 329047.842940172413364 3463009.973332953639328
1722417506199 1722417506221 22 329047.840000000025611 3463009.970000000204891 2.449133272861043 9.340000000000000 5C407000B 13 -77 329047.767683817888610 3463010.030000899918377
1722417506254 1722417506271 17 329047.760000000009313 3463010.030000000260770 2.449133272861043 9.380000000000001 5C407000B 13 -77 329047.345246932818554 3463010.402800099458545
1722417506309 1722417506324 15 329046.910000000032596 3463010.770000000018626 2.457859919121014 9.400000000000000 5C407000B 13 -77 329046.913290200580377 3463010.775754352100194
1722417506365 1722417506381 16 329046.549999999988358 3463011.080000000074506 2.457859919121014 9.440000000000000 5C407000B 13 -77 329046.556409304379486 3463011.080955131445080
1722417506420 1722417506436 16 329046.190000000002328 3463011.379999999888241 2.457859919121014 9.460000000000001 5C407000B 13 -77 329046.199528431287035 3463011.386155921965837
1722417506475 1722417506490 15 329045.840000000025611 3463011.700000000186265 2.456114589869020 9.500000000000000 5C407000B 13 -77 329045.842828111490235 3463011.702442263718694
1722417506530 1722417506550 20 329045.330000000016298 3463012.140000000130385 2.456114589869020 9.500000000000000 5C407000B 13 -77 329045.044651339529082 3463012.391837989445776
1722417506586 1722417506600 14 329045.039999999979045 3463012.390000000130385 2.456114589869020 9.540000000000001 5C407000B 13 -77 329044.612694770330563 3463012.764792344532907
1722417506641 1722417506656 15 329044.609999999986030 3463012.760000000242144 2.456114589869020 9.600000000000000 5C407000B 13 -77 329044.321730986179318 3463013.024565807543695
1722417506696 1722417506710 14 329044.320000000006985 3463013.020000000018626 2.451533100582535 9.620000000000001 5C407000B 13 -77 329043.805178819515277 3463013.465428746305406
1722417506752 1722417506771 19 329043.799999999988358 3463013.459999999962747 2.451533100582535 9.640000000000001 5C407000B 13 -77 329043.589290844975039 3463013.657448716461658
1722417506807 1722417506825 18 329043.580000000016298 3463013.649999999906868 2.451533100582535 9.640000000000001 5C407000B 13 -77 329043.072919278056361 3463014.109397229738533
1722417506862 1722417506879 17 329043.070000000006985 3463014.100000000093132 2.453278429834529 9.680000000000000 5C407000B 13 -77 329042.857031327672303 3463014.301417218055576
1722417506917 1722417506931 14 329042.489999999990687 3463014.609999999869615 2.453278429834529 9.760000000000000 5C407000B 13 -77 329042.490811335796025 3463014.617858720943332
1722417506973 1722417506994 21 329042.039999999979045 3463015.010000000242144 2.453278429834529 9.760000000000000 5C407000B 13 -77 329042.049696150876116 3463015.013139301445335
1722417507027 1722417507044 17 329041.739999999990687 3463015.270000000018626 2.453278429834529 9.779999999999999 5C407000B 13 -77 329041.749212618917227 3463015.273067879024893
1722417507083 1722417507098 15 329041.299999999988358 3463015.649999999906868 2.448042442078546 9.880000000000001 5C407000B 13 -77 329041.307916951715015 3463015.657262958586216
1722417507138 1722417507156 18 329040.929999999993015 3463015.979999999981374 2.448042442078546 9.880000000000001 5C407000B 13 -77 329040.491242652293295 3463016.380225747823715
1722417507193 1722417507211 18 329040.489999999990687 3463016.379999999888241 2.448042442078546 9.940000000000000 5C407000B 13 -77 329040.115683470619842 3463016.707907917909324
1722417507248 1722417507271 23 329040.109999999986030 3463016.700000000186265 2.446078946670053 9.960000000000001 5C407000B 13 -77 329039.740304854116403 3463017.046675639227033
1722417507304 1722417507322 18 329039.739999999990687 3463017.040000000037253 2.446078946670053 10.000000000000000 5C407000B 13 -77 329039.590153414872475 3463017.182182731106877
1722417507359 1722417507374 15 329039.590000000025611 3463017.180000000167638 2.446078946670053 10.080000000000000 5C407000B 13 -77 329038.989367151283659 3463017.713125588372350
1722417507414 1722417507431 17 329038.979999999981374 3463017.709999999962747 2.446078946670053 9.940000000000000 5C407000B 13 -77 329038.529393034055829 3463018.119801950640976
1722417507468 1722417507484 16 329038.220000000030268 3463018.390000000130385 2.444333617418058 10.080000000000000 5C407000B 13 -77 329038.229090216336772 3463018.390816174447536
1722417507523 1722417507541 18 329037.850000000034925 3463018.720000000204891 2.444333617418058 10.140000000000001 5C407000B 13 -77 329037.853711720905267 3463018.729583969339728
1722417507579 1722417507596 17 329037.539999999979045 3463019.000000000000000 2.444333617418058 10.140000000000001 5C407000B 13 -77 329037.543889075284824 3463019.000753259286284
1722417507634 1722417507649 15 329037.239999999990687 3463019.270000000018626 2.444333617418058 10.220000000000001 5C407000B 13 -77 329037.243586310767569 3463019.271767515689135
1722417507689 1722417507705 16 329036.770000000018626 3463019.680000000167638 2.441279291227068 10.260000000000000 5C407000B 13 -77 329036.774273002345581 3463019.689684538636357
1722417507744 1722417507759 15 329036.309999999997672 3463020.089999999850988 2.441279291227068 10.320000000000000 5C407000B 13 -77 329036.314299052581191 3463020.096361006144434
1722417507800 1722417507813 13 329035.919999999983702 3463020.439999999944121 2.441279291227068 10.320000000000000 5C407000B 13 -77 329035.929581357049756 3463020.446369457058609
1722417507855 1722417507871 16 329035.539999999979045 3463020.780000000260770 2.437788632723080 10.320000000000000 5C407000B 13 -77 329035.159965495928191 3463021.135300867259502
1722417507911 1722417507926 15 329035.150000000023283 3463021.129999999888241 2.437788632723080 10.359999999999999 5C407000B 13 -77 329034.690652353689075 3463021.553217994049191
1722417507966 1722417507980 14 329034.690000000002328 3463021.550000000279397 2.437788632723080 10.380000000000001 5C407000B 13 -77 329034.381010415730998 3463021.835472919978201
1722417508021 1722417508036 15 329034.380000000004657 3463021.830000000074506 2.437788632723080 10.380000000000001 5C407000B 13 -77 329034.146444143960252 3463022.049974266905338
1722417508076 1722417508091 15 329034.140000000013970 3463022.040000000037253 2.437788632723080 10.400000000000000 5C407000B 13 -77 329033.527160343364812 3463022.614484168589115
1722417508131 1722417508146 15 329033.520000000018626 3463022.609999999869615 2.435170638845088 10.480000000000000 5C407000B 13 -77 329033.058027879102156 3463023.043486910872161
1722417508187 1722417508201 14 329033.049999999988358 3463023.040000000037253 2.435170638845088 10.500000000000000 5C407000B 13 -77 329032.663790533784777 3463023.393650538753718
1722417508242 1722417508259 17 329032.350000000034925 3463023.680000000167638 2.432988977280095 10.580000000000000 5C407000B 13 -77 329032.354329254711047 3463023.686991069000214
1722417508298 1722417508314 16 329031.960000000020955 3463024.040000000037253 2.432988977280095 10.620000000000001 5C407000B 13 -77 329031.960272504948080 3463024.048240262083709
1722417508353 1722417508369 16 329031.640000000013970 3463024.330000000074506 2.432988977280095 10.640000000000001 5C407000B 13 -77 329031.641110851080157 3463024.330650325864553
1722417508409 1722417508426 17 329031.239999999990687 3463024.689999999944121 2.432988977280095 10.640000000000001 5C407000B 13 -77 329030.852997478796169 3463025.053148788865656
1722417508464 1722417508486 22 329030.850000000034925 3463025.050000000279397 2.427316657211113 10.680000000000000 5C407000B 13 -77 329030.374525920604356 3463025.493392247240990
1722417508519 1722417508533 14 329030.369999999995343 3463025.490000000223517 2.427316657211113 10.700000000000001 5C407000B 13 -77 329030.139959810185246 3463025.707893693819642
1722417508575 1722417508596 21 329030.130000000004657 3463025.700000000186265 2.427316657211113 10.720000000000001 5C407000B 13 -77 329029.661488314275630 3463026.148137189447880
1722417508630 1722417508651 21 329029.660000000032596 3463026.140000000130385 2.427316657211113 10.720000000000001 5C407000B 13 -77 329029.107941271271557 3463026.656134338118136
1722417508686 1722417508701 15 329028.700000000011642 3463027.020000000018626 2.425353161802620 10.859999999999999 5C407000B 13 -77 329028.704545435844921 3463027.028624251019210
1722417508740 1722417508761 21 329028.309999999997672 3463027.399999999906868 2.425353161802620 10.880000000000001 5C407000B 13 -77 329028.310669489554130 3463027.400959132239223
1722417508796 1722417508811 15 329027.979999999981374 3463027.689999999944121 2.425353161802620 10.900000000000000 5C407000B 13 -77 329027.982168730348349 3463027.694609906524420
1722417508851 1722417508866 15 329027.419999999983702 3463028.220000000204891 2.422735167924628 10.940000000000000 5C407000B 13 -77 329027.428982953948434 3463028.224778224248439
1722417508907 1722417508926 19 329027.020000000018626 3463028.589999999850988 2.422735167924628 10.960000000000001 5C407000B 13 -77 329027.025587241048925 3463028.597268209792674
1722417508962 1722417508976 14 329026.780000000027940 3463028.820000000298023 2.422735167924628 10.960000000000001 5C407000B 13 -77 329026.781681965570897 3463028.823010328691453
1722417509018 1722417509033 15 329026.450000000011642 3463029.109999999869615 2.422735167924628 10.960000000000001 5C407000B 13 -77 329025.974890655663330 3463029.567990369629115
1722417509075 1722417509089 14 329025.970000000030268 3463029.560000000055879 2.419899007890137 11.000000000000000 5C407000B 13 -77 329025.571675601357128 3463029.951565953437239
1722417509130 1722417509151 21 329025.570000000006985 3463029.950000000186265 2.419899007890137 11.020000000000000 5C407000B 13 -77 329025.083865186548792 3463030.403050269000232
1722417509189 1722417509206 17 329025.080000000016298 3463030.399999999906868 2.419899007890137 11.020000000000000 5C407000B 13 -77 329024.670949780906085 3463030.775695407297462
1722417509244 1722417509260 16 329024.260000000009313 3463031.149999999906868 2.418590010951142 11.120000000000001 5C407000B 13 -77 329024.267734818393365 3463031.159271046519279
1722417509299 1722417509314 15 329024.260000000009313 3463031.149999999906868 2.418590010951142 11.120000000000001 5C407000B 13 -77 329023.855000028619543 3463031.543001757934690
1722417509355 1722417509369 14 329023.850000000034925 3463031.540000000037253 2.418590010951142 11.140000000000001 5C407000B 13 -77 329023.367189761833288 3463031.994486160110682
1722417509410 1722417509431 21 329022.950000000011642 3463032.370000000111759 2.418590010951142 11.240000000000000 5C407000B 13 -77 329022.954455037950538 3463032.378216910175979
1722417509465 1722417509478 13 329022.619999999995343 3463032.680000000167638 2.419244509420640 11.240000000000000 5C407000B 13 -77 329022.626135140541010 3463032.682953404728323
1722417509520 1722417509541 21 329022.380000000004657 3463032.910000000149012 2.419244509420640 11.240000000000000 5C407000B 13 -77 329021.725951464613900 3463033.540339746046811
1722417509576 1722417509593 17 329021.720000000030268 3463033.540000000037253 2.419244509420640 11.240000000000000 5C407000B 13 -77 329021.313216861919500 3463033.924070567358285
1722417509631 1722417509646 15 329021.309999999997672 3463033.919999999925494 2.419244509420640 11.279999999999999 5C407000B 13 -77 329020.975377206108533 3463034.228962175548077
1722417509686 1722417509701 15 329020.970000000030268 3463034.220000000204891 2.414226687821156 11.279999999999999 5C407000B 13 -77 329020.731652752612717 3463034.465789984911680
1722417509742 1722417509761 19 329020.729999999981374 3463034.459999999962747 2.414226687821156 11.300000000000001 5C407000B 13 -77 329020.159608557529282 3463035.007354378234595
1722417509796 1722417509816 20 329020.150000000023283 3463035.000000000000000 2.414226687821156 11.300000000000001 5C407000B 13 -77 329019.737534777959809 3463035.402325863018632
1722417509852 1722417509871 19 329019.729999999981374 3463035.399999999906868 2.414226687821156 11.340000000000000 5C407000B 13 -77 329019.250085992855020 3463035.875981549266726
1722417509907 1722417509924 17 329018.910000000032596 3463036.189999999944121 2.415535684760152 11.359999999999999 5C407000B 13 -77 329018.912427022587508 3463036.191958767361939
1722417509962 1722417509976 14 329018.410000000032596 3463036.649999999906868 2.415535684760152 11.420000000000000 5C407000B 13 -77 329018.415277893655002 3463036.654684019740671
1722417510017 1722417510030 13 329017.910000000032596 3463037.120000000111759 2.409645198534671 11.420000000000000 5C407000B 13 -77 329017.918309374828823 3463037.128494834993035
1722417510072 1722417510091 19 329017.660000000032596 3463037.359999999869615 2.409645198534671 11.420000000000000 5C407000B 13 -77 329017.665065203909762 3463037.365477783139795
1722417510128 1722417510145 17 329017.160000000032596 3463037.830000000074506 2.409645198534671 11.420000000000000 5C407000B 13 -77 329016.661608495633118 3463038.313254580367357
1722417510183 1722417510200 17 329016.660000000032596 3463038.310000000055879 2.409645198534671 11.440000000000000 5C407000B 13 -77 329016.492779085063376 3463038.471243232488632
1722417510255 1722417510268 13 329016.489999999990687 3463038.470000000204891 2.409645198534671 11.440000000000000 5C407000B 13 -77 329016.080225434212480 3463038.866059816908091
1722417510310 1722417510328 18 329015.739999999990687 3463039.180000000167638 2.412917690882161 11.500000000000000 5C407000B 13 -77 329015.742566656204872 3463039.182037148158997
1722417510365 1722417510381 16 329015.160000000032596 3463039.740000000223517 2.412917690882161 11.520000000000000 5C407000B 13 -77 329015.161364260886330 3463039.745927977841347
1722417510421 1722417510436 15 329014.650000000023283 3463040.209999999962747 2.412917690882161 11.520000000000000 5C407000B 13 -77 329014.654876184475143 3463040.219894026871771
1722417510476 1722417510493 17 329014.309999999997672 3463040.530000000260770 2.411826860099664 11.540000000000001 5C407000B 13 -77 329014.317217493196949 3463040.535871407482773
1722417510532 1722417510549 17 329013.720000000030268 3463041.089999999850988 2.411826860099664 11.560000000000000 5C407000B 13 -77 329013.557666082633659 3463041.257906093727797
1722417510587 1722417510602 15 329013.549999999988358 3463041.250000000000000 2.411826860099664 11.560000000000000 5C407000B 13 -77 329012.891868701670319 3463041.889705878216773
1722417510642 1722417510659 17 329012.890000000013970 3463041.879999999888241 2.411826860099664 11.560000000000000 5C407000B 13 -77 329012.469976041233167 3463042.295763221103698
1722417510698 1722417510721 23 329012.460000000020955 3463042.290000000037253 2.407899869282677 11.580000000000000 5C407000B 13 -77 329011.963668782962486 3463042.780814949423075
1722417510754 1722417510769 15 329011.960000000020955 3463042.780000000260770 2.407899869282677 11.580000000000000 5C407000B 13 -77 329011.541595628717914 3463043.175786796957254
1722417510810 1722417510826 16 329011.539999999979045 3463043.169999999925494 2.407899869282677 11.580000000000000 5C407000B 13 -77 329011.204117698012851 3463043.502849824260920
1722417510869 1722417510886 17 329010.690000000002328 3463043.979999999981374 2.407899869282677 11.580000000000000 5C407000B 13 -77 329010.697810554353055 3463043.987901620101184
1722417510924 1722417510944 20 329010.690000000002328 3463043.979999999981374 2.407899869282677 11.620000000000001 5C407000B 13 -77 329010.697810554353055 3463043.987901620101184
1722417510979 1722417510994 15 329010.020000000018626 3463044.629999999888241 2.407899869282677 11.580000000000000 5C407000B 13 -77 329010.022674244421069 3463044.630942210089415
1722417511034 1722417511054 20 329009.600000000034925 3463045.020000000018626 2.407899869282677 11.660000000000000 5C407000B 13 -77 329009.600601238082163 3463045.025914141442627
1722417511089 1722417511108 19 329009.179999999993015 3463045.430000000167638 2.406154540030682 11.640000000000001 5C407000B 13 -77 329008.681921725335997 3463045.916868460830301
1722417511144 1722417511159 15 329008.679999999993015 3463045.910000000149012 2.406154540030682 11.680000000000000 5C407000B 13 -77 329008.260029393539298 3463046.322925989981741
1722417511200 1722417511220 20 329008.260000000009313 3463046.320000000298023 2.406154540030682 11.700000000000001 5C407000B 13 -77 329007.838137094629928 3463046.728983537293971
1722417511255 1722417511273 18 329007.830000000016298 3463046.720000000204891 2.398518724553207 11.740000000000000 5C407000B 13 -77 329007.322490995633416 3463047.225276120938361
1722417511318 1722417511334 16 329007.320000000006985 3463047.220000000204891 2.398518724553207 11.720000000000001 5C407000B 13 -77 329006.900598769541830 3463047.631333709228784
1722417511379 1722417511395 16 329006.470000000030268 3463048.030000000260770 2.398518724553207 11.760000000000000 5C407000B 13 -77 329006.478706578607671 3463048.037391315679997
1722417511435 1722417511450 15 329006.039999999979045 3463048.439999999944121 2.405063709248186 11.760000000000000 5C407000B 13 -77 329006.047294575721025 3463048.443604015279561
1722417511492 1722417511508 16 329005.539999999979045 3463048.930000000167638 2.405063709248186 11.779999999999999 5C407000B 13 -77 329005.541168488329276 3463048.939741621259600
1722417511547 1722417511564 17 329005.369999999995343 3463049.100000000093132 2.405063709248186 11.820000000000000 5C407000B 13 -77 329004.688045082963072 3463049.763097586110234
1722417511602 1722417511619 17 329004.679999999993015 3463049.760000000242144 2.405063709248186 11.840000000000000 5C407000B 13 -77 329004.425462257815525 3463050.011321496684104
1722417511658 1722417511678 20 329004.419999999983702 3463050.010000000242144 2.405063709248186 11.840000000000000 5C407000B 13 -77 329003.825582553574350 3463050.597694239579141
1722417511714 1722417511728 14 329003.820000000006985 3463050.589999999850988 2.396337062988215 11.880000000000001 5C407000B 13 -77 329003.572519609995652 3463050.845763098448515
1722417511768 1722417511784 16 329003.570000000006985 3463050.839999999850988 2.396337062988215 11.900000000000000 5C407000B 13 -77 329003.225522336666472 3463051.172981483396143
1722417511824 1722417511841 17 329003.220000000030268 3463051.169999999925494 2.396337062988215 11.920000000000000 5C407000B 13 -77 329002.625642764032818 3463051.759354302659631
1722417511879 1722417511894 15 329002.270000000018626 3463052.089999999850988 2.400482219961701 11.980000000000000 5C407000B 13 -77 329002.278826131718233 3463052.097658259794116
1722417511934 1722417511949 15 329002.270000000018626 3463052.089999999850988 2.400482219961701 11.980000000000000 5C407000B 13 -77 329001.763180561829358 3463052.593951142858714
1722417511989 1722417512006 17 329001.239999999990687 3463053.100000000093132 2.400482219961701 12.000000000000000 5C407000B 13 -77 329001.247715623176191 3463053.101329591590911
1722417512044 1722417512059 15 329000.809999999997672 3463053.510000000242144 2.399827721492203 12.020000000000000 5C407000B 13 -77 329000.816484617767856 3463053.518628064543009
1722417512099 1722417512114 15 329000.380000000004657 3463053.939999999944121 2.399827721492203 12.040000000000001 5C407000B 13 -77 329000.385434227588121 3463053.947012093383819
1722417512155 1722417512171 16 328999.950000000011642 3463054.359999999869615 2.399827721492203 12.060000000000000 5C407000B 13 -77 328999.513452548300847 3463054.781764214858413
1722417512210 1722417512226 16 328999.510000000009313 3463054.780000000260770 2.399827721492203 12.060000000000000 5C407000B 13 -77 328999.082402263884433 3463055.210148304235190
1722417512265 1722417512281 16 328999.080000000016298 3463055.209999999962747 2.394155401423221 12.100000000000000 5C407000B 13 -77 328998.557417748670559 3463055.717681976966560
1722417512321 1722417512336 15 328998.549999999988358 3463055.709999999962747 2.394155401423221 12.100000000000000 5C407000B 13 -77 328998.210601379745640 3463056.055986082646996
1722417512376 1722417512391 15 328998.210000000020955 3463056.050000000279397 2.394155401423221 12.140000000000001 5C407000B 13 -77 328997.779551201383583 3463056.484370229300112
1722417512435 1722417512450 15 328997.429999999993015 3463056.820000000298023 2.400264053805201 12.160000000000000 5C407000B 13 -77 328997.432734885485843 3463056.822674362454563
1722417512491 1722417512506 15 328997.429999999993015 3463056.820000000298023 2.400264053805201 12.160000000000000 5C407000B 13 -77 328996.992164933704771 3463057.251213626004755
1722417512546 1722417512560 14 328996.640000000013970 3463057.600000000093132 2.400264053805201 12.200000000000001 5C407000B 13 -77 328996.645529253757559 3463057.600603326689452
1722417512601 1722417512616 15 328996.030000000027940 3463058.189999999944121 2.400264053805201 12.220000000000001 5C407000B 13 -77 328996.036311174510047 3463058.198217180091888
1722417512657 1722417512670 13 328995.590000000025611 3463058.620000000111759 2.393064570640725 12.260000000000000 5C407000B 13 -77 328995.595741342986003 3463058.626756508368999
1722417512712 1722417512726 14 328995.150000000023283 3463059.050000000279397 2.393064570640725 12.260000000000000 5C407000B 13 -77 328995.155171545222402 3463059.055295856669545
1722417512767 1722417512781 14 328994.720000000030268 3463059.490000000223517 2.393064570640725 12.280000000000001 5C407000B 13 -77 328994.189978876034729 3463060.013540217187256
1722417512822 1722417512838 16 328994.179999999993015 3463060.010000000242144 2.393064570640725 12.280000000000001 5C407000B 13 -77 328993.843162791396026 3463060.351844480261207
1722417512878 1722417512895 17 328993.840000000025611 3463060.350000000093132 2.396337062988215 12.300000000000001 5C407000B 13 -77 328993.318539974279702 3463060.881549518555403
1722417512933 1722417512949 16 328993.309999999997672 3463060.879999999888241 2.396337062988215 12.300000000000001 5C407000B 13 -77 328992.784216782776639 3463061.400324132759124
1722417512988 1722417513004 16 328992.780000000027940 3463061.399999999906868 2.396337062988215 12.359999999999999 5C407000B 13 -77 328992.343827809789218 3463061.839949149638414
1722417513043 1722417513059 16 328991.979999999981374 3463062.180000000167638 2.393282736797224 12.380000000000001 5C407000B 13 -77 328991.987672607880086 3463062.189494105055928
1722417513099 1722417513116 17 328991.979999999981374 3463062.180000000167638 2.393282736797224 12.380000000000001 5C407000B 13 -77 328991.556803531828336 3463062.628964072559029
1722417513154 1722417513171 17 328991.280000000027940 3463062.879999999888241 2.393282736797224 12.380000000000001 5C407000B 13 -77 328991.284882105479483 3463062.888428968377411
1722417513209 1722417513224 15 328990.760000000009313 3463063.410000000149012 2.393282736797224 12.380000000000001 5C407000B 13 -77 328990.760259546106681 3463063.418134147766978
1722417513265 1722417513284 19 328990.220000000030268 3463063.930000000167638 2.384119758224254 12.380000000000001 5C407000B 13 -77 328990.225936611823272 3463063.936908904928714
1722417513320 1722417513334 14 328989.780000000027940 3463064.370000000111759 2.384119758224254 12.400000000000000 5C407000B 13 -77 328989.785547853854951 3463064.376534040085971
1722417513375 1722417513389 14 328989.419999999983702 3463064.720000000204891 2.384119758224254 12.400000000000000 5C407000B 13 -77 328988.989004133269191 3463065.165704263374209
1722417513430 1722417513444 14 328988.979999999981374 3463065.160000000149012 2.384119758224254 12.420000000000000 5C407000B 13 -77 328988.370628302800469 3463065.785644771996886
1722417513493 1722417513511 18 328988.369999999995343 3463065.780000000260770 2.386737752102245 12.460000000000001 5C407000B 13 -77 328987.930239698733203 3463066.225269993767142
1722417513547 1722417513564 17 328987.929999999993015 3463066.220000000204891 2.386737752102245 12.440000000000000 5C407000B 13 -77 328987.490031734399963 3463066.675980773288757
1722417513603 1722417513620 17 328987.489999999990687 3463066.669999999925494 2.386737752102245 12.440000000000000 5C407000B 13 -77 328987.133876860258169 3463067.025525910779834
1722417513658 1722417513673 15 328986.510000000009313 3463067.640000000130385 2.379538268937769 12.460000000000001 5C407000B 13 -77 328986.515501248184592 3463067.645466540008783
1722417513714 1722417513731 17 328986.250000000000000 3463067.910000000149012 2.379538268937769 12.480000000000000 5C407000B 13 -77 328986.253280502394773 3463067.915862026624382
1722417513769 1722417513785 16 328985.630000000004657 3463068.530000000260770 2.379538268937769 12.480000000000000 5C407000B 13 -77 328985.634904995560646 3463068.535802712664008
1722417513824 1722417513838 14 328985.280000000027940 3463068.879999999888241 2.379538268937769 12.480000000000000 5C407000B 13 -77 328985.288270071847364 3463068.885192826390266
1722417513879 1722417513896 17 328985.010000000009313 3463069.149999999906868 2.389137579823737 12.460000000000001 5C407000B 13 -77 328984.491907634830568 3463069.685448965057731
1722417513934 1722417513950 16 328984.489999999990687 3463069.680000000167638 2.389137579823737 12.480000000000000 5C407000B 13 -77 328983.967466364789288 3463070.226240056566894
1722417513990 1722417514003 13 328983.960000000020955 3463070.220000000204891 2.389137579823737 12.500000000000000 5C407000B 13 -77 328983.527078136568889 3463070.665865481831133
1722417514045 1722417514060 15 328983.520000000018626 3463070.660000000149012 2.389137579823737 12.500000000000000 5C407000B 13 -77 328983.086870548198931 3463071.116576466243714
1722417514100 1722417514116 16 328983.080000000016298 3463071.109999999869615 2.373429616555788 12.520000000000000 5C407000B 13 -77 328982.730896576424129 3463071.477207306306809
1722417514155 1722417514171 16 328982.200000000011642 3463072.000000000000000 2.373429616555788 12.540000000000001 5C407000B 13 -77 328982.206274882191792 3463072.006912956479937
1722417514211 1722417514226 15 328981.679999999993015 3463072.540000000037253 2.379974601250767 12.520000000000000 5C407000B 13 -77 328981.681833847833332 3463072.547704175580293
1722417514266 1722417514281 15 328981.320000000006985 3463072.899999999906868 2.379974601250767 12.520000000000000 5C407000B 13 -77 328981.325859971344471 3463072.908335067797452
1722417514322 1722417514336 14 328980.799999999988358 3463073.439999999944121 2.379974601250767 12.520000000000000 5C407000B 13 -77 328980.801419025869109 3463073.449126334860921
1722417514377 1722417514396 19 328980.450000000011642 3463073.790000000037253 2.379974601250767 12.500000000000000 5C407000B 13 -77 328980.454784427769482 3463073.798516624607146
1722417514432 1722417514451 19 328980.190000000002328 3463074.060000000055879 2.379974601250767 12.500000000000000 5C407000B 13 -77 328979.668123166426085 3463074.609703608322889
1722417514487 1722417514506 19 328979.660000000032596 3463074.600000000093132 2.373211450399289 12.520000000000000 5C407000B 13 -77 328979.143682392896153 3463075.150494967121631
1722417514543 1722417514561 18 328979.140000000013970 3463075.149999999906868 2.373211450399289 12.500000000000000 5C407000B 13 -77 328978.703475184156559 3463075.601206154562533
1722417514602 1722417514621 19 328978.700000000011642 3463075.600000000093132 2.373211450399289 12.500000000000000 5C407000B 13 -77 328978.357021336094476 3463075.961682059802115
