pub_time(ms) sub_time(ms) delay(ms) utmX(m) utmY(m) heading(rad) velocity(m/s) cellid(db) sinr(db) rsrp(db)
1722323788756 1722323788788 32 329249.530000 3463458.160000 0.346884 1.140000 5C4225714 10 -63 
1722323788810 1722323788833 23 329249.600000 3463458.200000 0.346884 1.200000 5C4225714 10 -63 
1722323788864 1722323788885 21 329249.730000 3463458.240000 0.346884 1.340000 5C4225714 10 -63 
1722323788919 1722323788939 20 329249.820000 3463458.270000 0.349720 1.400000 5C4225714 10 -63 
1722323788973 1722323788993 20 329249.880000 3463458.290000 0.349720 1.460000 5C4225714 10 -63 
1722323789027 1722323789048 21 329249.960000 3463458.320000 0.349720 1.540000 5C4225714 10 -63 
1722323789086 1722323789108 22 329250.060000 3463458.350000 0.349284 1.620000 5C4225714 10 -63 
1722323789140 1722323789157 17 329250.060000 3463458.350000 0.349284 1.680000 5C4225714 10 -63 
1722323789194 1722323789211 17 329250.190000 3463458.410000 0.349284 1.720000 5C4225714 10 -63 
1722323789249 1722323789269 20 329250.240000 3463458.420000 0.349284 1.780000 5C4225714 10 -63 
1722323789303 1722323789330 27 329250.320000 3463458.450000 0.349284 1.840000 5C4225714 10 -63 
1722323789357 1722323789374 17 329250.440000 3463458.490000 0.349284 1.900000 5C4225714 10 -63 
1722323789411 1722323789430 19 329250.590000 3463458.550000 0.349284 2.000000 5C4225714 10 -63 
1722323789466 1722323789484 18 329250.690000 3463458.580000 0.349284 2.080000 5C4225714 10 -63 
1722323789520 1722323789545 25 329250.930000 3463458.660000 0.348848 2.280000 5C4225714 10 -63 
1722323789575 1722323789594 19 329251.040000 3463458.700000 0.348848 2.440000 5C4225714 10 -63 
1722323789629 1722323789650 21 329251.060000 3463458.720000 0.348848 2.520000 5C4225714 10 -63 
1722323789683 1722323789699 16 329251.190000 3463458.760000 0.348848 2.660000 5C4225714 10 -63 
1722323789737 1722323789753 16 329251.400000 3463458.830000 0.349939 2.780000 5C4225714 10 -63 
1722323789792 1722323789812 20 329251.540000 3463458.890000 0.349939 2.960000 5C4225714 10 -63 
1722323789846 1722323789867 21 329251.710000 3463458.940000 0.349939 3.120000 5C4225714 10 -63 
1722323789901 1722323789917 16 329251.840000 3463458.980000 0.347975 3.240000 5C4225714 10 -63 
1722323789955 1722323789971 16 329252.030000 3463459.050000 0.347975 3.420000 5C4225714 10 -63 
1722323790009 1722323790025 16 329252.230000 3463459.130000 0.347975 3.540000 5C4225714 10 -63 
1722323790063 1722323790086 23 329252.310000 3463459.150000 0.347975 3.740000 5C4225714 10 -63 
1722323790120 1722323790140 20 329252.710000 3463459.290000 0.346448 4.020000 5C4225714 10 -63 
1722323790178 1722323790206 28 329252.910000 3463459.360000 0.346448 4.240000 5C4225714 10 -63 
1722323790232 1722323790252 20 329253.110000 3463459.420000 0.346448 4.360000 5C4225714 10 -63 
1722323790287 1722323790305 18 329253.360000 3463459.520000 0.346012 4.580000 5C4225714 10 -63 
1722323790342 1722323790367 25 329253.590000 3463459.590000 0.346012 4.700000 5C4225714 10 -63 
1722323790396 1722323790424 28 329253.870000 3463459.690000 0.346012 4.880000 5C4225714 10 -63 
1722323790450 1722323790466 16 329253.950000 3463459.720000 0.346012 5.040000 5C4225714 10 -63 
1722323790505 1722323790525 20 329254.250000 3463459.820000 0.342957 5.240000 5C4225714 10 -63 
1722323790559 1722323790579 20 329254.500000 3463459.910000 0.342957 5.400000 5C4225714 10 -63 
1722323790612 1722323790633 21 329254.810000 3463460.020000 0.342957 5.620000 5C4225714 10 -63 
1722323790667 1722323790687 20 329254.980000 3463460.070000 0.342957 5.760000 5C4225714 10 -63 
1722323790721 1722323790737 16 329255.360000 3463460.200000 0.343830 5.940000 5C4225714 10 -63 
1722323790776 1722323790796 20 329255.650000 3463460.300000 0.343830 6.100000 5C4225714 10 -63 
1722323790830 1722323790850 20 329256.000000 3463460.420000 0.343830 6.340000 5C4225714 10 -63 
1722323790885 1722323790906 21 329256.310000 3463460.530000 0.343830 6.480000 5C4225714 10 -63 
1722323790939 1722323790961 22 329257.020000 3463460.750000 0.339030 6.860000 5C4225714 10 -63 
1722323790994 1722323791010 16 329257.290000 3463460.840000 0.339030 7.060000 5C4225714 10 -63 
1722323791048 1722323791066 18 329257.550000 3463460.930000 0.339030 7.280000 5C4225714 10 -63 
1722323791102 1722323791120 18 329257.690000 3463460.970000 0.339030 7.440000 5C4225714 10 -63 
1722323791156 1722323791177 21 329258.340000 3463461.180000 0.334667 7.640000 5C4225714 10 -63 
1722323791213 1722323791230 17 329258.700000 3463461.300000 0.334667 7.780000 5C4225714 10 -63 
1722323791271 1722323791292 21 329259.070000 3463461.410000 0.334667 7.980000 5C4225714 10 -63 
1722323791326 1722323791346 20 329259.530000 3463461.560000 0.328995 8.160000 5C4225714 10 -63 
1722323791380 1722323791395 15 329259.940000 3463461.690000 0.328995 8.400000 5C4225714 10 -63 
1722323791434 1722323791456 22 329260.100000 3463461.740000 0.328995 8.520000 5C4225714 10 -63 
1722323791489 1722323791507 18 329261.080000 3463462.050000 0.321359 8.920000 5C4225714 10 -63 
1722323791543 1722323791563 20 329261.260000 3463462.100000 0.321359 9.000000 5C4225714 10 -63 
1722323791597 1722323791617 20 329261.950000 3463462.310000 0.321359 9.140000 5C4225714 10 -63 
1722323791652 1722323791670 18 329262.480000 3463462.480000 0.321359 9.340000 5C4225714 10 -63 
1722323791706 1722323791722 16 329262.750000 3463462.560000 0.314377 9.460000 5C4225714 10 -63 
1722323791761 1722323791778 17 329263.300000 3463462.720000 0.314377 9.700000 5C4225714 10 -63 
1722323791815 1722323791832 17 329263.860000 3463462.890000 0.314377 9.920000 5C4225714 10 -63 
1722323791869 1722323791886 17 329264.340000 3463463.020000 0.314377 10.140000 5C4225714 10 -63 
1722323791923 1722323791940 17 329264.730000 3463463.140000 0.306742 10.280000 5C4225714 10 -63 
1722323791978 1722323791994 16 329265.120000 3463463.240000 0.306742 10.500000 5C4225714 10 -63 
1722323792032 1722323792053 21 329265.730000 3463463.420000 0.306742 10.720000 5C4225714 10 -63 
1722323792087 1722323792109 22 329266.230000 3463463.570000 0.306742 10.900000 5C4225714 10 -63 
1722323792141 1722323792158 17 329266.860000 3463463.740000 0.295615 11.040000 5C4225714 10 -63 
1722323792196 1722323792212 16 329267.400000 3463463.880000 0.295615 11.240000 5C4225714 10 -63 
1722323792250 1722323792266 16 329268.600000 3463464.210000 0.295615 11.660000 5C4225714 10 -63 
1722323792305 1722323792330 25 329269.050000 3463464.320000 0.281871 11.780000 5C4225714 10 -63 
1722323792362 1722323792379 17 329269.520000 3463464.440000 0.281871 12.000000 5C4225714 10 -63 
1722323792416 1722323792433 17 329269.980000 3463464.560000 0.281871 12.160000 5C4225714 10 -63 
1722323792471 1722323792487 16 329270.680000 3463464.740000 0.281871 12.260000 5C4225714 10 -63 
1722323792525 1722323792541 16 329271.410000 3463464.920000 0.268999 12.480000 5C4225714 10 -63 
1722323792579 1722323792606 27 329271.880000 3463465.040000 0.268999 12.620000 5C4225714 10 -63 
1722323792633 1722323792654 21 329272.740000 3463465.250000 0.268999 12.860000 5C4225714 10 -63 
1722323792688 1722323792708 20 329273.240000 3463465.370000 0.268999 12.960000 5C4225714 10 -63 
1722323792742 1722323792763 21 329274.010000 3463465.560000 0.259181 13.140000 5C4225714 10 -63 
1722323792796 1722323792816 20 329274.770000 3463465.750000 0.259181 13.280000 5C4225714 10 -63 
1722323792851 1722323792877 26 329275.160000 3463465.840000 0.259181 13.420000 5C4225714 10 -63 
1722323792906 1722323792926 20 329276.080000 3463466.060000 0.252855 13.560000 5C4225714 10 -63 
1722323792960 1722323792980 20 329277.150000 3463466.310000 0.252855 13.860000 5C4225714 10 -63 
1722323793014 1722323793030 16 329277.830000 3463466.460000 0.252855 14.020000 5C4225714 10 -63 
1722323793068 1722323793091 23 329278.650000 3463466.650000 0.252855 14.240000 5C4225714 10 -63 
1722323793123 1722323793146 23 329279.060000 3463466.740000 0.240419 14.360000 5C4225714 10 -63 
1722323793177 1722323793195 18 329280.050000 3463466.960000 0.240419 14.440000 5C4225714 10 -63 
1722323793232 1722323793250 18 329280.900000 3463467.150000 0.240419 14.640000 5C4225714 10 -63 
1722323793286 1722323793304 18 329281.610000 3463467.300000 0.231692 14.720000 5C4225714 10 -63 
1722323793341 1722323793358 17 329282.340000 3463467.440000 0.231692 14.840000 5C4225714 10 -63 
1722323793395 1722323793414 19 329282.630000 3463467.510000 0.231692 14.980000 5C4225714 10 -63 
1722323793449 1722323793477 28 329283.950000 3463467.780000 0.231692 15.100000 5C4225714 10 -63 
1722323793504 1722323793520 16 329284.550000 3463467.900000 0.219475 15.240000 5C4225714 10 -63 
1722323793558 1722323793575 17 329285.290000 3463468.050000 0.219475 15.380000 5C4225714 10 -63 
1722323793613 1722323793628 15 329286.510000 3463468.280000 0.219475 15.580000 5C4225714 10 -63 
1722323793667 1722323793687 20 329287.420000 3463468.460000 0.219475 15.620000 5C4225714 10 -63 
1722323793722 1722323793739 17 329288.200000 3463468.590000 0.203331 15.700000 5C4225714 10 -63 
1722323793776 1722323793792 16 329288.810000 3463468.700000 0.203331 15.820000 5C4225714 10 -63 
1722323793830 1722323793846 16 329290.060000 3463468.930000 0.203331 15.860000 5C4225714 10 -63 
1722323793885 1722323793906 21 329290.840000 3463469.060000 0.190895 15.980000 5C4225714 10 -63 
1722323793939 1722323793956 17 329291.630000 3463469.190000 0.190895 16.040000 5C4225714 10 -63 
1722323793993 1722323794013 20 329292.430000 3463469.330000 0.190895 16.120000 5C4225714 10 -63 
1722323794048 1722323794066 18 329293.390000 3463469.480000 0.190895 16.220000 5C4225714 10 -63 
1722323794102 1722323794121 19 329293.870000 3463469.560000 0.176278 16.320000 5C4225714 10 -63 
1722323794156 1722323794183 27 329294.830000 3463469.710000 0.176278 16.420000 5C4225714 10 -63 
1722323794211 1722323794228 17 329295.480000 3463469.800000 0.176278 16.500000 5C4225714 10 -63 
1722323794265 1722323794282 17 329296.300000 3463469.920000 0.176278 16.580000 5C4225714 10 -63 
1722323794320 1722323794336 16 329298.110000 3463470.170000 0.163625 16.820000 5C4225714 10 -63 
1722323794374 1722323794390 16 329298.940000 3463470.270000 0.163625 16.940000 5C4225714 10 -63 
1722323794428 1722323794449 21 329299.780000 3463470.360000 0.163625 16.980000 5C4225714 10 -63 
1722323794487 1722323794504 17 329300.800000 3463470.480000 0.132863 17.160000 5C4225714 10 -63 
1722323794546 1722323794563 17 329301.310000 3463470.530000 0.132863 17.200000 5C4225714 10 -63 
1722323794600 1722323794620 20 329302.330000 3463470.620000 0.132863 17.260000 5C4225714 8 -65 
1722323794654 1722323794674 20 329303.020000 3463470.690000 0.132863 17.340000 5C4225714 8 -65 
1722323794709 1722323794728 19 329303.880000 3463470.750000 0.105592 17.420000 5C4225714 8 -65 
1722323794763 1722323794782 19 329304.920000 3463470.820000 0.105592 17.540000 5C4225714 8 -65 
1722323794817 1722323794837 20 329305.790000 3463470.890000 0.105592 17.600000 5C4225714 8 -65 
1722323794871 1722323794887 16 329306.670000 3463470.940000 0.105592 17.700000 5C4225714 8 -65 
1722323794926 1722323794942 16 329308.620000 3463471.030000 0.081812 17.820000 5C4225714 8 -65 
1722323794980 1722323794996 16 329309.520000 3463471.060000 0.081812 17.940000 5C4225714 8 -65 
1722323795035 1722323795056 21 329310.590000 3463471.100000 0.081812 17.980000 5C4225714 8 -65 
1722323795089 1722323795105 16 329311.310000 3463471.120000 0.053451 18.160000 5C4225714 8 -65 
1722323795144 1722323795162 18 329312.400000 3463471.130000 0.053451 18.180000 5C4225714 8 -65 
1722323795198 1722323795217 19 329313.310000 3463471.140000 0.053451 18.340000 5C4225714 8 -65 
1722323795253 1722323795270 17 329313.860000 3463471.140000 0.053451 18.400000 5C4225714 8 -65 
1722323795312 1722323795332 20 329314.410000 3463471.150000 0.053451 18.460000 5C4225714 8 -65 
1722323795366 1722323795382 16 329315.700000 3463471.150000 0.027925 18.520000 5C4225714 8 -65 
1722323795421 1722323795439 18 329316.070000 3463471.140000 0.027925 18.600000 5C4225714 8 -65 
1722323795475 1722323795493 18 329317.740000 3463471.110000 0.027925 18.680000 5C4225714 8 -65 
1722323795530 1722323795546 16 329318.670000 3463471.090000 0.003709 18.740000 5C4225714 8 -65 
1722323795586 1722323795603 17 329320.550000 3463471.040000 0.003709 18.900000 5C4225714 8 -65 
1722323795640 1722323795657 17 329321.690000 3463470.980000 0.003709 19.020000 5C4225714 8 -65 
1722323795699 1722323795716 17 329322.640000 3463470.930000 -0.018544 19.040000 5C4225714 8 -65 
1722323795753 1722323795770 17 329323.780000 3463470.880000 -0.018544 19.200000 5C4225714 8 -65 
1722323795808 1722323795831 23 329324.550000 3463470.840000 -0.018544 19.280000 5C4225714 8 -65 
1722323795863 1722323795881 18 329325.700000 3463470.760000 -0.018544 19.340000 5C4225714 8 -65 
1722323795917 1722323795935 18 329326.280000 3463470.720000 -0.038834 19.420000 5C4225714 8 -65 
1722323795972 1722323795992 20 329327.250000 3463470.660000 -0.038834 19.460000 5C4225714 8 -65 
1722323796026 1722323796045 19 329328.220000 3463470.580000 -0.038834 19.560000 5C4225714 8 -65 
1722323796081 1722323796099 18 329329.190000 3463470.500000 -0.038834 19.640000 5C4225714 8 -65 
1722323796136 1722323796153 17 329330.360000 3463470.400000 -0.056287 19.740000 5C4225714 8 -65 
1722323796190 1722323796208 18 329332.540000 3463470.200000 -0.056287 19.880000 5C4225714 8 -65 
1722323796245 1722323796262 17 329333.530000 3463470.090000 -0.056287 19.940000 5C4225714 8 -65 
1722323796299 1722323796317 18 329334.310000 3463470.000000 -0.077667 20.020000 5C4225714 8 -65 
1722323796353 1722323796371 18 329335.510000 3463469.870000 -0.077667 20.100000 5C4225714 8 -65 
1722323796408 1722323796424 16 329336.110000 3463469.800000 -0.077667 20.200000 5C4225714 8 -65 
1722323796462 1722323796478 16 329337.120000 3463469.680000 -0.077667 20.280000 5C4225714 8 -65 
1722323796516 1722323796537 21 329338.320000 3463469.530000 -0.095993 20.380000 5C4225714 8 -65 
1722323796571 1722323796588 17 329339.130000 3463469.420000 -0.095993 20.420000 5C4225714 8 -65 
1722323796625 1722323796646 21 329339.740000 3463469.340000 -0.095993 20.480000 5C4225714 8 -65 
1722323796679 1722323796700 21 329341.560000 3463469.090000 -0.095993 20.520000 5C4225714 8 -65 
1722323796738 1722323796754 16 329342.580000 3463468.940000 -0.115846 20.540000 5C4225714 8 -65 
1722323796792 1722323796815 23 329343.610000 3463468.790000 -0.115846 20.560000 5C4225714 8 -65 
1722323796847 1722323796864 17 329345.640000 3463468.470000 -0.115846 20.660000 5C4225714 8 -65 
1722323796901 1722323796919 18 329346.670000 3463468.300000 -0.135918 20.700000 5C4225714 8 -65 
1722323796956 1722323796980 24 329347.890000 3463468.110000 -0.135918 20.720000 5C4225714 8 -65 
1722323797010 1722323797029 19 329348.310000 3463468.030000 -0.135918 20.780000 5C4225714 8 -65 
1722323797065 1722323797083 18 329349.530000 3463467.840000 -0.135918 20.820000 5C4225714 8 -65 
1722323797120 1722323797137 17 329350.780000 3463467.630000 -0.145517 20.860000 5C4225714 8 -65 
1722323797174 1722323797191 17 329351.800000 3463467.440000 -0.145517 20.920000 5C4225714 8 -65 
1722323797228 1722323797246 18 329352.840000 3463467.270000 -0.145517 21.000000 5C4225714 8 -65 
1722323797283 1722323797303 20 329353.870000 3463467.100000 -0.145517 21.140000 5C4225714 8 -65 
1722323797337 1722323797357 20 329355.130000 3463466.880000 -0.148789 21.240000 5C4225714 8 -65 
1722323797392 1722323797412 20 329356.170000 3463466.700000 -0.148789 21.360000 5C4225714 8 -65 
1722323797446 1722323797467 21 329357.220000 3463466.510000 -0.148789 21.440000 5C4225714 8 -65 
1722323797501 1722323797520 19 329358.280000 3463466.320000 -0.156207 21.560000 5C4225714 8 -65 
1722323797556 1722323797575 19 329360.410000 3463465.940000 -0.156207 21.660000 5C4225714 8 -65 
1722323797610 1722323797626 16 329361.480000 3463465.730000 -0.156207 21.720000 5C4225714 8 -65 
1722323797665 1722323797685 20 329362.540000 3463465.540000 -0.161661 21.820000 5C4225714 8 -65 
1722323797720 1722323797736 16 329363.190000 3463465.420000 -0.161661 21.880000 5C4225714 8 -65 
1722323797774 1722323797793 19 329364.050000 3463465.260000 -0.161661 21.920000 5C4225714 8 -65 
1722323797828 1722323797850 22 329365.780000 3463464.930000 -0.161661 21.980000 5C4225714 8 -65 
1722323797883 1722323797900 17 329366.640000 3463464.760000 -0.161661 22.000000 5C4225714 8 -65 
1722323797938 1722323797956 18 329367.520000 3463464.610000 -0.168206 22.020000 5C4225714 8 -65 
1722323797992 1722323798011 19 329368.390000 3463464.440000 -0.168206 22.080000 5C4225714 8 -65 
1722323798047 1722323798066 19 329370.130000 3463464.100000 -0.168206 22.080000 5C4225714 8 -65 
1722323798101 1722323798121 20 329371.210000 3463463.890000 -0.172788 22.160000 5C4225714 8 -65 
1722323798156 1722323798176 20 329372.520000 3463463.640000 -0.172788 22.160000 5C4225714 8 -65 
1722323798211 1722323798227 16 329373.170000 3463463.500000 -0.172788 22.240000 5C4225714 8 -65 
1722323798265 1722323798282 17 329375.580000 3463463.040000 -0.175187 22.320000 5C4225714 8 -65 
1722323798320 1722323798337 17 329376.470000 3463462.870000 -0.175187 22.340000 5C4225714 8 -65 
1722323798375 1722323798391 16 329377.790000 3463462.620000 -0.175187 22.420000 5C4225714 8 -65 
1722323798430 1722323798446 16 329378.890000 3463462.400000 -0.175187 22.420000 5C4225714 8 -65 
1722323798484 1722323798500 16 329379.110000 3463462.350000 -0.175187 22.420000 5C4225714 8 -65 
1722323798539 1722323798556 17 329381.320000 3463461.930000 -0.170824 22.480000 5C4225714 8 -65 
1722323798594 1722323798611 17 329382.200000 3463461.760000 -0.170824 22.520000 5C4225714 8 -65 
1722323798648 1722323798665 17 329383.530000 3463461.510000 -0.170824 22.580000 5C4225714 8 -65 
1722323798703 1722323798720 17 329384.870000 3463461.250000 -0.172788 22.600000 5C4225714 8 -65 
1722323798757 1722323798775 18 329385.980000 3463461.030000 -0.172788 22.680000 5C4225714 8 -65 
1722323798812 1722323798827 15 329387.100000 3463460.820000 -0.172788 22.680000 5C4225714 8 -65 
1722323798867 1722323798887 20 329387.760000 3463460.680000 -0.172788 22.720000 5C4225714 8 -65 
1722323798925 1722323798941 16 329389.780000 3463460.300000 -0.174751 22.800000 5C4225714 8 -65 
1722323798980 1722323798996 16 329391.350000 3463459.980000 -0.174751 22.840000 5C4225714 8 -65 
1722323799034 1722323799050 16 329392.240000 3463459.810000 -0.174751 22.840000 5C4225714 8 -65 
1722323799089 1722323799105 16 329393.590000 3463459.550000 -0.174751 22.880000 5C4225714 8 -65 
1722323799144 1722323799164 20 329394.720000 3463459.320000 -0.174751 22.840000 5C4225714 8 -65 
1722323799199 1722323799215 16 329396.070000 3463459.050000 -0.174751 22.880000 5C4225714 8 -65 
1722323799253 1722323799270 17 329397.200000 3463458.820000 -0.174751 22.860000 5C4225714 8 -65 
1722323799308 1722323799324 16 329397.870000 3463458.690000 -0.178678 22.900000 5C4225714 8 -65 
1722323799362 1722323799385 23 329399.000000 3463458.470000 -0.178678 22.920000 5C4225714 8 -65 
1722323799417 1722323799437 20 329400.350000 3463458.200000 -0.178678 22.920000 5C4225714 8 -65 
1722323799472 1722323799492 20 329401.920000 3463457.880000 -0.178678 22.920000 5C4225714 8 -65 
1722323799526 1722323799544 18 329403.950000 3463457.470000 -0.181296 22.920000 5C4225714 8 -65 
1722323799581 1722323799605 24 329404.860000 3463457.290000 -0.181296 22.920000 5C4225714 8 -65 
1722323799636 1722323799652 16 329405.760000 3463457.110000 -0.181296 22.920000 5C4225714 8 -65 
1722323799690 1722323799706 16 329406.880000 3463456.870000 -0.180423 22.920000 5C4225714 8 -65 
1722323799745 1722323799775 30 329407.790000 3463456.700000 -0.180423 22.940000 5C4225714 8 -65 
1722323799799 1722323799816 17 329409.360000 3463456.370000 -0.180423 22.940000 5C4225714 8 -65 
1722323799854 1722323799880 26 329410.710000 3463456.100000 -0.180423 22.940000 5C4225714 8 -65 
1722323799908 1722323799927 19 329411.840000 3463455.870000 -0.183914 22.960000 5C4225714 8 -65 
1722323799965 1722323799982 17 329412.740000 3463455.690000 -0.183914 22.940000 5C4225714 8 -65 
1722323800024 1722323800041 17 329414.320000 3463455.360000 -0.183914 22.960000 5C4225714 8 -65 
1722323800078 1722323800096 18 329415.450000 3463455.120000 -0.183914 22.960000 5C4225714 8 -65 
1722323800132 1722323800152 20 329417.250000 3463454.760000 -0.184132 22.980000 5C4225714 8 -65 
1722323800187 1722323800206 19 329418.380000 3463454.520000 -0.184132 22.980000 5C4225714 8 -65 
1722323800242 1722323800261 19 329419.050000 3463454.390000 -0.184132 22.980000 5C4225714 8 -65 
1722323800297 1722323800316 19 329420.630000 3463454.060000 -0.185223 22.980000 5C4225714 8 -65 
1722323800351 1722323800371 20 329421.990000 3463453.780000 -0.185223 22.980000 5C4225714 8 -65 
1722323800409 1722323800426 17 329422.890000 3463453.590000 -0.185223 22.960000 5C4225714 8 -65 
1722323800464 1722323800480 16 329424.240000 3463453.320000 -0.185223 22.980000 5C4225714 8 -65 
1722323800518 1722323800536 18 329425.360000 3463453.080000 -0.185878 22.960000 5C4225714 8 -65 
1722323800573 1722323800592 19 329426.490000 3463452.850000 -0.185878 22.960000 5C4225714 8 -65 
1722323800627 1722323800648 21 329427.850000 3463452.570000 -0.185878 22.960000 5C4225714 8 -65 
1722323800682 1722323800702 20 329428.970000 3463452.330000 -0.185878 22.940000 5C4225714 8 -65 
1722323800737 1722323800753 16 329431.230000 3463451.860000 -0.185223 22.940000 5C4225714 8 -65 
1722323800791 1722323800807 16 329432.350000 3463451.630000 -0.185223 22.960000 5C4225714 8 -65 
1722323800846 1722323800866 20 329433.710000 3463451.340000 -0.185223 22.920000 5C4225714 8 -65 
1722323800900 1722323800927 27 329434.840000 3463451.110000 -0.188714 22.920000 5C4225714 8 -65 
1722323800955 1722323800971 16 329435.510000 3463450.970000 -0.188714 22.920000 5C4225714 8 -65 
1722323801010 1722323801027 17 329436.630000 3463450.740000 -0.188714 22.920000 5C4225714 8 -65 
1722323801064 1722323801084 20 329437.750000 3463450.500000 -0.188714 22.920000 5C4225714 8 -65 
1722323801119 1722323801138 19 329439.100000 3463450.210000 -0.188714 22.920000 5C4225714 8 -65 
1722323801173 1722323801193 20 329440.230000 3463449.980000 -0.188714 22.920000 5C4225714 8 -65 
1722323801228 1722323801246 18 329441.130000 3463449.790000 -0.188714 22.880000 5C4225714 8 -65 
1722323801283 1722323801302 19 329442.470000 3463449.500000 -0.188714 22.900000 5C4225714 8 -65 
1722323801337 1722323801352 15 329443.820000 3463449.230000 -0.189368 22.840000 5C4225714 8 -65 
1722323801392 1722323801412 20 329444.940000 3463448.990000 -0.189368 22.860000 5C4225714 8 -65 
1722323801446 1722323801466 20 329446.740000 3463448.610000 -0.189368 22.860000 5C4225714 8 -65 
1722323801500 1722323801519 19 329448.310000 3463448.280000 -0.190895 22.880000 5C4225714 8 -65 
1722323801555 1722323801574 19 329449.430000 3463448.040000 -0.190895 22.860000 5C4225714 8 -65 
1722323801610 1722323801628 18 329450.780000 3463447.760000 -0.190895 22.860000 5C4225714 8 -65 
1722323801665 1722323801689 24 329451.670000 3463447.570000 -0.190895 22.840000 5C4225714 8 -65 
1722323801719 1722323801736 17 329453.030000 3463447.280000 -0.191986 22.840000 5C4225714 8 -65 
1722323801773 1722323801790 17 329453.030000 3463447.280000 -0.191986 22.840000 5C4225714 8 -65 
1722323801827 1722323801847 20 329454.810000 3463446.900000 -0.191986 22.860000 5C4225714 8 -65 
1722323801882 1722323801901 19 329455.710000 3463446.710000 -0.191986 22.840000 5C4225714 8 -65 
1722323801936 1722323801955 19 329457.060000 3463446.430000 -0.192641 22.840000 5C4225714 8 -65 
1722323801991 1722323802011 20 329458.400000 3463446.140000 -0.192641 22.840000 5C4225714 8 -65 
1722323802046 1722323802065 19 329459.520000 3463445.900000 -0.192641 22.800000 5C4225714 8 -65 
1722323802100 1722323802127 27 329461.980000 3463445.380000 -0.192204 22.820000 5C4225714 8 -65 
1722323802159 1722323802176 17 329463.090000 3463445.140000 -0.192204 22.780000 5C4225714 8 -65 
1722323802214 1722323802234 20 329463.990000 3463444.950000 -0.192204 22.760000 5C4225714 8 -65 
1722323802268 1722323802289 21 329465.110000 3463444.710000 -0.192204 22.760000 5C4225714 8 -65 
1722323802324 1722323802344 20 329466.670000 3463444.380000 -0.194386 22.760000 5C4225714 8 -65 
1722323802378 1722323802403 25 329467.780000 3463444.140000 -0.194386 22.740000 5C4225714 8 -65 
1722323802433 1722323802449 16 329468.670000 3463443.940000 -0.194386 22.760000 5C4225714 8 -65 
1722323802488 1722323802511 23 329469.780000 3463443.710000 -0.193513 22.720000 5C4225714 8 -65 
1722323802543 1722323802559 16 329470.690000 3463443.510000 -0.193513 22.720000 5C4225714 8 -65 
1722323802597 1722323802615 18 329471.800000 3463443.270000 -0.193513 22.680000 5C4225714 8 -65 
1722323802652 1722323802671 19 329472.910000 3463443.030000 -0.193513 22.680000 5C4225714 8 -65 
1722323802707 1722323802726 19 329475.350000 3463442.520000 -0.194168 22.660000 5C4225714 8 -65 
1722323802762 1722323802780 18 329476.460000 3463442.280000 -0.194168 22.680000 5C4225714 8 -65 
1722323802816 1722323802836 20 329477.580000 3463442.040000 -0.194168 22.620000 5C4225714 8 -65 
1722323802871 1722323802887 16 329478.680000 3463441.800000 -0.193513 22.600000 5C4225714 8 -65 
1722323802925 1722323802948 23 329479.570000 3463441.610000 -0.193513 22.560000 5C4225714 8 -65 
1722323802980 1722323802998 18 329481.110000 3463441.280000 -0.193513 22.560000 5C4225714 8 -65 
1722323803035 1722323803053 18 329482.220000 3463441.040000 -0.193513 22.500000 5C4225714 8 -65 
1722323803090 1722323803107 17 329483.330000 3463440.800000 -0.194604 22.500000 5C4225714 8 -65 
1722323803144 1722323803168 24 329483.990000 3463440.660000 -0.194604 22.460000 5C4225714 8 -65 
1722323803199 1722323803217 18 329485.090000 3463440.420000 -0.194604 22.420000 5C4225714 8 -65 
1722323803257 1722323803276 19 329485.740000 3463440.270000 -0.194604 22.420000 5C4225714 8 -65 
1722323803311 1722323803328 17 329488.610000 3463439.660000 -0.195695 22.340000 5C4225714 8 -65 
1722323803366 1722323803384 18 329489.700000 3463439.420000 -0.195695 22.300000 5C4225714 8 -65 
1722323803421 1722323803440 19 329490.790000 3463439.190000 -0.195695 22.300000 5C4225714 8 -65 
1722323803475 1722323803492 17 329492.100000 3463438.910000 -0.195041 22.240000 5C4225714 8 -65 
1722323803530 1722323803547 17 329493.190000 3463438.680000 -0.195041 22.160000 5C4225714 8 -65 
1722323803584 1722323803600 16 329494.280000 3463438.440000 -0.195041 22.100000 5C4225714 8 -65 
1722323803639 1722323803657 18 329495.360000 3463438.200000 -0.195041 22.040000 5C4225714 8 -65 
1722323803694 1722323803711 17 329496.440000 3463437.970000 -0.195913 22.000000 5C4225714 8 -65 
1722323803748 1722323803767 19 329497.740000 3463437.700000 -0.195913 21.960000 5C4225714 8 -65 
1722323803803 1722323803820 17 329498.810000 3463437.460000 -0.195913 21.920000 5C4225714 8 -65 
1722323803858 1722323803880 22 329499.890000 3463437.230000 -0.195913 21.880000 5C4225714 8 -65 
1722323803912 1722323803929 17 329500.960000 3463436.990000 -0.196131 21.820000 5C4225714 8 -65 
1722323803967 1722323803984 17 329501.390000 3463436.900000 -0.196131 21.800000 5C4225714 8 -65 
1722323804022 1722323804039 17 329503.530000 3463436.440000 -0.196131 21.660000 5C4225714 8 -65 
1722323804076 1722323804093 17 329504.800000 3463436.160000 -0.195913 21.640000 5C4225714 8 -65 
1722323804131 1722323804147 16 329506.080000 3463435.900000 -0.195913 21.580000 5C4225714 8 -65 
1722323804186 1722323804202 16 329506.920000 3463435.720000 -0.195913 21.560000 5C4225714 8 -65 
1722323804240 1722323804257 17 329508.190000 3463435.440000 -0.195913 21.480000 5C4225714 8 -65 
1722323804300 1722323804320 20 329509.240000 3463435.210000 -0.193077 21.440000 5C4225714 8 -65 
1722323804356 1722323804373 17 329509.870000 3463435.080000 -0.193077 21.380000 5C4225714 8 -65 
1722323804411 1722323804427 16 329511.540000 3463434.720000 -0.193077 21.380000 5C4225714 8 -65 
1722323804466 1722323804483 17 329512.380000 3463434.540000 -0.193077 21.300000 5C4225714 8 -65 
1722323804520 1722323804540 20 329513.630000 3463434.270000 -0.195913 21.220000 5C4225714 8 -65 
1722323804575 1722323804596 21 329514.480000 3463434.100000 -0.195913 21.180000 5C4225714 8 -65 
1722323804630 1722323804648 18 329516.950000 3463433.560000 -0.195913 21.140000 5C4225714 8 -65 
1722323804686 1722323804708 22 329517.790000 3463433.380000 -0.193295 21.080000 5C4225714 8 -65 
1722323804740 1722323804760 20 329519.030000 3463433.120000 -0.193295 21.040000 5C4225714 8 -65 
1722323804795 1722323804811 16 329519.440000 3463433.040000 -0.193295 21.020000 5C4225714 8 -65 
1722323804849 1722323804866 17 329520.470000 3463432.810000 -0.193295 21.040000 5C4225714 8 -65 
1722323804904 1722323804923 19 329521.500000 3463432.600000 -0.193513 21.040000 5C4225714 8 -65 
1722323804958 1722323804978 20 329522.740000 3463432.330000 -0.193513 21.020000 5C4225714 8 -65 
1722323805013 1722323805033 20 329523.980000 3463432.070000 -0.193513 20.960000 5C4225714 8 -65 
1722323805068 1722323805085 17 329525.000000 3463431.850000 -0.193513 20.960000 5C4225714 8 -65 
1722323805122 1722323805139 17 329526.030000 3463431.640000 -0.190895 20.920000 5C4225714 8 -65 
1722323805177 1722323805193 16 329527.070000 3463431.420000 -0.190895 20.960000 5C4225714 8 -65 
1722323805232 1722323805252 20 329528.290000 3463431.170000 -0.190895 20.900000 5C4225714 8 -65 
1722323805286 1722323805303 17 329530.340000 3463430.730000 -0.189368 20.860000 5C4225714 8 -65 
1722323805341 1722323805357 16 329531.580000 3463430.480000 -0.189368 20.840000 5C4225714 8 -65 
1722323805396 1722323805417 21 329532.590000 3463430.270000 -0.189368 20.820000 5C4225714 8 -65 
1722323805450 1722323805467 17 329533.210000 3463430.130000 -0.189368 20.800000 5C4225714 8 -65 
1722323805505 1722323805526 21 329534.640000 3463429.840000 -0.187841 20.780000 5C4225714 8 -65 
1722323805560 1722323805579 19 329535.250000 3463429.710000 -0.187841 20.740000 5C4225714 8 -65 
1722323805614 1722323805630 16 329536.260000 3463429.510000 -0.187841 20.720000 5C4225714 8 -65 
1722323805669 1722323805686 17 329537.280000 3463429.290000 -0.187841 20.700000 5C4225714 8 -65 
1722323805723 1722323805741 18 329538.300000 3463429.080000 -0.188059 20.680000 5C4225714 8 -65 
1722323805777 1722323805794 17 329539.520000 3463428.830000 -0.188059 20.660000 5C4225714 8 -65 
1722323805832 1722323805849 17 329540.130000 3463428.700000 -0.188059 20.640000 5C4225714 8 -65 
1722323805886 1722323805904 18 329541.130000 3463428.500000 -0.188059 20.620000 5C4225714 8 -65 
1722323805941 1722323805958 17 329543.560000 3463428.000000 -0.186532 20.600000 5C4225714 8 -65 
1722323805996 1722323806016 20 329544.580000 3463427.800000 -0.186532 20.560000 5C4225714 8 -65 
1722323806050 1722323806070 20 329545.380000 3463427.630000 -0.186532 20.520000 5C4225714 8 -65 
1722323806105 1722323806124 19 329546.790000 3463427.340000 -0.183696 20.500000 5C4225714 8 -65 
1722323806159 1722323806178 19 329547.600000 3463427.180000 -0.183696 20.440000 5C4225714 8 -65 
1722323806214 1722323806232 18 329548.400000 3463427.010000 -0.183696 20.440000 5C4225714 8 -65 
1722323806269 1722323806286 17 329549.610000 3463426.770000 -0.183696 20.440000 5C4225714 8 -65 
1722323806323 1722323806340 17 329550.600000 3463426.570000 -0.182823 20.440000 5C4225714 8 -65 
1722323806378 1722323806396 18 329551.620000 3463426.380000 -0.182823 20.440000 5C4225714 8 -65 
1722323806433 1722323806449 16 329552.020000 3463426.290000 -0.182823 20.440000 5C4225714 8 -65 
1722323806492 1722323806512 20 329553.620000 3463425.970000 -0.182823 20.440000 5C4225714 8 -65 
1722323806547 1722323806563 16 329555.640000 3463425.570000 -0.180860 20.420000 5C4225714 8 -65 
1722323806602 1722323806619 17 329556.840000 3463425.330000 -0.180860 20.360000 5C4225714 8 -65 
1722323806656 1722323806676 20 329557.640000 3463425.170000 -0.180860 20.400000 5C4225714 8 -65 
1722323806711 1722323806734 23 329558.840000 3463424.930000 -0.178896 20.340000 5C4225714 8 -65 
1722323806766 1722323806782 16 329559.840000 3463424.730000 -0.178896 20.340000 5C4225714 8 -65 
1722323806820 1722323806837 17 329560.650000 3463424.570000 -0.178896 20.300000 5C4225714 8 -65 
1722323806875 1722323806893 18 329562.040000 3463424.290000 -0.177369 20.300000 5C4225714 8 -65 
1722323806930 1722323806947 17 329562.240000 3463424.250000 -0.177369 20.280000 5C4225714 8 -65 
1722323806984 1722323807009 25 329563.650000 3463423.980000 -0.177369 20.260000 5C4225714 8 -65 
1722323807039 1722323807056 17 329564.830000 3463423.740000 -0.177369 20.200000 5C4225714 8 -65 
1722323807093 1722323807119 26 329565.830000 3463423.550000 -0.177369 20.180000 5C4225714 8 -65 
1722323807148 1722323807174 26 329566.230000 3463423.470000 -0.177151 20.160000 5C4225714 8 -65 
1722323807203 1722323807222 19 329568.810000 3463422.970000 -0.177151 20.100000 5C4225714 8 -65 
1722323807258 1722323807276 18 329570.000000 3463422.730000 -0.173878 20.060000 5C4225714 8 -65 
1722323807312 1722323807330 18 329570.790000 3463422.580000 -0.173878 20.020000 5C4225714 8 -65 
1722323807367 1722323807391 24 329571.770000 3463422.380000 -0.173878 19.960000 5C4225714 8 -65 
1722323807422 1722323807440 18 329572.950000 3463422.150000 -0.173878 19.900000 5C4225714 8 -65 
1722323807476 1722323807492 16 329573.930000 3463421.950000 -0.176496 19.860000 5C4225714 8 -65 
1722323807536 1722323807563 27 329575.100000 3463421.740000 -0.176496 19.820000 5C4225714 8 -65 
1722323807595 1722323807612 17 329576.080000 3463421.540000 -0.176496 19.760000 5C4225714 8 -65 
1722323807649 1722323807665 16 329577.050000 3463421.350000 -0.176496 19.720000 5C4225714 8 -62 
1722323807704 1722323807721 17 329578.020000 3463421.160000 -0.176496 19.620000 5C4225714 6 -62 
1722323807759 1722323807778 19 329578.610000 3463421.050000 -0.176496 19.620000 5C4225714 6 -62 
1722323807814 1722323807831 17 329580.330000 3463420.700000 -0.176496 19.500000 5C4225714 6 -62 
1722323807868 1722323807886 18 329581.290000 3463420.520000 -0.176496 19.440000 5C4225714 6 -62 
1722323807923 1722323807941 18 329582.450000 3463420.290000 -0.177151 19.420000 5C4225714 6 -62 
1722323807978 1722323807997 19 329583.590000 3463420.060000 -0.177151 19.220000 5C4225714 6 -62 
1722323808032 1722323808052 20 329584.540000 3463419.860000 -0.177151 19.140000 5C4225714 6 -62 
1722323808087 1722323808106 19 329585.290000 3463419.720000 -0.177151 18.940000 5C4225714 6 -62 
1722323808142 1722323808160 18 329586.410000 3463419.500000 -0.178024 18.860000 5C4225714 6 -62 
1722323808197 1722323808214 17 329587.530000 3463419.280000 -0.178024 18.720000 5C4225714 6 -62 
1722323808251 1722323808268 17 329588.260000 3463419.130000 -0.178024 18.600000 5C4225714 6 -62 
1722323808306 1722323808323 17 329589.350000 3463418.910000 -0.179551 18.400000 5C4225714 6 -62 
1722323808360 1722323808377 17 329590.260000 3463418.740000 -0.179551 18.280000 5C4225714 6 -62 
1722323808415 1722323808431 16 329591.160000 3463418.560000 -0.179551 18.140000 5C4225714 6 -62 
1722323808470 1722323808486 16 329593.120000 3463418.170000 -0.179333 17.920000 5C4225714 6 -62 
1722323808524 1722323808542 18 329594.000000 3463418.000000 -0.179333 17.800000 5C4225714 6 -62 
1722323808579 1722323808603 24 329594.690000 3463417.860000 -0.179333 17.700000 5C4225714 6 -62 
1722323808634 1722323808656 22 329595.390000 3463417.730000 -0.179333 17.540000 5C4225714 6 -62 
1722323808689 1722323808706 17 329596.770000 3463417.450000 -0.179769 17.400000 5C4225714 6 -62 
1722323808751 1722323808767 16 329597.280000 3463417.350000 -0.179769 17.260000 5C4225714 6 -62 
1722323808805 1722323808822 17 329598.300000 3463417.150000 -0.179769 17.120000 5C4225714 6 -62 
1722323808860 1722323808876 16 329599.140000 3463416.980000 -0.179769 17.080000 5C4225714 6 -62 
1722323808914 1722323808932 18 329600.140000 3463416.770000 -0.179333 16.880000 5C4225714 6 -62 
1722323808968 1722323808987 19 329600.480000 3463416.710000 -0.179333 16.760000 5C4225714 6 -62 
1722323809023 1722323809040 17 329601.470000 3463416.510000 -0.179333 16.560000 5C4225714 6 -62 
1722323809078 1722323809094 16 329602.920000 3463416.210000 -0.179333 16.380000 5C4225714 6 -62 
1722323809133 1722323809153 20 329603.890000 3463416.020000 -0.179333 16.120000 5C4225714 6 -62 
1722323809187 1722323809207 20 329604.840000 3463415.820000 -0.179333 16.000000 5C4225714 6 -62 
1722323809241 1722323809261 20 329605.470000 3463415.700000 -0.179333 15.760000 5C4225714 6 -62 
1722323809295 1722323809316 21 329606.400000 3463415.510000 -0.183478 15.620000 5C4225714 6 -62 
1722323809350 1722323809370 20 329607.160000 3463415.350000 -0.183478 15.500000 5C4225714 6 -62 
1722323809405 1722323809424 19 329607.620000 3463415.260000 -0.183478 15.240000 5C4225714 6 -62 
1722323809459 1722323809478 19 329608.520000 3463415.070000 -0.183478 15.180000 5C4225714 6 -62 
1722323809513 1722323809535 22 329609.400000 3463414.890000 -0.183478 14.940000 5C4225714 6 -62 
1722323809568 1722323809588 20 329610.290000 3463414.710000 -0.183478 14.760000 5C4225714 6 -62 
1722323809622 1722323809638 16 329611.010000 3463414.570000 -0.183478 14.600000 5C4225714 6 -62 
1722323809677 1722323809694 17 329611.720000 3463414.420000 -0.183478 14.460000 5C4225714 6 -62 
1722323809731 1722323809748 17 329613.120000 3463414.130000 -0.184350 14.160000 5C4225714 6 -62 
1722323809786 1722323809802 16 329613.810000 3463413.990000 -0.184350 13.960000 5C4225714 6 -62 
1722323809840 1722323809857 17 329614.220000 3463413.900000 -0.184350 13.820000 5C4225714 6 -62 
1722323809895 1722323809912 17 329614.760000 3463413.800000 -0.184350 13.640000 5C4225714 6 -62 
1722323809950 1722323809968 18 329615.960000 3463413.550000 -0.184350 13.400000 5C4225714 6 -62 
1722323810004 1722323810022 18 329616.480000 3463413.450000 -0.184350 13.160000 5C4225714 6 -62 
1722323810059 1722323810085 26 329617.260000 3463413.280000 -0.184350 13.060000 5C4225714 6 -62 
1722323810114 1722323810134 20 329617.640000 3463413.210000 -0.186532 12.800000 5C4225714 6 -62 
1722323810168 1722323810186 18 329618.150000 3463413.100000 -0.186532 12.680000 5C4225714 6 -62 
1722323810223 1722323810239 16 329618.900000 3463412.940000 -0.186532 12.500000 5C4225714 6 -62 
1722323810278 1722323810305 27 329619.510000 3463412.820000 -0.186532 12.320000 5C4225714 6 -62 
1722323810332 1722323810349 17 329620.230000 3463412.660000 -0.187187 12.100000 5C4225714 6 -62 
1722323810387 1722323810404 17 329620.720000 3463412.570000 -0.187187 11.920000 5C4225714 6 -62 
1722323810442 1722323810459 17 329621.990000 3463412.300000 -0.187187 11.520000 5C4225714 6 -62 
1722323810497 1722323810514 17 329622.550000 3463412.180000 -0.186750 11.340000 5C4225714 6 -62 
1722323810552 1722323810568 16 329623.110000 3463412.070000 -0.186750 11.180000 5C4225714 6 -62 
1722323810610 1722323810629 19 329623.540000 3463411.980000 -0.186750 10.900000 5C4225714 6 -62 
1722323810665 1722323810684 19 329624.280000 3463411.820000 -0.186750 10.740000 5C4225714 6 -62 
1722323810720 1722323810741 21 329624.600000 3463411.760000 -0.185878 10.520000 5C4225714 6 -62 
1722323810775 1722323810794 19 329625.330000 3463411.620000 -0.185878 10.380000 5C4225714 6 -62 
1722323810829 1722323810848 19 329625.620000 3463411.560000 -0.185878 10.200000 5C4225714 6 -62 
1722323810884 1722323810902 18 329626.320000 3463411.410000 -0.185878 9.980000 5C4225714 6 -62 
1722323810954 1722323810970 16 329627.380000 3463411.200000 -0.186314 9.600000 5C4225714 6 -62 
1722323811009 1722323811027 18 329627.650000 3463411.140000 -0.186314 9.340000 5C4225714 6 -62 
1722323811063 1722323811083 20 329628.190000 3463411.030000 -0.186314 9.180000 5C4225714 6 -62 
1722323811118 1722323811137 19 329628.560000 3463410.950000 -0.184132 8.960000 5C4225714 6 -62 
1722323811173 1722323811192 19 329629.000000 3463410.870000 -0.184132 8.820000 5C4225714 6 -62 
1722323811228 1722323811247 19 329629.500000 3463410.760000 -0.184132 8.580000 5C4225714 6 -62 
1722323811282 1722323811302 20 329629.920000 3463410.680000 -0.184132 8.420000 5C4225714 6 -62 
1722323811337 1722323811357 20 329630.340000 3463410.600000 -0.183478 8.180000 5C4225714 6 -62 
1722323811392 1722323811411 19 329630.580000 3463410.560000 -0.183478 8.020000 5C4225714 6 -62 
1722323811446 1722323811465 19 329631.190000 3463410.420000 -0.183478 7.800000 5C4225714 6 -62 
1722323811501 1722323811519 18 329631.560000 3463410.350000 -0.179551 7.620000 5C4225714 6 -62 
1722323811556 1722323811573 17 329632.300000 3463410.230000 -0.179551 7.240000 5C4225714 6 -62 
1722323811611 1722323811629 18 329632.720000 3463410.160000 -0.179551 7.120000 5C4225714 6 -62 
1722323811666 1722323811684 18 329633.060000 3463410.090000 -0.169515 6.940000 5C4225714 6 -62 
1722323811720 1722323811737 17 329633.420000 3463410.060000 -0.169515 6.800000 5C4225714 6 -62 
1722323811775 1722323811793 18 329633.620000 3463410.020000 -0.169515 6.700000 5C4225714 6 -62 
1722323811830 1722323811847 17 329633.940000 3463409.970000 -0.169515 6.580000 5C4225714 6 -62 
1722323811885 1722323811906 21 329634.200000 3463409.940000 -0.169515 6.480000 5C4225714 6 -62 
1722323811939 1722323811957 18 329634.660000 3463409.890000 -0.150316 6.340000 5C4225714 6 -62 
1722323811998 1722323812014 16 329634.910000 3463409.860000 -0.150316 6.260000 5C4225714 6 -62 
1722323812052 1722323812069 17 329635.280000 3463409.840000 -0.150316 6.120000 5C4225714 6 -62 
1722323812106 1722323812126 20 329635.520000 3463409.810000 -0.150316 6.020000 5C4225714 6 -62 
1722323812161 1722323812177 16 329636.170000 3463409.790000 -0.122173 5.800000 5C4225714 6 -62 
1722323812216 1722323812233 17 329636.340000 3463409.780000 -0.122173 5.660000 5C4225714 6 -62 
1722323812271 1722323812294 23 329636.790000 3463409.770000 -0.087703 5.560000 5C4225714 6 -62 
1722323812325 1722323812343 18 329636.970000 3463409.780000 -0.087703 5.440000 5C4225714 6 -62 
1722323812379 1722323812397 18 329637.240000 3463409.780000 -0.087703 5.360000 5C4225714 6 -62 
1722323812434 1722323812458 24 329637.550000 3463409.790000 -0.087703 5.280000 5C4225714 6 -62 
1722323812489 1722323812513 24 329637.810000 3463409.810000 -0.045160 5.140000 5C4225714 6 -62 
1722323812544 1722323812561 17 329638.020000 3463409.840000 -0.045160 5.060000 5C4225714 6 -62 
1722323812599 1722323812615 16 329638.320000 3463409.880000 -0.045160 4.980000 5C4225714 6 -62 
1722323812655 1722323812678 23 329638.560000 3463409.910000 -0.045160 4.880000 5C4225714 6 -62 
1722323812710 1722323812726 16 329638.840000 3463409.960000 0.012872 4.760000 5C4225714 6 -62 
1722323812764 1722323812784 20 329639.250000 3463410.060000 0.012872 4.600000 5C4225714 6 -62 
1722323812820 1722323812838 18 329639.470000 3463410.110000 0.012872 4.500000 5C4225714 6 -62 
1722323812875 1722323812890 15 329639.770000 3463410.210000 0.081812 4.460000 5C4225714 6 -62 
1722323812929 1722323812950 21 329639.980000 3463410.290000 0.081812 4.320000 5C4225714 6 -62 
1722323812984 1722323813005 21 329640.170000 3463410.370000 0.081812 4.260000 5C4225714 6 -62 
1722323813048 1722323813068 20 329640.330000 3463410.440000 0.081812 4.180000 5C4225714 6 -62 
1722323813106 1722323813128 22 329640.550000 3463410.540000 0.164934 4.100000 5C4225714 6 -62 
1722323813161 1722323813178 17 329640.660000 3463410.600000 0.164934 4.020000 5C4225714 6 -62 
1722323813215 1722323813236 21 329640.810000 3463410.670000 0.164934 3.940000 5C4225714 6 -62 
1722323813270 1722323813288 18 329641.200000 3463410.900000 0.247400 3.800000 5C4225714 6 -62 
1722323813325 1722323813344 19 329641.330000 3463410.990000 0.247400 3.760000 5C4225714 6 -62 
1722323813379 1722323813398 19 329641.480000 3463411.100000 0.247400 3.700000 5C4225714 6 -62 
1722323813434 1722323813449 15 329641.650000 3463411.230000 0.247400 3.660000 5C4225714 6 -62 
1722323813488 1722323813512 24 329641.820000 3463411.360000 0.336412 3.600000 5C4225714 6 -62 
1722323813545 1722323813563 18 329641.960000 3463411.490000 0.336412 3.580000 5C4225714 6 -62 
1722323813600 1722323813620 20 329642.090000 3463411.610000 0.336412 3.560000 5C4225714 6 -62 
1722323813655 1722323813671 16 329642.210000 3463411.740000 0.336412 3.540000 5C4225714 6 -62 
1722323813710 1722323813730 20 329642.350000 3463411.900000 0.431533 3.520000 5C4225714 6 -62 
1722323813765 1722323813782 17 329642.430000 3463411.980000 0.431533 3.500000 5C4225714 6 -62 
1722323813820 1722323813838 18 329642.520000 3463412.110000 0.431533 3.500000 5C4225714 6 -62 
1722323813876 1722323813892 16 329642.720000 3463412.410000 0.543452 3.480000 5C4225714 6 -62 
1722323813931 1722323813950 19 329642.800000 3463412.530000 0.543452 3.460000 5C4225714 6 -62 
1722323813987 1722323814002 15 329642.900000 3463412.720000 0.543452 3.420000 5C4225714 6 -62 
1722323814041 1722323814060 19 329642.960000 3463412.870000 0.543452 3.420000 5C4225714 6 -62 
1722323814096 1722323814114 18 329643.020000 3463413.040000 0.669988 3.420000 5C4225714 6 -62 
1722323814152 1722323814170 18 329643.080000 3463413.200000 0.669988 3.400000 5C4225714 6 -62 
1722323814206 1722323814230 24 329643.140000 3463413.400000 0.669988 3.380000 5C4225714 6 -62 
1722323814262 1722323814290 28 329643.180000 3463413.570000 0.669988 3.380000 5C4225714 6 -62 
1722323814316 1722323814334 18 329643.200000 3463413.730000 0.805251 3.360000 5C4225714 6 -62 
1722323814371 1722323814394 23 329643.230000 3463413.900000 0.805251 3.340000 5C4225714 6 -62 
1722323814426 1722323814443 17 329643.230000 3463414.100000 0.805251 3.340000 5C4225714 6 -62 
1722323814481 1722323814498 17 329643.230000 3463414.430000 0.950986 3.260000 5C4225714 6 -62 
1722323814536 1722323814552 16 329643.230000 3463414.590000 0.950986 3.220000 5C4225714 6 -62 
1722323814590 1722323814606 16 329643.230000 3463414.620000 0.950986 3.180000 5C4225714 6 -62 
1722323814645 1722323814660 15 329643.210000 3463414.840000 0.950986 3.160000 5C4225714 6 -62 
1722323814700 1722323814726 26 329643.180000 3463415.000000 1.087122 3.140000 5C4225714 6 -62 
1722323814755 1722323814775 20 329643.160000 3463415.150000 1.087122 3.100000 5C4225714 6 -62 
1722323814809 1722323814826 17 329643.120000 3463415.330000 1.087122 3.080000 5C4225714 6 -62 
1722323814864 1722323814879 15 329643.080000 3463415.490000 1.087122 3.040000 5C4225714 6 -62 
1722323814918 1722323814938 20 329643.040000 3463415.630000 1.222385 3.000000 5C4225714 6 -62 
1722323814973 1722323814990 17 329643.010000 3463415.740000 1.222385 2.980000 5C4225714 6 -62 
1722323815028 1722323815044 16 329642.960000 3463415.890000 1.222385 2.960000 5C4225714 6 -62 
1722323815083 1722323815104 21 329642.870000 3463416.080000 1.222385 2.960000 5C4225714 6 -62 
1722323815137 1722323815153 16 329642.760000 3463416.350000 1.352412 2.920000 5C4225714 6 -62 
1722323815192 1722323815213 21 329642.740000 3463416.390000 1.352412 2.880000 5C4225714 6 -62 
1722323815251 1722323815271 20 329642.630000 3463416.570000 1.352412 2.860000 5C4225714 6 -62 
1722323815306 1722323815326 20 329642.540000 3463416.740000 1.478730 2.840000 5C4225714 6 -62 
1722323815361 1722323815382 21 329642.460000 3463416.850000 1.478730 2.820000 5C4225714 6 -62 
1722323815415 1722323815437 22 329642.370000 3463416.960000 1.478730 2.780000 5C4225714 6 -62 
1722323815470 1722323815491 21 329642.310000 3463417.050000 1.478730 2.760000 5C4225714 6 -62 
1722323815524 1722323815541 17 329642.220000 3463417.190000 1.601558 2.740000 5C4225714 6 -62 
1722323815579 1722323815606 27 329642.170000 3463417.240000 1.601558 2.740000 5C4225714 6 -62 
1722323815634 1722323815650 16 329642.090000 3463417.330000 1.601558 2.700000 5C4225714 6 -62 
1722323815689 1722323815706 17 329641.980000 3463417.450000 1.601558 2.680000 5C4225714 6 -62 
1722323815747 1722323815770 23 329641.860000 3463417.580000 1.718931 2.640000 5C4225714 6 -62 
1722323815802 1722323815822 20 329641.700000 3463417.720000 1.718931 2.600000 5C4225714 6 -62 
1722323815857 1722323815877 20 329641.580000 3463417.820000 1.718931 2.580000 5C4225714 6 -62 
1722323815912 1722323815931 19 329641.530000 3463417.850000 1.835868 2.560000 5C4225714 6 -62 
1722323815966 1722323815985 19 329641.380000 3463417.980000 1.835868 2.560000 5C4225714 6 -62 
1722323816021 1722323816047 26 329641.380000 3463417.980000 1.835868 2.520000 5C4225714 6 -62 
1722323816076 1722323816092 16 329641.150000 3463418.120000 1.835868 2.520000 5C4225714 6 -62 
1722323816131 1722323816151 20 329641.050000 3463418.200000 1.950405 2.520000 5C4225714 6 -62 
1722323816185 1722323816204 19 329640.920000 3463418.270000 1.950405 2.520000 5C4225714 6 -62 
1722323816240 1722323816258 18 329640.830000 3463418.320000 1.950405 2.520000 5C4225714 6 -62 
1722323816299 1722323816317 18 329640.610000 3463418.430000 2.062979 2.520000 5C4225714 6 -62 
1722323816355 1722323816371 16 329640.470000 3463418.490000 2.062979 2.520000 5C4225714 6 -62 
1722323816410 1722323816431 21 329640.340000 3463418.540000 2.062979 2.540000 5C4225714 6 -62 
1722323816465 1722323816481 16 329640.280000 3463418.560000 2.062979 2.560000 5C4225714 6 -62 
1722323816519 1722323816540 21 329640.200000 3463418.580000 2.174244 2.560000 5C4225714 6 -62 
1722323816574 1722323816591 17 329640.030000 3463418.640000 2.174244 2.580000 5C4225714 6 -62 
1722323816629 1722323816647 18 329639.880000 3463418.680000 2.174244 2.600000 5C4225714 6 -62 
1722323816683 1722323816701 18 329639.750000 3463418.710000 2.286381 2.640000 5C4225714 6 -62 
1722323816738 1722323816754 16 329639.680000 3463418.740000 2.286381 2.660000 5C4225714 6 -62 
1722323816793 1722323816812 19 329639.550000 3463418.760000 2.286381 2.680000 5C4225714 6 -62 
1722323816848 1722323816868 20 329639.330000 3463418.790000 2.286381 2.700000 5C4225714 6 -62 
1722323816903 1722323816922 19 329639.200000 3463418.810000 2.406809 2.740000 5C4225714 6 -62 
1722323816958 1722323816977 19 329638.980000 3463418.840000 2.406809 2.760000 5C4225714 6 -62 
1722323817012 1722323817031 19 329638.780000 3463418.840000 2.406809 2.800000 5C4225714 6 -62 
1722323817067 1722323817083 16 329638.660000 3463418.840000 2.406809 2.820000 5C4225714 6 -62 
1722323817122 1722323817139 17 329638.470000 3463418.840000 2.518946 2.840000 5C4225714 6 -62 
1722323817177 1722323817193 16 329638.360000 3463418.830000 2.518946 2.880000 5C4225714 6 -62 
1722323817232 1722323817252 20 329638.210000 3463418.830000 2.518946 2.920000 5C4225714 6 -62 
1722323817286 1722323817306 20 329638.060000 3463418.810000 2.643737 2.940000 5C4225714 6 -62 
1722323817341 1722323817360 19 329637.920000 3463418.800000 2.643737 2.960000 5C4225714 6 -62 
1722323817400 1722323817416 16 329637.800000 3463418.780000 2.643737 2.960000 5C4225714 6 -62 
1722323817455 1722323817474 19 329637.650000 3463418.760000 2.643737 2.980000 5C4225714 6 -62 
1722323817510 1722323817526 16 329637.380000 3463418.710000 2.769838 3.000000 5C4225714 6 -62 
1722323817565 1722323817581 16 329637.170000 3463418.670000 2.769838 3.020000 5C4225714 6 -62 
1722323817619 1722323817636 17 329637.030000 3463418.630000 2.769838 3.060000 5C4225714 6 -62 
1722323817674 1722323817692 18 329636.880000 3463418.600000 2.880666 3.080000 5C4225714 6 -62 
1722323817729 1722323817748 19 329636.730000 3463418.580000 2.880666 3.080000 5C4225714 6 -62 
1722323817785 1722323817802 17 329636.570000 3463418.540000 2.880666 3.080000 5C4225714 6 -62 
1722323817839 1722323817865 26 329636.390000 3463418.510000 2.880666 3.100000 5C4225714 6 -62 
1722323817894 1722323817915 21 329636.240000 3463418.470000 2.977095 3.120000 5C4225714 6 -62 
1722323817948 1722323817968 20 329636.090000 3463418.450000 2.977095 3.160000 5C4225714 6 -62 
1722323818003 1722323818019 16 329635.930000 3463418.420000 2.977095 3.160000 5C4225714 6 -62 
1722323818058 1722323818077 19 329635.770000 3463418.400000 2.977095 3.180000 5C4225714 6 -62 
1722323818113 1722323818132 19 329635.580000 3463418.370000 3.054544 3.220000 5C4225714 6 -62 
1722323818168 1722323818186 18 329635.260000 3463418.340000 3.054544 3.260000 5C4225714 6 -62 
1722323818223 1722323818238 15 329635.090000 3463418.330000 3.054544 3.320000 5C4225714 6 -62 
1722323818277 1722323818304 27 329634.920000 3463418.330000 3.094687 3.340000 5C4225714 6 -62 
1722323818332 1722323818348 16 329634.860000 3463418.340000 3.094687 3.380000 5C4225714 6 -62 
1722323818387 1722323818407 20 329634.660000 3463418.330000 3.094687 3.440000 5C4225714 6 -62 
1722323818445 1722323818463 18 329634.450000 3463418.320000 3.094687 3.480000 5C4225714 6 -62 
1722323818504 1722323818523 19 329634.260000 3463418.310000 3.111704 3.540000 5C4225714 6 -62 
1722323818559 1722323818584 25 329634.080000 3463418.330000 3.111704 3.600000 5C4225714 6 -62 
1722323818613 1722323818633 20 329633.900000 3463418.320000 3.111704 3.660000 5C4225714 6 -62 
1722323818668 1722323818692 24 329633.710000 3463418.320000 3.111704 3.700000 5C4225714 6 -62 
1722323818723 1722323818741 18 329633.410000 3463418.350000 3.123485 3.820000 5C4225714 6 -62 
1722323818778 1722323818797 19 329633.220000 3463418.350000 3.123485 3.940000 5C4225714 6 -62 
1722323818832 1722323818849 17 329632.940000 3463418.370000 3.123485 4.020000 5C4225714 6 -62 
1722323818887 1722323818904 17 329632.770000 3463418.370000 3.119122 4.100000 5C4225714 6 -62 
1722323818942 1722323818959 17 329632.770000 3463418.370000 3.119122 4.200000 5C4225714 6 -62 
1722323818996 1722323819013 17 329632.310000 3463418.410000 3.119122 4.280000 5C4225714 6 -62 
1722323819051 1722323819068 17 329632.100000 3463418.430000 3.119122 4.400000 5C4225714 6 -62 
1722323819106 1722323819130 24 329631.870000 3463418.440000 3.112358 4.520000 5C4225714 6 -62 
1722323819160 1722323819176 16 329631.630000 3463418.470000 3.112358 4.700000 5C4225714 6 -62 
1722323819215 1722323819233 18 329631.340000 3463418.480000 3.112358 4.920000 5C4225714 6 -62 
1722323819270 1722323819293 23 329631.100000 3463418.510000 3.112358 5.020000 5C4225714 6 -62 
1722323819325 1722323819342 17 329630.840000 3463418.520000 3.103195 5.280000 5C4225714 6 -62 
1722323819379 1722323819404 25 329630.240000 3463418.590000 3.103195 5.520000 5C4225714 6 -62 
1722323819434 1722323819452 18 329629.960000 3463418.630000 3.103195 5.660000 5C4225714 6 -62 
1722323819489 1722323819506 17 329629.960000 3463418.630000 3.103195 5.880000 5C4225714 6 -62 
1722323819554 1722323819571 17 329629.490000 3463418.690000 3.085524 6.100000 5C4225714 6 -62 
1722323819609 1722323819625 16 329629.120000 3463418.740000 3.085524 6.240000 5C4225714 6 -62 
1722323819663 1722323819681 18 329628.870000 3463418.770000 3.085524 6.400000 5C4225714 6 -62 
1722323819718 1722323819734 16 329628.550000 3463418.820000 3.063926 6.520000 5C4225714 6 -62 
1722323819773 1722323819790 17 329628.090000 3463418.890000 3.063926 6.740000 5C4225714 6 -62 
1722323819828 1722323819846 18 329627.750000 3463418.930000 3.063926 6.860000 5C4225714 6 -62 
1722323819883 1722323819901 18 329627.410000 3463418.980000 3.063926 7.080000 5C4225714 6 -62 
1722323819938 1722323819957 19 329626.750000 3463419.080000 3.045600 7.480000 5C4225714 6 -62 
1722323819992 1722323820012 20 329626.230000 3463419.150000 3.045600 7.620000 5C4225714 6 -62 
1722323820047 1722323820067 20 329625.930000 3463419.200000 3.045600 8.000000 5C4225714 6 -62 
1722323820102 1722323820129 27 329625.610000 3463419.250000 3.031855 8.100000 5C4225714 6 -62 
1722323820157 1722323820178 21 329625.220000 3463419.330000 3.031855 8.320000 5C4225714 6 -62 
1722323820212 1722323820230 18 329624.730000 3463419.400000 3.031855 8.460000 5C4225714 6 -62 
1722323820266 1722323820286 20 329624.310000 3463419.470000 3.031855 8.600000 5C4225714 6 -62 
1722323820321 1722323820346 25 329623.890000 3463419.550000 3.009166 8.800000 5C4225714 6 -62 
1722323820376 1722323820396 20 329623.450000 3463419.640000 3.009166 9.160000 5C4225714 6 -62 
1722323820431 1722323820449 18 329623.010000 3463419.720000 3.009166 9.080000 5C4225714 6 -62 
1722323820485 1722323820502 17 329622.560000 3463419.800000 3.009166 9.280000 5C4225714 6 -62 
1722323820540 1722323820556 16 329621.730000 3463419.980000 2.988658 9.700000 5C4225714 6 -62 
1722323820594 1722323820612 18 329621.350000 3463420.050000 2.988658 9.740000 5C4225714 6 -62 
1722323820649 1722323820665 16 329620.770000 3463420.170000 2.988658 9.920000 5C4225714 6 -62 
1722323820709 1722323820732 23 329620.770000 3463420.170000 2.988658 9.980000 5C4225714 6 -62 
1722323820768 1722323820783 15 329619.890000 3463420.370000 2.972732 10.160000 5C4225714 7 -68 
1722323820826 1722323820852 26 329619.290000 3463420.490000 2.972732 10.280000 5C4225714 7 -68 
1722323820880 1722323820898 18 329618.780000 3463420.580000 2.972732 10.480000 5C4225714 7 -68 
1722323820935 1722323820958 23 329618.160000 3463420.700000 2.966405 10.560000 5C4225714 7 -68 
1722323820990 1722323821008 18 329617.540000 3463420.850000 2.966405 10.740000 5C4225714 7 -68 
1722323821045 1722323821062 17 329616.460000 3463421.060000 2.966405 11.040000 5C4225714 7 -68 
1722323821100 1722323821117 17 329615.810000 3463421.210000 2.959642 11.180000 5C4225714 7 -68 
1722323821154 1722323821172 18 329615.590000 3463421.260000 2.959642 11.380000 5C4225714 7 -68 
1722323821209 1722323821228 19 329614.700000 3463421.450000 2.959642 11.500000 5C4225714 7 -68 
1722323821264 1722323821283 19 329614.240000 3463421.540000 2.959642 11.640000 5C4225714 7 -68 
1722323821319 1722323821336 17 329613.900000 3463421.620000 2.950261 11.780000 5C4225714 7 -68 
1722323821374 1722323821395 21 329613.210000 3463421.770000 2.950261 11.980000 5C4225714 7 -68 
1722323821429 1722323821450 21 329612.750000 3463421.880000 2.950261 12.120000 5C4225714 7 -68 
1722323821483 1722323821505 22 329611.910000 3463422.060000 2.950261 12.260000 5C4225714 7 -68 
1722323821538 1722323821554 16 329611.320000 3463422.200000 2.943498 12.420000 5C4225714 7 -68 
1722323821593 1722323821610 17 329610.710000 3463422.340000 2.943498 12.480000 5C4225714 7 -68 
1722323821648 1722323821664 16 329609.350000 3463422.640000 2.939571 12.740000 5C4225714 7 -68 
1722323821703 1722323821720 17 329608.720000 3463422.790000 2.939571 12.960000 5C4225714 7 -68 
1722323821758 1722323821777 19 329608.220000 3463422.910000 2.939571 13.060000 5C4225714 7 -68 
1722323821812 1722323821831 19 329607.440000 3463423.060000 2.939571 13.180000 5C4225714 7 -68 
1722323821871 1722323821890 19 329607.050000 3463423.150000 2.939571 13.320000 5C4225714 7 -68 
1722323821926 1722323821942 16 329606.660000 3463423.230000 2.943061 13.500000 5C4225714 7 -68 
1722323821981 1722323821997 16 329605.890000 3463423.420000 2.943061 13.600000 5C4225714 7 -68 
1722323822036 1722323822052 16 329605.890000 3463423.420000 2.943061 13.860000 5C4225714 7 -68 
1722323822091 1722323822107 16 329604.540000 3463423.700000 2.943061 13.920000 5C4225714 7 -68 
1722323822146 1722323822170 24 329603.720000 3463423.880000 2.944589 14.080000 5C4225714 7 -68 
1722323822201 1722323822220 19 329602.760000 3463424.090000 2.944589 14.260000 5C4225714 7 -68 
1722323822256 1722323822272 16 329601.500000 3463424.360000 2.944589 14.600000 5C4225714 7 -68 
1722323822311 1722323822332 21 329600.790000 3463424.520000 2.944370 14.760000 5C4225714 7 -68 
1722323822366 1722323822387 21 329599.780000 3463424.740000 2.944370 14.900000 5C4225714 7 -68 
1722323822420 1722323822439 19 329599.050000 3463424.880000 2.944370 15.020000 5C4225714 7 -68 
1722323822475 1722323822492 17 329598.470000 3463425.000000 2.947861 15.180000 5C4225714 7 -68 
1722323822531 1722323822548 17 329597.880000 3463425.150000 2.947861 15.220000 5C4225714 7 -68 
1722323822585 1722323822603 18 329597.280000 3463425.270000 2.947861 15.420000 5C4225714 7 -68 
1722323822640 1722323822664 24 329596.670000 3463425.400000 2.947861 15.520000 5C4225714 7 -68 
1722323822695 1722323822720 25 329595.760000 3463425.580000 2.947861 15.580000 5C4225714 7 -68 
1722323822750 1722323822769 19 329594.700000 3463425.820000 2.949825 15.660000 5C4225714 7 -68 
1722323822805 1722323822823 18 329593.930000 3463425.980000 2.949825 15.760000 5C4225714 7 -68 
1722323822860 1722323822878 18 329592.690000 3463426.230000 2.949825 15.980000 5C4225714 7 -68 
1722323822918 1722323822944 26 329591.750000 3463426.430000 2.954624 16.120000 5C4225714 7 -68 
1722323822973 1722323822989 16 329590.650000 3463426.650000 2.954624 16.220000 5C4225714 7 -68 
1722323823028 1722323823053 25 329589.840000 3463426.810000 2.954624 16.400000 5C4225714 7 -68 
1722323823083 1722323823101 18 329589.040000 3463426.960000 2.957897 16.500000 5C4225714 7 -68 
1722323823137 1722323823154 17 329588.560000 3463427.070000 2.957897 16.660000 5C4225714 7 -68 
1722323823193 1722323823211 18 329587.910000 3463427.210000 2.957897 16.740000 5C4225714 7 -68 
1722323823248 1722323823270 22 329586.750000 3463427.430000 2.957897 16.920000 5C4225714 7 -68 
1722323823303 1722323823327 24 329585.930000 3463427.590000 2.962042 16.940000 5C4225714 7 -68 
1722323823358 1722323823382 24 329585.100000 3463427.770000 2.962042 17.180000 5C4225714 7 -68 
1722323823413 1722323823438 25 329583.930000 3463428.000000 2.962042 17.400000 5C4225714 7 -68 
1722323823468 1722323823488 20 329582.390000 3463428.300000 2.960297 17.500000 5C4225714 7 -68 
1722323823523 1722323823543 20 329581.530000 3463428.480000 2.960297 17.560000 5C4225714 7 -68 
1722323823578 1722323823598 20 329580.850000 3463428.630000 2.960297 17.720000 5C4225714 7 -68 
1722323823632 1722323823653 21 329579.810000 3463428.830000 2.960297 17.780000 5C4225714 7 -68 
1722323823687 1722323823704 17 329578.920000 3463429.000000 2.960078 17.920000 5C4225714 7 -68 
1722323823742 1722323823766 24 329577.880000 3463429.230000 2.960078 18.040000 5C4225714 7 -68 
1722323823796 1722323823815 19 329576.990000 3463429.410000 2.960078 18.140000 5C4225714 7 -68 
1722323823851 1722323823867 16 329576.280000 3463429.550000 2.960078 18.280000 5C4225714 7 -68 
1722323823906 1722323823926 20 329575.570000 3463429.690000 2.959206 18.280000 5C4225714 7 -68 
1722323823966 1722323823986 20 329574.660000 3463429.880000 2.959206 18.460000 5C4225714 7 -68 
1722323824021 1722323824041 20 329572.850000 3463430.250000 2.959206 18.600000 5C4225714 7 -68 
1722323824076 1722323824092 16 329571.760000 3463430.470000 2.958988 18.640000 5C4225714 7 -68 
1722323824131 1722323824147 16 329570.840000 3463430.680000 2.958988 18.760000 5C4225714 7 -68 
1722323824186 1722323824201 15 329569.920000 3463430.870000 2.958988 18.800000 5C4225714 7 -68 
1722323824241 1722323824256 15 329569.190000 3463431.010000 2.958988 18.900000 5C4225714 7 -68 
1722323824295 1722323824311 16 329567.890000 3463431.290000 2.953533 18.980000 5C4225714 7 -68 
1722323824351 1722323824366 15 329566.960000 3463431.490000 2.953533 19.020000 5C4225714 7 -68 
1722323824405 1722323824422 17 329566.210000 3463431.650000 2.953533 19.120000 5C4225714 7 -68 
1722323824460 1722323824476 16 329565.270000 3463431.840000 2.953533 19.140000 5C4225714 7 -68 
1722323824515 1722323824532 17 329564.150000 3463432.080000 2.951352 19.300000 5C4225714 7 -68 
1722323824570 1722323824593 23 329563.010000 3463432.330000 2.951352 19.320000 5C4225714 7 -68 
1722323824624 1722323824646 22 329562.060000 3463432.530000 2.951352 19.460000 5C4225714 7 -68 
1722323824679 1722323824695 16 329560.540000 3463432.860000 2.949388 19.580000 5C4225714 7 -68 
1722323824734 1722323824750 16 329559.590000 3463433.080000 2.949388 19.620000 5C4225714 7 -68 
1722323824789 1722323824807 18 329558.430000 3463433.320000 2.949388 19.660000 5C4225714 7 -68 
1722323824844 1722323824862 18 329557.660000 3463433.480000 2.949388 19.700000 5C4225714 7 -68 
1722323824899 1722323824918 19 329556.690000 3463433.700000 2.946116 19.720000 5C4225714 7 -68 
1722323824954 1722323824970 16 329555.530000 3463433.960000 2.946116 19.780000 5C4225714 7 -68 
1722323825009 1722323825029 20 329554.570000 3463434.170000 2.946116 19.840000 5C4225714 7 -68 
1722323825068 1722323825089 21 329553.400000 3463434.420000 2.946116 19.840000 5C4225714 7 -68 
1722323825123 1722323825142 19 329552.620000 3463434.590000 2.945025 19.900000 5C4225714 7 -68 
1722323825178 1722323825196 18 329551.830000 3463434.770000 2.945025 19.920000 5C4225714 7 -68 
1722323825233 1722323825250 17 329549.300000 3463435.320000 2.945025 20.000000 5C4225714 7 -68 
1722323825287 1722323825307 20 329548.900000 3463435.400000 2.946988 20.080000 5C4225714 7 -68 
1722323825342 1722323825360 18 329547.720000 3463435.660000 2.946988 20.160000 5C4225714 7 -68 
1722323825397 1722323825416 19 329546.740000 3463435.870000 2.946988 20.220000 5C4225714 7 -68 
1722323825452 1722323825468 16 329545.740000 3463436.080000 2.946988 20.280000 5C4225714 7 -68 
1722323825507 1722323825523 16 329544.750000 3463436.300000 2.948079 20.320000 5C4225714 7 -68 
1722323825562 1722323825578 16 329543.960000 3463436.480000 2.948079 20.400000 5C4225714 7 -68 
1722323825617 1722323825637 20 329542.550000 3463436.770000 2.948079 20.460000 5C4225714 7 -68 
1722323825672 1722323825691 19 329541.550000 3463436.980000 2.948079 20.560000 5C4225714 7 -68 
1722323825727 1722323825744 17 329540.740000 3463437.150000 2.947643 20.620000 5C4225714 7 -68 
1722323825781 1722323825800 19 329539.530000 3463437.420000 2.947643 20.620000 5C4225714 7 -68 
1722323825836 1722323825854 18 329538.310000 3463437.680000 2.947643 20.720000 5C4225714 7 -68 
1722323825893 1722323825910 17 329536.280000 3463438.110000 2.950915 20.800000 5C4225714 7 -68 
1722323825952 1722323825974 22 329536.070000 3463438.150000 2.950915 20.840000 5C4225714 7 -68 
1722323826007 1722323826025 18 329534.650000 3463438.450000 2.950915 20.960000 5C4225714 7 -68 
1722323826062 1722323826079 17 329533.420000 3463438.710000 2.950915 20.980000 5C4225714 7 -68 
1722323826116 1722323826133 17 329532.380000 3463438.930000 2.953097 21.100000 5C4225714 7 -68 
1722323826175 1722323826194 19 329531.360000 3463439.150000 2.953097 21.140000 5C4225714 7 -68 
1722323826230 1722323826247 17 329530.320000 3463439.360000 2.953097 21.220000 5C4225714 7 -68 
1722323826285 1722323826303 18 329529.070000 3463439.620000 2.953097 21.220000 5C4225714 7 -68 
1722323826340 1722323826356 16 329528.650000 3463439.710000 2.954624 21.340000 5C4225714 7 -68 
1722323826395 1722323826411 16 329526.980000 3463440.060000 2.954624 21.340000 5C4225714 7 -68 
1722323826449 1722323826472 23 329525.510000 3463440.360000 2.954624 21.460000 5C4225714 7 -68 
1722323826504 1722323826521 17 329523.830000 3463440.720000 2.955715 21.500000 5C4225714 7 -68 
1722323826559 1722323826584 25 329522.570000 3463440.970000 2.955715 21.480000 5C4225714 7 -68 
1722323826613 1722323826640 27 329521.720000 3463441.150000 2.955715 21.560000 5C4225714 7 -68 
1722323826668 1722323826684 16 329521.090000 3463441.270000 2.955715 21.500000 5C4225714 7 -68 
1722323826723 1722323826739 16 329519.820000 3463441.540000 2.957460 21.560000 5C4225714 7 -68 
1722323826778 1722323826796 18 329518.760000 3463441.770000 2.957460 21.560000 5C4225714 7 -68 
1722323826833 1722323826856 23 329517.700000 3463441.980000 2.957460 21.600000 5C4225714 7 -68 
1722323826888 1722323826906 18 329516.430000 3463442.240000 2.957460 21.600000 5C4225714 7 -68 
1722323826942 1722323826961 19 329515.370000 3463442.450000 2.958551 21.660000 5C4225714 7 -68 
1722323826997 1722323827013 16 329514.310000 3463442.670000 2.958551 21.660000 5C4225714 7 -68 
1722323827053 1722323827068 15 329511.970000 3463443.150000 2.960078 21.700000 5C4225714 7 -68 
1722323827107 1722323827129 22 329511.110000 3463443.320000 2.960078 21.700000 5C4225714 7 -68 
1722323827162 1722323827179 17 329509.830000 3463443.590000 2.960078 21.700000 5C4225714 7 -68 
1722323827217 1722323827235 18 329508.550000 3463443.840000 2.960078 21.720000 5C4225714 7 -68 
1722323827276 1722323827294 18 329507.490000 3463444.060000 2.960733 21.720000 5C4225714 7 -68 
1722323827331 1722323827348 17 329507.490000 3463444.060000 2.960733 21.780000 5C4225714 7 -68 
1722323827386 1722323827407 21 329505.990000 3463444.360000 2.960733 21.780000 5C4225714 7 -68 
1722323827441 1722323827457 16 329504.710000 3463444.620000 2.960733 21.780000 5C4225714 7 -68 
1722323827495 1722323827516 21 329503.850000 3463444.790000 2.960733 21.820000 5C4225714 7 -68 
1722323827551 1722323827570 19 329502.560000 3463445.060000 2.958333 21.820000 5C4225714 7 -68 
1722323827606 1722323827620 14 329500.210000 3463445.540000 2.958333 21.760000 5C4225714 7 -68 
1722323827660 1722323827676 16 329499.140000 3463445.760000 2.961387 21.800000 5C4225714 7 -68 
1722323827715 1722323827741 26 329498.500000 3463445.890000 2.961387 21.720000 5C4225714 7 -68 
1722323827770 1722323827790 20 329497.210000 3463446.150000 2.961387 21.720000 5C4225714 7 -68 
1722323827825 1722323827847 22 329495.720000 3463446.450000 2.961387 21.720000 5C4225714 7 -68 
1722323827879 1722323827895 16 329494.660000 3463446.680000 2.957024 21.700000 5C4225714 7 -68 
1722323827934 1722323827951 17 329493.580000 3463446.900000 2.957024 21.700000 5C4225714 7 -68 
1722323827989 1722323828007 18 329492.730000 3463447.080000 2.957024 21.660000 5C4225714 7 -68 
1722323828044 1722323828061 17 329491.670000 3463447.300000 2.957024 21.640000 5C4225714 7 -68 
1722323828099 1722323828115 16 329490.810000 3463447.470000 2.957024 21.600000 5C4225714 7 -68 
1722323828153 1722323828170 17 329489.970000 3463447.650000 2.957024 21.600000 5C4225714 7 -68 
1722323828214 1722323828231 17 329488.480000 3463447.950000 2.957024 21.560000 5C4225714 7 -68 
1722323828269 1722323828288 19 329486.360000 3463448.390000 2.955933 21.520000 5C4225714 7 -68 
1722323828324 1722323828344 20 329485.730000 3463448.520000 2.955933 21.500000 5C4225714 7 -68 
1722323828383 1722323828400 17 329484.250000 3463448.830000 2.955933 21.420000 5C4225714 7 -68 
1722323828437 1722323828457 20 329483.190000 3463449.040000 2.955933 21.420000 5C4225714 7 -68 
1722323828492 1722323828509 17 329481.930000 3463449.310000 2.954406 21.320000 5C4225714 7 -68 
1722323828547 1722323828568 21 329480.890000 3463449.520000 2.954406 21.340000 5C4225714 7 -68 
1722323828602 1722323828622 20 329479.840000 3463449.740000 2.954406 21.260000 5C4225714 7 -68 
1722323828657 1722323828677 20 329479.000000 3463449.910000 2.954406 21.260000 5C4225714 7 -68 
1722323828711 1722323828730 19 329477.750000 3463450.170000 2.955279 21.140000 5C4225714 7 -68 
1722323828766 1722323828781 15 329475.680000 3463450.600000 2.955279 21.100000 5C4225714 7 -68 
1722323828820 1722323828836 16 329474.420000 3463450.850000 2.955279 21.140000 5C4225714 7 -68 
1722323828875 1722323828892 17 329473.600000 3463451.020000 2.959206 21.060000 5C4225714 7 -68 
1722323828930 1722323828946 16 329472.770000 3463451.170000 2.959206 21.060000 5C4225714 7 -68 
1722323828985 1722323829001 16 329471.740000 3463451.390000 2.959206 20.980000 5C4225714 7 -68 
1722323829040 1722323829056 16 329471.110000 3463451.510000 2.959206 20.960000 5C4225714 7 -68 
1722323829095 1722323829117 22 329469.670000 3463451.800000 2.963351 20.900000 5C4225714 7 -68 
1722323829150 1722323829166 16 329468.430000 3463452.040000 2.963351 20.960000 5C4225714 7 -68 
1722323829204 1722323829221 17 329467.410000 3463452.250000 2.963351 20.960000 5C4225714 7 -68 
1722323829259 1722323829276 17 329466.580000 3463452.410000 2.963351 20.880000 5C4225714 7 -68 
1722323829314 1722323829331 17 329465.350000 3463452.650000 2.964442 20.880000 5C4225714 7 -68 
1722323829369 1722323829385 16 329464.120000 3463452.890000 2.964442 20.840000 5C4225714 7 -68 
1722323829429 1722323829448 19 329462.070000 3463453.290000 2.964442 20.840000 5C4225714 7 -68 
1722323829488 1722323829507 19 329461.660000 3463453.370000 2.964442 20.740000 5C4225714 7 -68 
1722323829543 1722323829564 21 329460.020000 3463453.690000 2.966405 20.780000 5C4225714 7 -68 
1722323829598 1722323829615 17 329459.200000 3463453.850000 2.966405 20.740000 5C4225714 7 -68 
1722323829653 1722323829671 18 329458.380000 3463454.000000 2.966405 20.760000 5C4225714 7 -68 
1722323829707 1722323829724 17 329457.370000 3463454.200000 2.969241 20.780000 5C4225714 7 -68 
1722323829762 1722323829779 17 329456.130000 3463454.440000 2.969241 20.740000 5C4225714 7 -68 
1722323829816 1722323829833 17 329455.120000 3463454.630000 2.969241 20.720000 5C4225714 7 -68 
1722323829871 1722323829896 25 329454.090000 3463454.830000 2.969241 20.680000 5C4225714 7 -68 
1722323829926 1722323829944 18 329451.850000 3463455.250000 2.971423 20.680000 5C4225714 7 -68 
1722323829981 1722323829998 17 329451.040000 3463455.410000 2.971423 20.640000 5C4225714 7 -68 
1722323830036 1722323830052 16 329450.020000 3463455.600000 2.971423 20.660000 5C4225714 7 -68 
1722323830091 1722323830112 21 329448.800000 3463455.830000 2.971205 20.640000 5C4225714 7 -68 
1722323830146 1722323830166 20 329447.580000 3463456.060000 2.971205 20.640000 5C4225714 7 -68 
1722323830201 1722323830220 19 329446.560000 3463456.260000 2.971205 20.640000 5C4225714 7 -68 
1722323830256 1722323830274 18 329445.550000 3463456.450000 2.971205 20.620000 5C4225714 7 -68 
1722323830310 1722323830328 18 329445.150000 3463456.520000 2.973387 20.620000 5C4225714 7 -68 
1722323830365 1722323830382 17 329443.930000 3463456.750000 2.973387 20.600000 5C4225714 7 -68 
1722323830420 1722323830436 16 329442.910000 3463456.950000 2.973387 20.560000 5C4225714 7 -68 
1722323830475 1722323830491 16 329441.900000 3463457.140000 2.973387 20.520000 5C4225714 7 -68 
1722323830535 1722323830563 28 329439.670000 3463457.560000 2.974259 20.520000 5C4225714 7 -68 
1722323830589 1722323830606 17 329438.670000 3463457.750000 2.974259 20.520000 5C4225714 7 -68 
1722323830644 1722323830663 19 329437.650000 3463457.930000 2.974259 20.520000 5C4225714 7 -68 
1722323830699 1722323830720 21 329436.440000 3463458.160000 2.974477 20.500000 5C4225714 7 -68 
1722323830754 1722323830771 17 329435.630000 3463458.310000 2.974477 20.520000 5C4225714 7 -68 
1722323830809 1722323830830 21 329434.410000 3463458.540000 2.974477 20.460000 5C4225714 7 -68 
1722323830864 1722323830884 20 329433.610000 3463458.690000 2.974477 20.480000 5C4225714 7 -68 
1722323830918 1722323830938 20 329432.190000 3463458.940000 2.977314 20.480000 5C4225714 7 -68 
1722323830973 1722323830992 19 329431.190000 3463459.140000 2.977314 20.520000 5C4225714 7 -68 
1722323831032 1722323831050 18 329430.180000 3463459.320000 2.977314 20.500000 5C4225714 7 -68 
1722323831087 1722323831104 17 329428.560000 3463459.620000 2.976659 20.660000 5C4225714 7 -68 
1722323831142 1722323831166 24 329427.740000 3463459.770000 2.976659 20.720000 5C4225714 7 -68 
1722323831197 1722323831214 17 329426.720000 3463459.950000 2.976659 20.820000 5C4225714 7 -68 
1722323831251 1722323831269 18 329426.110000 3463460.070000 2.976659 20.840000 5C4225714 7 -68 
1722323831306 1722323831325 19 329424.470000 3463460.360000 2.979713 20.960000 5C4225714 7 -68 
1722323831360 1722323831381 21 329423.650000 3463460.520000 2.979713 20.960000 5C4225714 7 -68 
1722323831415 1722323831437 22 329422.000000 3463460.830000 2.979713 21.000000 5C4225714 7 -68 
1722323831470 1722323831488 18 329421.170000 3463460.970000 2.979713 21.000000 5C4225714 7 -68 
1722323831525 1722323831542 17 329419.920000 3463461.200000 2.981022 21.000000 5C4225714 7 -68 
1722323831580 1722323831603 23 329418.880000 3463461.390000 2.981022 21.020000 5C4225714 7 -68 
1722323831639 1722323831657 18 329418.470000 3463461.460000 2.981022 21.080000 5C4225714 7 -68 
1722323831693 1722323831711 18 329416.190000 3463461.870000 2.980150 21.100000 5C4225714 7 -68 
1722323831748 1722323831767 19 329415.140000 3463462.070000 2.980150 21.100000 5C4225714 7 -68 
1722323831803 1722323831822 19 329413.900000 3463462.290000 2.980150 21.140000 5C4225714 7 -68 
1722323831858 1722323831877 19 329412.850000 3463462.470000 2.980150 21.140000 5C4225714 7 -68 
1722323831913 1722323831931 18 329411.820000 3463462.670000 2.980804 21.140000 5C4225714 7 -68 
1722323831968 1722323831986 18 329410.560000 3463462.890000 2.980804 21.140000 5C4225714 7 -68 
1722323832023 1722323832043 20 329409.520000 3463463.070000 2.980804 21.160000 5C4225714 7 -68 
1722323832078 1722323832097 19 329408.480000 3463463.250000 2.980804 21.180000 5C4225714 7 -68 
1722323832133 1722323832150 17 329407.420000 3463463.440000 2.983859 21.260000 5C4225714 7 -68 
1722323832188 1722323832205 17 329406.170000 3463463.660000 2.983859 21.280000 5C4225714 7 -68 
1722323832243 1722323832261 18 329405.540000 3463463.770000 2.983859 21.320000 5C4225714 7 -68 
1722323832298 1722323832316 18 329403.010000 3463464.210000 2.986477 21.460000 5C4225714 7 -68 
1722323832352 1722323832370 18 329401.730000 3463464.430000 2.986477 21.520000 5C4225714 7 -68 
1722323832407 1722323832425 18 329401.530000 3463464.460000 2.986477 21.560000 5C4225714 7 -68 
1722323832462 1722323832479 17 329400.250000 3463464.680000 2.986477 21.640000 5C4225714 7 -68 
1722323832517 1722323832533 16 329399.180000 3463464.860000 2.989531 21.700000 5C4225714 7 -68 
1722323832572 1722323832588 16 329397.900000 3463465.070000 2.989531 21.720000 5C4225714 7 -68 
1722323832627 1722323832646 19 329396.820000 3463465.240000 2.989531 21.720000 5C4225714 7 -68 
1722323832687 1722323832707 20 329395.960000 3463465.390000 2.989531 21.820000 5C4225714 7 -68 
1722323832745 1722323832761 16 329394.450000 3463465.620000 3.001530 21.800000 5C4225714 7 -68 
1722323832800 1722323832818 18 329393.370000 3463465.780000 3.001530 21.860000 5C4225714 7 -68 
1722323832854 1722323832872 18 329391.210000 3463466.110000 3.010038 21.820000 5C4225714 7 -68 
1722323832909 1722323832926 17 329389.900000 3463466.290000 3.010038 21.820000 5C4225714 7 -68 
1722323832964 1722323832982 18 329389.250000 3463466.390000 3.010038 21.820000 5C4225714 7 -68 
1722323833020 1722323833038 18 329388.170000 3463466.540000 3.010038 21.840000 5C4225714 7 -68 
1722323833074 1722323833093 19 329387.090000 3463466.700000 3.010038 21.880000 5C4225714 7 -68 
1722323833130 1722323833147 17 329386.010000 3463466.860000 3.016365 21.880000 5C4225714 7 -68 
1722323833184 1722323833202 18 329384.910000 3463467.010000 3.016365 21.900000 5C4225714 7 -68 
1722323833240 1722323833256 16 329384.490000 3463467.070000 3.016365 21.880000 5C4225714 7 -68 
1722323833294 1722323833315 21 329382.530000 3463467.330000 3.021383 21.900000 5C4225714 7 -68 
1722323833349 1722323833370 21 329381.440000 3463467.480000 3.021383 21.900000 5C4225714 7 -68 
1722323833404 1722323833422 18 329381.000000 3463467.550000 3.021383 21.960000 5C4225714 7 -68 
1722323833459 1722323833481 22 329377.950000 3463467.950000 3.028364 21.980000 5C4225714 7 -68 
1722323833514 1722323833532 18 329376.860000 3463468.090000 3.028364 22.000000 5C4225714 7 -68 
1722323833569 1722323833587 18 329375.760000 3463468.230000 3.028364 21.980000 5C4225714 7 -68 
1722323833624 1722323833646 22 329374.670000 3463468.370000 3.028364 22.000000 5C4225714 7 -68 
1722323833679 1722323833702 23 329374.010000 3463468.460000 3.028364 22.000000 5C4225714 7 -68 
1722323833734 1722323833758 24 329373.360000 3463468.540000 3.032946 22.060000 5C4225714 7 -68 
1722323833788 1722323833804 16 329371.820000 3463468.730000 3.032946 22.060000 5C4225714 7 -68 
1722323833843 1722323833862 19 329370.950000 3463468.840000 3.032946 22.100000 5C4225714 7 -68 
1722323833912 1722323833931 19 329369.620000 3463469.000000 3.032946 22.120000 5C4225714 7 -58 
1722323833967 1722323833987 20 329366.980000 3463469.320000 3.037527 22.080000 5C4225714 8 -58 
1722323834023 1722323834038 15 329365.890000 3463469.440000 3.037527 22.120000 5C4225714 8 -58 
1722323834078 1722323834102 24 329365.010000 3463469.550000 3.042109 22.140000 5C4225714 8 -58 
1722323834133 1722323834150 17 329363.900000 3463469.680000 3.042109 22.140000 5C4225714 8 -58 
1722323834188 1722323834208 20 329362.580000 3463469.830000 3.042109 22.180000 5C4225714 8 -58 
1722323834243 1722323834259 16 329361.250000 3463469.970000 3.042109 22.160000 5C4225714 8 -58 
1722323834297 1722323834315 18 329360.150000 3463470.100000 3.048436 22.200000 5C4225714 8 -58 
1722323834353 1722323834369 16 329359.270000 3463470.200000 3.048436 22.200000 5C4225714 8 -58 
1722323834408 1722323834424 16 329358.600000 3463470.270000 3.048436 22.220000 5C4225714 8 -58 
1722323834463 1722323834480 17 329357.280000 3463470.400000 3.048436 22.200000 5C4225714 8 -58 
1722323834518 1722323834534 16 329356.170000 3463470.520000 3.053454 22.240000 5C4225714 8 -58 
1722323834573 1722323834593 20 329353.950000 3463470.750000 3.053454 22.220000 5C4225714 8 -58 
1722323834628 1722323834646 18 329352.630000 3463470.880000 3.053454 22.160000 5C4225714 8 -58 
1722323834683 1722323834707 24 329351.740000 3463470.970000 3.060435 22.200000 5C4225714 8 -58 
1722323834738 1722323834756 18 329350.410000 3463471.090000 3.060435 22.240000 5C4225714 8 -58 
1722323834793 1722323834818 25 329349.070000 3463471.210000 3.060435 22.260000 5C4225714 8 -58 
1722323834847 1722323834865 18 329348.190000 3463471.300000 3.060435 22.280000 5C4225714 8 -58 
1722323834902 1722323834927 25 329346.860000 3463471.420000 3.069816 22.260000 5C4225714 8 -58 
1722323834956 1722323834972 16 329345.520000 3463471.530000 3.069816 22.260000 5C4225714 8 -58 
1722323835016 1722323835035 19 329344.850000 3463471.580000 3.069816 22.260000 5C4225714 8 -58 
1722323835070 1722323835089 19 329343.290000 3463471.710000 3.069816 22.300000 5C4225714 8 -58 
1722323835125 1722323835143 18 329342.180000 3463471.790000 3.080724 22.300000 5C4225714 8 -58 
1722323835180 1722323835197 17 329340.400000 3463471.920000 3.080724 22.300000 5C4225714 8 -58 
1722323835235 1722323835252 17 329339.730000 3463471.970000 3.080724 22.300000 5C4225714 8 -58 
1722323835290 1722323835314 24 329337.950000 3463472.090000 3.089887 22.300000 5C4225714 8 -58 
1722323835346 1722323835363 17 329336.830000 3463472.170000 3.089887 22.260000 5C4225714 8 -58 
1722323835401 1722323835418 17 329335.720000 3463472.230000 3.089887 22.260000 5C4225714 8 -58 
1722323835456 1722323835471 15 329334.610000 3463472.290000 3.089887 22.240000 5C4225714 8 -58 
1722323835510 1722323835527 17 329333.930000 3463472.330000 3.099923 22.260000 5C4225714 8 -58 
1722323835566 1722323835586 20 329332.370000 3463472.410000 3.099923 22.220000 5C4225714 8 -58 
1722323835621 1722323835640 19 329331.030000 3463472.470000 3.099923 22.340000 5C4225714 8 -58 
1722323835676 1722323835694 18 329329.930000 3463472.510000 3.099923 22.240000 5C4225714 8 -58 
1722323835731 1722323835748 17 329329.930000 3463472.510000 3.099923 22.240000 5C4225714 8 -58 
1722323835786 1722323835804 18 329326.580000 3463472.620000 3.116504 22.180000 5C4225714 8 -58 
1722323835840 1722323835859 19 329325.250000 3463472.660000 3.116504 22.200000 5C4225714 8 -58 
1722323835895 1722323835913 18 329324.130000 3463472.670000 3.134830 22.160000 5C4225714 8 -58 
1722323835950 1722323835969 19 329323.680000 3463472.680000 3.134830 22.220000 5C4225714 8 -58 
1722323836005 1722323836024 19 329322.350000 3463472.690000 3.134830 22.180000 5C4225714 8 -58 
1722323836064 1722323836080 16 329321.240000 3463472.700000 3.134830 22.180000 5C4225714 8 -58 
1722323836124 1722323836150 26 329320.350000 3463472.700000 -3.132866 22.160000 5C4225714 8 -58 
1722323836179 1722323836206 27 329319.020000 3463472.700000 -3.132866 22.180000 5C4225714 8 -58 
1722323836234 1722323836252 18 329317.690000 3463472.690000 -3.132866 22.100000 5C4225714 8 -58 
1722323836289 1722323836306 17 329316.580000 3463472.690000 -3.132866 22.160000 5C4225714 8 -58 
1722323836344 1722323836360 16 329314.370000 3463472.640000 -3.115413 22.140000 5C4225714 8 -58 
1722323836399 1722323836419 20 329313.040000 3463472.620000 -3.115413 22.140000 5C4225714 8 -58 
1722323836454 1722323836478 24 329312.150000 3463472.590000 -3.115413 22.120000 5C4225714 8 -58 
1722323836509 1722323836527 18 329310.820000 3463472.560000 -3.100359 22.160000 5C4225714 8 -58 
1722323836564 1722323836590 26 329309.710000 3463472.520000 -3.100359 22.120000 5C4225714 8 -58 
1722323836619 1722323836639 20 329308.610000 3463472.470000 -3.100359 22.120000 5C4225714 8 -58 
1722323836673 1722323836694 21 329307.280000 3463472.420000 -3.084215 22.060000 5C4225714 8 -58 
1722323836728 1722323836745 17 329306.180000 3463472.370000 -3.084215 22.180000 5C4225714 8 -58 
1722323836784 1722323836801 17 329305.290000 3463472.330000 -3.084215 22.060000 5C4225714 8 -58 
1722323836839 1722323836860 21 329303.970000 3463472.250000 -3.084215 22.060000 5C4225714 8 -58 
1722323836894 1722323836914 20 329302.870000 3463472.190000 -3.069598 22.020000 5C4225714 8 -58 
1722323836949 1722323836974 25 329301.320000 3463472.080000 -3.069598 21.980000 5C4225714 8 -58 
1722323837004 1722323837024 20 329300.440000 3463472.020000 -3.069598 21.980000 5C4225714 8 -58 
1722323837059 1722323837076 17 329299.120000 3463471.920000 -3.069598 21.980000 5C4225714 8 -58 
1722323837114 1722323837129 15 329297.590000 3463471.790000 -3.047999 21.960000 5C4225714 8 -58 
1722323837168 1722323837188 20 329296.710000 3463471.700000 -3.047999 21.940000 5C4225714 8 -58 
1722323837227 1722323837247 20 329295.620000 3463471.600000 -3.047999 21.900000 5C4225714 8 -58 
1722323837282 1722323837301 19 329294.540000 3463471.480000 -3.047999 21.880000 5C4225714 8 -58 
1722323837337 1722323837356 19 329293.220000 3463471.340000 -3.022038 21.800000 5C4225714 8 -58 
1722323837392 1722323837412 20 329291.920000 3463471.180000 -3.022038 21.740000 5C4225714 8 -58 
1722323837447 1722323837463 16 329291.050000 3463471.080000 -3.022038 21.700000 5C4225714 8 -58 
1722323837502 1722323837524 22 329289.990000 3463470.930000 -3.022038 21.620000 5C4225714 8 -58 
1722323837557 1722323837573 16 329287.620000 3463470.610000 -3.000657 21.540000 5C4225714 8 -58 
1722323837612 1722323837629 17 329286.340000 3463470.420000 -3.000657 21.420000 5C4225714 8 -58 
1722323837667 1722323837683 16 329285.280000 3463470.260000 -2.974696 21.340000 5C4225714 8 -58 
1722323837722 1722323837737 15 329284.220000 3463470.090000 -2.974696 21.240000 5C4225714 8 -58 
1722323837777 1722323837797 20 329283.380000 3463469.940000 -2.974696 21.160000 5C4225714 8 -58 
1722323837831 1722323837848 17 329282.120000 3463469.730000 -2.974696 21.040000 5C4225714 8 -58 
1722323837887 1722323837907 20 329281.090000 3463469.550000 -2.955279 20.920000 5C4225714 8 -58 
1722323837942 1722323837961 19 329280.050000 3463469.370000 -2.955279 20.800000 5C4225714 8 -58 
1722323837997 1722323838015 18 329279.430000 3463469.240000 -2.955279 20.720000 5C4225714 8 -58 
1722323838052 1722323838069 17 329278.410000 3463469.050000 -2.955279 20.620000 5C4225714 8 -58 
1722323838107 1722323838126 19 329277.600000 3463468.900000 -2.955279 20.540000 5C4225714 8 -58 
1722323838162 1722323838182 20 329275.380000 3463468.440000 -2.937171 20.300000 5C4225714 8 -58 
1722323838217 1722323838238 21 329274.190000 3463468.190000 -2.937171 20.180000 5C4225714 8 -58 
1722323838276 1722323838292 16 329273.210000 3463467.980000 -2.918191 20.040000 5C4225714 8 -58 
1722323838331 1722323838349 18 329272.210000 3463467.750000 -2.918191 19.920000 5C4225714 8 -58 
1722323838386 1722323838403 17 329271.240000 3463467.540000 -2.918191 19.800000 5C4225714 8 -58 
1722323838441 1722323838458 17 329270.860000 3463467.440000 -2.918191 19.660000 5C4225714 8 -58 
1722323838496 1722323838513 17 329269.330000 3463467.080000 -2.897901 19.520000 5C4225714 8 -58 
1722323838551 1722323838568 17 329268.750000 3463466.940000 -2.897901 19.320000 5C4225714 8 -58 
1722323838606 1722323838628 22 329267.620000 3463466.660000 -2.897901 19.200000 5C4225714 8 -58 
1722323838661 1722323838677 16 329266.310000 3463466.330000 -2.897901 18.980000 5C4225714 8 -58 
1722323838716 1722323838733 17 329265.400000 3463466.090000 -2.878266 18.740000 5C4225714 8 -58 
1722323838771 1722323838787 16 329263.570000 3463465.600000 -2.878266 18.420000 5C4225714 8 -58 
1722323838825 1722323838850 25 329262.690000 3463465.360000 -2.878266 18.280000 5C4225714 8 -58 
1722323838880 1722323838897 17 329261.810000 3463465.100000 -2.861249 18.100000 5C4225714 8 -58 
1722323838935 1722323838951 16 329260.760000 3463464.800000 -2.861249 17.880000 5C4225714 8 -58 
1722323838990 1722323839007 17 329260.070000 3463464.600000 -2.861249 17.700000 5C4225714 8 -58 
1722323839045 1722323839066 21 329259.390000 3463464.390000 -2.861249 17.520000 5C4225714 8 -58 
1722323839100 1722323839120 20 329258.210000 3463464.030000 -2.842705 17.260000 5C4225714 8 -58 
1722323839155 1722323839180 25 329257.540000 3463463.820000 -2.842705 17.080000 5C4225714 8 -58 
1722323839210 1722323839230 20 329256.570000 3463463.520000 -2.842705 16.840000 5C4225714 8 -58 
1722323839265 1722323839286 21 329255.930000 3463463.320000 -2.842705 16.700000 5C4225714 8 -58 
1722323839326 1722323839345 19 329254.190000 3463462.740000 -2.823070 16.220000 5C4225714 8 -58 
1722323839380 1722323839399 19 329253.580000 3463462.530000 -2.823070 15.940000 5C4225714 8 -58 
1722323839435 1722323839454 19 329252.680000 3463462.230000 -2.823070 15.700000 5C4225714 8 -58 
1722323839490 1722323839514 24 329251.940000 3463461.960000 -2.806708 15.460000 5C4225714 8 -58 
1722323839546 1722323839565 19 329251.200000 3463461.700000 -2.806708 15.220000 5C4225714 8 -58 
1722323839601 1722323839619 18 329250.630000 3463461.490000 -2.806708 14.980000 5C4225714 8 -58 
1722323839656 1722323839674 18 329249.930000 3463461.240000 -2.806708 14.820000 5C4225714 8 -58 
1722323839711 1722323839729 18 329249.380000 3463461.040000 -2.788818 14.500000 5C4225714 8 -58 
1722323839766 1722323839783 17 329248.540000 3463460.720000 -2.788818 14.320000 5C4225714 8 -58 
1722323839821 1722323839837 16 329247.870000 3463460.460000 -2.788818 14.080000 5C4225714 8 -58 
1722323839876 1722323839896 20 329247.220000 3463460.220000 -2.788818 13.780000 5C4225714 8 -58 
1722323839931 1722323839950 19 329245.810000 3463459.650000 -2.771147 13.280000 5C4225714 8 -58 
1722323839986 1722323840005 19 329245.190000 3463459.410000 -2.771147 13.040000 5C4225714 8 -58 
1722323840041 1722323840056 15 329244.580000 3463459.160000 -2.771147 12.780000 5C4225714 8 -58 
1722323840096 1722323840113 17 329244.000000 3463458.920000 -2.755002 12.620000 5C4225714 8 -58 
1722323840152 1722323840168 16 329243.400000 3463458.660000 -2.755002 12.260000 5C4225714 8 -58 
1722323840207 1722323840228 21 329242.850000 3463458.430000 -2.755002 12.100000 5C4225714 8 -58 
1722323840262 1722323840283 21 329242.400000 3463458.250000 -2.755002 11.760000 5C4225714 8 -58 
1722323840317 1722323840336 19 329241.650000 3463457.910000 -2.738422 11.540000 5C4225714 8 -58 
1722323840372 1722323840398 26 329241.110000 3463457.670000 -2.738422 11.200000 5C4225714 8 -58 
1722323840438 1722323840459 21 329240.120000 3463457.230000 -2.738422 10.760000 5C4225714 8 -58 
1722323840492 1722323840513 21 329239.630000 3463457.010000 -2.721841 10.540000 5C4225714 8 -58 
1722323840548 1722323840574 26 329239.060000 3463456.740000 -2.721841 10.200000 5C4225714 8 -58 
1722323840603 1722323840619 16 329238.700000 3463456.570000 -2.721841 9.900000 5C4225714 8 -58 
1722323840658 1722323840674 16 329238.170000 3463456.320000 -2.721841 9.700000 5C4225714 8 -58 
1722323840713 1722323840733 20 329237.730000 3463456.100000 -2.705697 9.280000 5C4225714 8 -58 
1722323840768 1722323840784 16 329237.480000 3463455.990000 -2.705697 9.100000 5C4225714 8 -58 
1722323840823 1722323840846 23 329237.070000 3463455.790000 -2.705697 8.840000 5C4225714 8 -58 
1722323840878 1722323840896 18 329236.680000 3463455.600000 -2.705697 8.620000 5C4225714 8 -58 
1722323840933 1722323840951 18 329236.300000 3463455.420000 -2.694570 8.300000 5C4225714 8 -58 
1722323840987 1722323841003 16 329235.840000 3463455.180000 -2.694570 8.120000 5C4225714 8 -58 
1722323841042 1722323841059 17 329235.210000 3463454.870000 -2.694570 7.640000 5C4225714 8 -58 
1722323841097 1722323841113 16 329234.810000 3463454.670000 -2.679953 7.360000 5C4225714 8 -58 
1722323841152 1722323841167 15 329234.670000 3463454.580000 -2.679953 7.180000 5C4225714 8 -58 
1722323841222 1722323841240 18 329234.160000 3463454.320000 -2.679953 6.860000 5C4225714 8 -58 
1722323841277 1722323841298 21 329233.870000 3463454.170000 -2.679953 6.660000 5C4225714 8 -58 
1722323841332 1722323841348 16 329233.580000 3463454.020000 -2.669263 6.360000 5C4225714 8 -58 
1722323841387 1722323841407 20 329233.350000 3463453.890000 -2.669263 6.200000 5C4225714 8 -58 
1722323841442 1722323841463 21 329232.970000 3463453.700000 -2.669263 5.920000 5C4225714 8 -58 
1722323841497 1722323841517 20 329232.770000 3463453.590000 -2.669263 5.660000 5C4225714 8 -58 
1722323841556 1722323841576 20 329232.240000 3463453.300000 -2.660100 5.220000 5C4225714 8 -58 
1722323841611 1722323841630 19 329232.060000 3463453.200000 -2.660100 5.040000 5C4225714 8 -58 
1722323841666 1722323841684 18 329231.800000 3463453.060000 -2.660100 4.760000 5C4225714 8 -58 
1722323841722 1722323841738 16 329231.560000 3463452.910000 -2.649846 4.620000 5C4225714 8 -58 
1722323841777 1722323841798 21 329231.400000 3463452.840000 -2.649846 4.360000 5C4225714 8 -58 
1722323841832 1722323841853 21 329231.370000 3463452.820000 -2.649846 4.200000 5C4225714 8 -58 
1722323841886 1722323841902 16 329231.070000 3463452.650000 -2.649846 3.940000 5C4225714 8 -58 
1722323841941 1722323841960 19 329230.940000 3463452.590000 -2.643083 3.780000 5C4225714 8 -58 
1722323841996 1722323842014 18 329230.720000 3463452.450000 -2.643083 3.500000 5C4225714 8 -58 
1722323842051 1722323842068 17 329230.570000 3463452.360000 -2.643083 3.360000 5C4225714 8 -58 
1722323842106 1722323842132 26 329230.270000 3463452.190000 -2.634793 2.960000 5C4225714 8 -58 
1722323842161 1722323842181 20 329230.180000 3463452.140000 -2.634793 2.720000 5C4225714 8 -58 
1722323842217 1722323842234 17 329230.040000 3463452.070000 -2.634793 2.560000 5C4225714 8 -58 
1722323842272 1722323842288 16 329229.950000 3463452.020000 -2.631738 2.360000 5C4225714 8 -58 
1722323842327 1722323842341 14 329229.850000 3463451.940000 -2.631738 2.200000 5C4225714 8 -58 
1722323842382 1722323842397 15 329229.740000 3463451.890000 -2.631738 2.000000 5C4225714 8 -58 
1722323842437 1722323842454 17 329229.700000 3463451.870000 -2.631738 1.860000 5C4225714 8 -58 
1722323842491 1722323842511 20 329229.600000 3463451.810000 -2.632611 1.680000 5C4225714 8 -58 
1722323842546 1722323842564 18 329229.530000 3463451.770000 -2.632611 1.480000 5C4225714 8 -58 
1722323842601 1722323842621 20 329229.480000 3463451.740000 -2.632611 1.340000 5C4225714 8 -58 
1722323842656 1722323842677 21 329229.480000 3463451.740000 -2.632611 1.160000 5C4225714 8 -58 
1722323842712 1722323842732 20 329229.370000 3463451.660000 -2.627157 0.840000 5C4225714 8 -58 
