pub_time(ms) sub_time(ms) delay(ms) utmX(m) utmY(m) heading(rad) velocity(m/s) cellid(db) sinr(db) rsrp(db)
1722324086721 1722324086752 31 329251.850000 3463456.240000 0.339030 1.500000 5C4225714 9 -66 
1722324086776 1722324086799 23 329251.940000 3463456.270000 0.339030 1.620000 5C4225714 9 -66 
1722324086831 1722324086847 16 329252.020000 3463456.300000 0.339030 1.820000 5C4225714 9 -66 
1722324086888 1722324086907 19 329252.090000 3463456.330000 0.339030 1.960000 5C4225714 9 -66 
1722324086947 1722324086964 17 329252.240000 3463456.390000 0.340557 2.160000 5C4225714 9 -66 
1722324087001 1722324087019 18 329252.380000 3463456.430000 0.340557 2.320000 5C4225714 9 -66 
1722324087056 1722324087077 21 329252.500000 3463456.470000 0.340557 2.520000 5C4225714 9 -66 
1722324087111 1722324087131 20 329252.630000 3463456.530000 0.344484 2.640000 5C4225714 9 -66 
1722324087166 1722324087183 17 329252.800000 3463456.580000 0.344484 2.980000 5C4225714 9 -66 
1722324087221 1722324087237 16 329253.030000 3463456.670000 0.344484 3.160000 5C4225714 9 -66 
1722324087276 1722324087296 20 329253.120000 3463456.710000 0.344484 3.340000 5C4225714 9 -66 
1722324087331 1722324087351 20 329253.350000 3463456.790000 0.345139 3.500000 5C4225714 9 -66 
1722324087386 1722324087407 21 329253.560000 3463456.870000 0.345139 3.740000 5C4225714 9 -66 
1722324087440 1722324087458 18 329253.750000 3463456.930000 0.345139 3.860000 5C4225714 9 -66 
1722324087495 1722324087512 17 329253.930000 3463457.010000 0.349502 4.080000 5C4225714 9 -66 
1722324087550 1722324087567 17 329254.140000 3463457.080000 0.349502 4.220000 5C4225714 9 -66 
1722324087605 1722324087623 18 329254.300000 3463457.130000 0.349502 4.420000 5C4225714 9 -66 
1722324087660 1722324087677 17 329254.390000 3463457.160000 0.349502 4.640000 5C4225714 9 -66 
1722324087715 1722324087732 17 329254.730000 3463457.290000 0.349502 4.800000 5C4225714 9 -66 
1722324087770 1722324087786 16 329254.910000 3463457.370000 0.351902 5.000000 5C4225714 9 -66 
1722324087825 1722324087841 16 329255.490000 3463457.580000 0.351902 5.360000 5C4225714 9 -66 
1722324087880 1722324087896 16 329255.700000 3463457.650000 0.351902 5.500000 5C4225714 9 -66 
1722324087935 1722324087959 24 329255.970000 3463457.760000 0.355611 5.740000 5C4225714 9 -66 
1722324087990 1722324088010 20 329256.180000 3463457.840000 0.355611 5.900000 5C4225714 9 -66 
1722324088045 1722324088062 17 329256.510000 3463457.970000 0.355611 6.080000 5C4225714 9 -66 
1722324088100 1722324088125 25 329256.850000 3463458.100000 0.361065 6.260000 5C4225714 9 -66 
1722324088154 1722324088174 20 329257.160000 3463458.220000 0.361065 6.440000 5C4225714 9 -66 
1722324088209 1722324088228 19 329257.460000 3463458.330000 0.361065 6.600000 5C4225714 9 -66 
1722324088264 1722324088282 18 329257.840000 3463458.470000 0.361065 6.820000 5C4225714 9 -66 
1722324088319 1722324088342 23 329258.430000 3463458.710000 0.366737 7.180000 5C4225714 9 -66 
1722324088373 1722324088392 19 329258.900000 3463458.890000 0.366737 7.340000 5C4225714 9 -66 
1722324088429 1722324088453 24 329258.900000 3463458.890000 0.366737 7.340000 5C4225714 9 -66 
1722324088484 1722324088502 18 329259.460000 3463459.100000 0.370010 7.620000 5C4225714 9 -66 
1722324088539 1722324088556 17 329259.830000 3463459.250000 0.370010 7.800000 5C4225714 9 -66 
1722324088594 1722324088610 16 329260.190000 3463459.390000 0.370010 7.960000 5C4225714 9 -66 
1722324088649 1722324088670 21 329260.640000 3463459.570000 0.370010 8.120000 5C4225714 9 -66 
1722324088704 1722324088724 20 329261.030000 3463459.710000 0.375464 8.240000 5C4225714 9 -66 
1722324088762 1722324088778 16 329261.500000 3463459.900000 0.375464 8.420000 5C4225714 9 -66 
1722324088816 1722324088839 23 329261.900000 3463460.050000 0.375464 8.560000 5C4225714 9 -66 
1722324088871 1722324088896 25 329262.300000 3463460.200000 0.375464 8.760000 5C4225714 9 -66 
1722324088926 1722324088947 21 329262.390000 3463460.230000 0.375464 8.880000 5C4225714 9 -66 
1722324088981 1722324089009 28 329262.980000 3463460.450000 0.369792 9.060000 5C4225714 9 -66 
1722324089036 1722324089053 17 329263.320000 3463460.580000 0.369792 9.180000 5C4225714 9 -66 
1722324089096 1722324089112 16 329264.360000 3463460.960000 0.366955 9.480000 5C4225714 9 -66 
1722324089151 1722324089169 18 329264.910000 3463461.160000 0.366955 9.680000 5C4225714 9 -66 
1722324089206 1722324089226 20 329265.090000 3463461.230000 0.366955 9.780000 5C4225714 9 -66 
1722324089261 1722324089277 16 329265.830000 3463461.500000 0.366955 9.960000 5C4225714 9 -66 
1722324089316 1722324089335 19 329266.390000 3463461.700000 0.364556 10.140000 5C4225714 9 -66 
1722324089370 1722324089394 24 329266.590000 3463461.780000 0.364556 10.260000 5C4225714 9 -66 
1722324089425 1722324089446 21 329267.370000 3463462.050000 0.364556 10.420000 5C4225714 9 -66 
1722324089479 1722324089500 21 329267.560000 3463462.130000 0.364556 10.560000 5C4225714 9 -66 
1722324089535 1722324089559 24 329268.150000 3463462.340000 0.357138 10.720000 5C4225714 9 -66 
1722324089590 1722324089609 19 329269.290000 3463462.740000 0.357138 11.000000 5C4225714 9 -66 
1722324089645 1722324089663 18 329269.800000 3463462.920000 0.357138 11.120000 5C4225714 9 -66 
1722324089700 1722324089717 17 329270.220000 3463463.070000 0.352120 11.240000 5C4225714 9 -66 
1722324089755 1722324089780 25 329270.550000 3463463.190000 0.352120 11.380000 5C4225714 9 -66 
1722324089810 1722324089829 19 329271.400000 3463463.470000 0.352120 11.460000 5C4225714 9 -66 
1722324089865 1722324089884 19 329271.950000 3463463.660000 0.352120 11.640000 5C4225714 9 -66 
1722324089919 1722324089939 20 329272.400000 3463463.800000 0.343830 11.760000 5C4225714 9 -66 
1722324089974 1722324089993 19 329272.960000 3463463.990000 0.343830 11.860000 5C4225714 9 -66 
1722324090030 1722324090047 17 329273.630000 3463464.200000 0.343830 12.020000 5C4225714 9 -66 
1722324090084 1722324090101 17 329274.210000 3463464.380000 0.343830 12.160000 5C4225714 9 -66 
1722324090139 1722324090155 16 329274.790000 3463464.560000 0.327686 12.260000 5C4225714 9 -66 
1722324090197 1722324090213 16 329276.090000 3463464.950000 0.327686 12.460000 5C4225714 9 -66 
1722324090252 1722324090272 20 329276.090000 3463464.950000 0.327686 12.460000 5C4225714 9 -66 
1722324090307 1722324090326 19 329277.300000 3463465.290000 0.303251 12.700000 5C4225714 9 -66 
1722324090362 1722324090380 18 329278.040000 3463465.500000 0.303251 12.820000 5C4225714 9 -66 
1722324090417 1722324090434 17 329278.660000 3463465.660000 0.303251 12.980000 5C4225714 9 -66 
1722324090472 1722324090488 16 329279.290000 3463465.830000 0.303251 13.040000 5C4225714 9 -66 
1722324090527 1722324090548 21 329279.670000 3463465.930000 0.287979 13.200000 5C4225714 9 -66 
1722324090582 1722324090603 21 329280.310000 3463466.110000 0.287979 13.280000 5C4225714 9 -66 
1722324090637 1722324090656 19 329281.070000 3463466.310000 0.287979 13.380000 5C4225714 9 -66 
1722324090692 1722324090710 18 329281.720000 3463466.480000 0.287979 13.480000 5C4225714 9 -66 
1722324090747 1722324090764 17 329282.370000 3463466.640000 0.276635 13.560000 5C4225714 9 -66 
1722324090802 1722324090817 15 329283.040000 3463466.810000 0.276635 13.640000 5C4225714 9 -66 
1722324090857 1722324090875 18 329283.570000 3463466.950000 0.276635 13.740000 5C4225714 9 -66 
1722324090912 1722324090929 17 329285.190000 3463467.340000 0.261145 13.960000 5C4225714 9 -66 
1722324090967 1722324090983 16 329286.000000 3463467.540000 0.261145 13.980000 5C4225714 9 -66 
1722324091022 1722324091041 19 329286.540000 3463467.660000 0.261145 14.100000 5C4225714 9 -66 
1722324091077 1722324091095 18 329287.230000 3463467.820000 0.261145 14.160000 5C4225714 9 -66 
1722324091132 1722324091149 17 329287.790000 3463467.940000 0.247400 14.260000 5C4225714 9 -66 
1722324091187 1722324091204 17 329288.480000 3463468.100000 0.247400 14.360000 5C4225714 9 -66 
1722324091247 1722324091263 16 329289.050000 3463468.210000 0.247400 14.420000 5C4225714 9 -66 
1722324091301 1722324091316 15 329289.900000 3463468.400000 0.247400 14.520000 5C4225714 9 -66 
1722324091356 1722324091375 19 329290.460000 3463468.510000 0.229293 14.620000 5C4225714 9 -66 
1722324091411 1722324091432 21 329291.180000 3463468.650000 0.229293 14.720000 5C4225714 9 -66 
1722324091467 1722324091487 20 329293.060000 3463469.010000 0.208349 14.860000 5C4225714 9 -66 
1722324091526 1722324091543 17 329293.650000 3463469.120000 0.208349 14.940000 5C4225714 9 -66 
1722324091581 1722324091597 16 329294.530000 3463469.270000 0.208349 15.040000 5C4225714 9 -66 
1722324091636 1722324091652 16 329295.430000 3463469.430000 0.208349 15.100000 5C4225714 9 -66 
1722324091690 1722324091707 17 329296.020000 3463469.530000 0.191550 15.200000 5C4225714 9 -66 
1722324091745 1722324091768 23 329296.470000 3463469.600000 0.191550 15.240000 5C4225714 9 -66 
1722324091800 1722324091819 19 329297.370000 3463469.740000 0.191550 15.340000 5C4225714 9 -66 
1722324091855 1722324091871 16 329298.140000 3463469.860000 0.191550 15.460000 5C4225714 9 -66 
1722324091910 1722324091932 22 329299.670000 3463470.080000 0.166243 15.580000 5C4225714 9 -66 
1722324091964 1722324091982 18 329300.290000 3463470.160000 0.166243 15.700000 5C4225714 9 -66 
1722324092019 1722324092036 17 329301.370000 3463470.290000 0.166243 15.720000 5C4225714 9 -66 
1722324092074 1722324092093 19 329302.320000 3463470.400000 0.141372 15.840000 5C4225714 9 -66 
1722324092129 1722324092147 18 329303.110000 3463470.490000 0.141372 15.900000 5C4225714 9 -66 
1722324092184 1722324092202 18 329303.110000 3463470.490000 0.141372 15.980000 5C4225714 9 -66 
1722324092239 1722324092255 16 329304.380000 3463470.620000 0.141372 16.060000 5C4225714 9 -66 
1722324092299 1722324092321 22 329305.170000 3463470.700000 0.141372 16.120000 5C4225714 9 -66 
1722324092356 1722324092377 21 329305.170000 3463470.700000 0.141372 16.220000 5C4225714 9 -66 
1722324092411 1722324092428 17 329306.630000 3463470.830000 0.120864 16.300000 5C4225714 9 -66 
1722324092466 1722324092482 16 329308.740000 3463470.980000 0.096211 16.400000 5C4225714 9 -66 
1722324092520 1722324092540 20 329309.560000 3463471.040000 0.096211 16.500000 5C4225714 9 -66 
1722324092576 1722324092595 19 329310.390000 3463471.080000 0.096211 16.520000 5C4225714 9 -66 
1722324092631 1722324092648 17 329311.210000 3463471.110000 0.096211 16.660000 5C4225714 9 -66 
1722324092686 1722324092703 17 329312.210000 3463471.150000 0.067413 16.740000 5C4225714 9 -66 
1722324092741 1722324092762 21 329312.730000 3463471.170000 0.067413 16.860000 5C4225714 9 -66 
1722324092796 1722324092821 25 329313.900000 3463471.210000 0.067413 16.900000 5C4225714 9 -66 
1722324092851 1722324092869 18 329314.400000 3463471.220000 0.067413 16.920000 5C4225714 9 -66 
1722324092906 1722324092924 18 329315.250000 3463471.230000 0.044506 17.000000 5C4225714 9 -66 
1722324092961 1722324092979 18 329315.940000 3463471.240000 0.044506 17.060000 5C4225714 9 -66 
1722324093017 1722324093037 20 329316.790000 3463471.250000 0.044506 17.120000 5C4225714 9 -66 
1722324093072 1722324093092 20 329318.840000 3463471.230000 0.017235 17.280000 5C4225714 9 -66 
1722324093127 1722324093143 16 329319.890000 3463471.210000 0.017235 17.380000 5C4225714 9 -66 
1722324093182 1722324093198 16 329320.760000 3463471.190000 0.017235 17.460000 5C4225714 9 -66 
1722324093237 1722324093254 17 329321.280000 3463471.180000 0.017235 17.520000 5C4225714 9 -66 
1722324093292 1722324093308 16 329322.330000 3463471.130000 -0.011126 17.560000 5C4225714 9 -66 
1722324093347 1722324093365 18 329322.860000 3463471.110000 -0.011126 17.660000 5C4225714 9 -66 
1722324093406 1722324093424 18 329323.910000 3463471.050000 -0.011126 17.720000 5C4225714 9 -66 
1722324093461 1722324093479 18 329324.970000 3463470.990000 -0.011126 17.760000 5C4225714 9 -66 
1722324093516 1722324093532 16 329325.680000 3463470.940000 -0.039270 17.860000 5C4225714 9 -66 
1722324093572 1722324093588 16 329326.760000 3463470.870000 -0.039270 17.920000 5C4225714 9 -66 
1722324093626 1722324093643 17 329328.720000 3463470.700000 -0.039270 18.040000 5C4225714 9 -66 
1722324093681 1722324093699 18 329329.080000 3463470.660000 -0.039270 18.120000 5C4225714 9 -66 
1722324093736 1722324093753 17 329329.800000 3463470.600000 -0.063486 18.180000 5C4225714 9 -66 
1722324093791 1722324093807 16 329331.610000 3463470.420000 -0.063486 18.280000 5C4225714 9 -66 
1722324093846 1722324093866 20 329331.980000 3463470.380000 -0.063486 18.340000 5C4225714 9 -66 
1722324093901 1722324093920 19 329333.250000 3463470.240000 -0.081376 18.420000 5C4225714 9 -66 
1722324093956 1722324093973 17 329333.800000 3463470.190000 -0.081376 18.500000 5C4225714 9 -66 
1722324094011 1722324094028 17 329334.910000 3463470.060000 -0.081376 18.580000 5C4225714 9 -66 
1722324094067 1722324094086 19 329336.010000 3463469.930000 -0.081376 18.620000 5C4225714 9 -66 
1722324094122 1722324094141 19 329336.940000 3463469.800000 -0.096211 18.720000 5C4225714 9 -66 
1722324094177 1722324094203 26 329337.880000 3463469.690000 -0.096211 18.800000 5C4225714 9 -66 
1722324094232 1722324094248 16 329338.620000 3463469.590000 -0.096211 18.860000 5C4225714 9 -66 
1722324094286 1722324094307 21 329340.490000 3463469.330000 -0.116283 18.960000 5C4225714 9 -66 
1722324094341 1722324094358 17 329341.620000 3463469.160000 -0.116283 19.060000 5C4225714 9 -66 
1722324094396 1722324094413 17 329342.570000 3463469.030000 -0.116283 19.100000 5C4225714 9 -66 
1722324094455 1722324094471 16 329343.700000 3463468.850000 -0.116283 19.240000 5C4225714 9 -66 
1722324094511 1722324094531 20 329344.850000 3463468.680000 -0.129591 19.280000 5C4225714 9 -66 
1722324094566 1722324094583 17 329345.810000 3463468.530000 -0.129591 19.420000 5C4225714 9 -66 
1722324094621 1722324094638 17 329346.190000 3463468.470000 -0.129591 19.440000 5C4225714 9 -66 
1722324094676 1722324094693 17 329347.340000 3463468.270000 -0.129591 19.480000 5C4225714 9 -66 
1722324094730 1722324094749 19 329348.490000 3463468.090000 -0.140935 19.560000 5C4225714 9 -66 
1722324094785 1722324094804 19 329349.280000 3463467.950000 -0.140935 19.620000 5C4225714 9 -66 
1722324094840 1722324094859 19 329350.440000 3463467.760000 -0.140935 19.680000 5C4225714 9 -66 
1722324094895 1722324094919 24 329351.980000 3463467.490000 -0.150753 19.800000 5C4225714 9 -66 
1722324094950 1722324094969 19 329353.360000 3463467.250000 -0.150753 19.840000 5C4225714 9 -66 
1722324095005 1722324095029 24 329354.340000 3463467.080000 -0.150753 19.980000 5C4225714 9 -66 
1722324095060 1722324095085 25 329355.130000 3463466.940000 -0.150753 20.000000 5C4225714 9 -66 
1722324095115 1722324095379 264 329355.920000 3463466.800000 -0.157298 20.100000 5C4225714 9 -66 
1722324095170 1722324095380 210 329357.300000 3463466.560000 -0.157298 20.120000 5C4225714 9 -66 
1722324095225 1722324095380 155 329358.300000 3463466.370000 -0.157298 20.180000 5C4225714 9 -66 
1722324095280 1722324095380 100 329359.290000 3463466.190000 -0.157298 20.180000 5C4225714 9 -66 
1722324095335 1722324095380 45 329360.280000 3463466.010000 -0.160570 20.280000 5C4225714 9 -66 
1722324095390 1722324095407 17 329361.490000 3463465.800000 -0.160570 20.280000 5C4225714 9 -66 
1722324095445 1722324095462 17 329362.490000 3463465.620000 -0.160570 20.340000 5C4225714 9 -66 
1722324095500 1722324095516 16 329364.700000 3463465.210000 -0.163625 20.440000 5C4225714 9 -66 
1722324095559 1722324095580 21 329365.700000 3463465.020000 -0.163625 20.440000 5C4225714 9 -66 
1722324095615 1722324095634 19 329366.510000 3463464.880000 -0.163625 20.520000 5C4225714 9 -66 
1722324095670 1722324095688 18 329367.730000 3463464.650000 -0.166024 20.520000 5C4225714 9 -66 
1722324095725 1722324095741 16 329368.330000 3463464.530000 -0.166024 20.600000 5C4225714 9 -66 
1722324095780 1722324095800 20 329368.540000 3463464.500000 -0.166024 20.520000 5C4225714 9 -66 
1722324095834 1722324095854 20 329370.360000 3463464.150000 -0.166024 20.620000 5C4225714 9 -66 
1722324095889 1722324095908 19 329371.580000 3463463.920000 -0.166024 20.620000 5C4225714 9 -66 
1722324095944 1722324095962 18 329372.390000 3463463.760000 -0.171260 20.680000 5C4225714 9 -66 
1722324095999 1722324096016 17 329373.610000 3463463.530000 -0.171260 20.660000 5C4225714 9 -66 
1722324096054 1722324096071 17 329375.850000 3463463.100000 -0.172133 20.700000 5C4225714 9 -66 
1722324096109 1722324096124 15 329376.880000 3463462.900000 -0.172133 20.780000 5C4225714 9 -66 
1722324096164 1722324096187 23 329377.690000 3463462.740000 -0.172133 20.800000 5C4225714 9 -66 
1722324096219 1722324096238 19 329378.100000 3463462.670000 -0.172133 20.900000 5C4225714 9 -66 
1722324096274 1722324096295 21 329378.920000 3463462.500000 -0.172133 20.900000 5C4225714 9 -66 
1722324096329 1722324096353 24 329380.560000 3463462.190000 -0.174315 21.040000 5C4225714 9 -66 
1722324096384 1722324096401 17 329381.790000 3463461.950000 -0.174315 21.040000 5C4225714 9 -66 
1722324096439 1722324096456 17 329382.630000 3463461.780000 -0.174315 21.200000 5C4225714 9 -66 
1722324096495 1722324096512 17 329383.660000 3463461.570000 -0.174315 21.220000 5C4225714 9 -66 
1722324096550 1722324096568 18 329385.120000 3463461.280000 -0.177587 21.360000 5C4225714 9 -66 
1722324096604 1722324096625 21 329385.960000 3463461.110000 -0.177587 21.400000 5C4225714 9 -66 
1722324096671 1722324096686 15 329388.270000 3463460.640000 -0.182823 21.500000 5C4225714 9 -66 
1722324096730 1722324096746 16 329389.330000 3463460.430000 -0.182823 21.540000 5C4225714 9 -66 
1722324096787 1722324096802 15 329390.170000 3463460.250000 -0.182823 21.620000 5C4225714 11 -59 
1722324096842 1722324096858 16 329391.650000 3463459.940000 -0.182823 21.640000 5C4225714 11 -59 
1722324096897 1722324096914 17 329392.720000 3463459.720000 -0.186750 21.700000 5C4225714 11 -59 
1722324096952 1722324096974 22 329394.000000 3463459.450000 -0.186750 21.720000 5C4225714 11 -59 
1722324097006 1722324097024 18 329394.430000 3463459.370000 -0.186750 21.840000 5C4225714 11 -59 
1722324097061 1722324097085 24 329395.500000 3463459.140000 -0.186750 21.860000 5C4225714 11 -59 
1722324097116 1722324097134 18 329397.640000 3463458.690000 -0.188496 22.000000 5C4225714 11 -59 
1722324097171 1722324097196 25 329398.290000 3463458.560000 -0.188496 22.060000 5C4225714 11 -59 
1722324097225 1722324097245 20 329400.010000 3463458.190000 -0.188496 22.080000 5C4225714 11 -59 
1722324097280 1722324097299 19 329401.310000 3463457.920000 -0.191986 22.160000 5C4225714 11 -59 
1722324097335 1722324097354 19 329402.410000 3463457.700000 -0.191986 22.200000 5C4225714 11 -59 
1722324097390 1722324097410 20 329403.280000 3463457.520000 -0.191986 22.240000 5C4225714 11 -59 
1722324097445 1722324097464 19 329404.360000 3463457.290000 -0.191986 22.340000 5C4225714 11 -59 
1722324097500 1722324097517 17 329405.680000 3463457.010000 -0.188932 22.360000 5C4225714 11 -59 
1722324097555 1722324097577 22 329406.560000 3463456.830000 -0.188932 22.440000 5C4225714 11 -59 
1722324097610 1722324097629 19 329407.880000 3463456.550000 -0.188932 22.460000 5C4225714 11 -59 
1722324097665 1722324097682 17 329408.750000 3463456.370000 -0.188932 22.560000 5C4225714 11 -59 
1722324097720 1722324097741 21 329410.980000 3463455.920000 -0.186750 22.580000 5C4225714 11 -59 
1722324097775 1722324097794 19 329412.090000 3463455.690000 -0.186750 22.580000 5C4225714 11 -59 
1722324097845 1722324097861 16 329413.410000 3463455.410000 -0.186750 22.620000 5C4225714 11 -59 
1722324097900 1722324097923 23 329414.080000 3463455.280000 -0.186750 22.580000 5C4225714 11 -59 
1722324097955 1722324097973 18 329415.640000 3463454.960000 -0.187187 22.600000 5C4225714 11 -59 
1722324098010 1722324098025 15 329416.080000 3463454.870000 -0.187187 22.600000 5C4225714 11 -59 
1722324098065 1722324098088 23 329418.080000 3463454.460000 -0.187187 22.580000 5C4225714 11 -59 
1722324098120 1722324098138 18 329419.180000 3463454.230000 -0.183696 22.580000 5C4225714 11 -59 
1722324098175 1722324098191 16 329421.410000 3463453.780000 -0.183696 22.580000 5C4225714 11 -59 
1722324098230 1722324098248 18 329421.850000 3463453.700000 -0.183696 22.520000 5C4225714 11 -59 
1722324098286 1722324098309 23 329423.630000 3463453.340000 -0.181514 22.560000 5C4225714 11 -59 
1722324098340 1722324098358 18 329424.300000 3463453.220000 -0.181514 22.500000 5C4225714 11 -59 
1722324098395 1722324098412 17 329425.850000 3463452.900000 -0.181514 22.520000 5C4225714 11 -59 
1722324098453 1722324098471 18 329426.730000 3463452.720000 -0.181514 22.500000 5C4225714 11 -59 
1722324098508 1722324098525 17 329427.840000 3463452.500000 -0.179987 22.500000 5C4225714 11 -59 
1722324098562 1722324098579 17 329428.060000 3463452.460000 -0.179987 22.460000 5C4225714 11 -59 
1722324098617 1722324098897 280 329430.270000 3463452.020000 -0.179987 22.440000 5C4225714 11 -59 
1722324098672 1722324098897 225 329431.370000 3463451.800000 -0.179987 22.440000 5C4225714 11 -59 
1722324098726 1722324098897 171 329432.040000 3463451.670000 -0.178678 22.420000 5C4225714 11 -59 
1722324098781 1722324098897 116 329434.910000 3463451.110000 -0.178678 22.380000 5C4225714 11 -59 
1722324098836 1722324098897 61 329436.010000 3463450.900000 -0.178678 22.420000 5C4225714 11 -59 
1722324098891 1722324098907 16 329437.110000 3463450.680000 -0.176496 22.420000 5C4225714 11 -59 
1722324098950 1722324098975 25 329438.220000 3463450.470000 -0.176496 22.420000 5C4225714 11 -59 
1722324099005 1722324099028 23 329439.100000 3463450.290000 -0.176496 22.360000 5C4225714 11 -59 
1722324099061 1722324099080 19 329439.980000 3463450.120000 -0.176496 22.340000 5C4225714 11 -59 
1722324099116 1722324099133 17 329440.200000 3463450.080000 -0.176496 22.340000 5C4225714 11 -59 
1722324099171 1722324099186 15 329442.400000 3463449.660000 -0.174969 22.320000 5C4225714 11 -59 
1722324099226 1722324099244 18 329443.280000 3463449.480000 -0.174969 22.320000 5C4225714 11 -59 
1722324099281 1722324099298 17 329444.590000 3463449.230000 -0.174969 22.300000 5C4225714 11 -59 
1722324099336 1722324099351 15 329447.010000 3463448.770000 -0.175187 22.260000 5C4225714 11 -59 
1722324099391 1722324099411 20 329448.110000 3463448.550000 -0.175187 22.280000 5C4225714 11 -59 
1722324099446 1722324099464 18 329449.200000 3463448.330000 -0.175187 22.240000 5C4225714 11 -59 
1722324099501 1722324099518 17 329449.850000 3463448.210000 -0.173878 22.240000 5C4225714 11 -59 
1722324099557 1722324099574 17 329451.390000 3463447.910000 -0.173878 22.200000 5C4225714 11 -59 
1722324099612 1722324099629 17 329452.480000 3463447.700000 -0.173878 22.220000 5C4225714 11 -59 
1722324099667 1722324099683 16 329453.140000 3463447.570000 -0.173878 22.200000 5C4225714 11 -59 
1722324099722 1722324099738 16 329454.230000 3463447.350000 -0.174751 22.200000 5C4225714 11 -59 
1722324099777 1722324099793 16 329455.330000 3463447.140000 -0.174751 22.180000 5C4225714 11 -59 
1722324099832 1722324099852 20 329456.420000 3463446.930000 -0.174751 22.180000 5C4225714 11 -59 
1722324099887 1722324099906 19 329457.500000 3463446.720000 -0.174751 22.160000 5C4225714 11 -59 
1722324099942 1722324099960 18 329459.030000 3463446.420000 -0.174533 22.100000 5C4225714 11 -59 
1722324100000 1722324100019 19 329460.780000 3463446.080000 -0.174533 22.080000 5C4225714 11 -59 
1722324100056 1722324100074 18 329462.080000 3463445.830000 -0.174533 22.100000 5C4225714 11 -59 
1722324100111 1722324100129 18 329463.380000 3463445.570000 -0.176060 22.060000 5C4225714 11 -59 
1722324100166 1722324100184 18 329464.690000 3463445.320000 -0.176060 22.060000 5C4225714 11 -59 
1722324100221 1722324100238 17 329465.770000 3463445.100000 -0.176060 22.020000 5C4225714 11 -59 
1722324100276 1722324100293 17 329466.630000 3463444.930000 -0.176060 22.020000 5C4225714 11 -59 
1722324100331 1722324100351 20 329467.940000 3463444.690000 -0.175406 22.020000 5C4225714 11 -59 
1722324100386 1722324100419 33 329469.230000 3463444.420000 -0.175406 22.000000 5C4225714 11 -59 
1722324100442 1722324100458 16 329470.320000 3463444.220000 -0.175406 22.000000 5C4225714 11 -59 
1722324100497 1722324100513 16 329471.830000 3463443.920000 -0.177151 21.980000 5C4225714 11 -59 
1722324100552 1722324100567 15 329472.700000 3463443.750000 -0.177151 21.940000 5C4225714 11 -59 
1722324100607 1722324100623 16 329474.210000 3463443.440000 -0.177151 21.940000 5C4225714 11 -59 
1722324100662 1722324100682 20 329475.280000 3463443.240000 -0.177151 21.920000 5C4225714 11 -59 
1722324100717 1722324100732 15 329476.580000 3463442.980000 -0.178024 21.940000 5C4225714 11 -59 
1722324100772 1722324100791 19 329477.660000 3463442.770000 -0.178024 21.900000 5C4225714 11 -59 
1722324100827 1722324100844 17 329478.740000 3463442.550000 -0.178024 21.900000 5C4225714 11 -59 
1722324100882 1722324100902 20 329479.380000 3463442.430000 -0.178024 21.880000 5C4225714 11 -59 
1722324100938 1722324100957 19 329480.890000 3463442.130000 -0.177369 21.860000 5C4225714 11 -59 
1722324100992 1722324101011 19 329482.180000 3463441.870000 -0.177369 21.820000 5C4225714 11 -59 
1722324101047 1722324101065 18 329483.250000 3463441.670000 -0.177369 21.820000 5C4225714 11 -59 
1722324101110 1722324101129 19 329485.400000 3463441.240000 -0.177587 21.800000 5C4225714 11 -59 
1722324101165 1722324101191 26 329485.620000 3463441.200000 -0.177587 21.780000 5C4225714 11 -59 
1722324101220 1722324101237 17 329487.110000 3463440.900000 -0.177587 21.760000 5C4225714 11 -59 
1722324101275 1722324101293 18 329487.960000 3463440.730000 -0.177587 21.760000 5C4225714 11 -59 
1722324101331 1722324101349 18 329489.470000 3463440.440000 -0.178896 21.720000 5C4225714 11 -59 
1722324101386 1722324101404 18 329490.320000 3463440.270000 -0.178896 21.720000 5C4225714 11 -59 
1722324101441 1722324101457 16 329491.180000 3463440.090000 -0.178896 21.700000 5C4225714 11 -59 
1722324101496 1722324101517 21 329492.670000 3463439.780000 -0.178896 21.720000 5C4225714 11 -59 
1722324101552 1722324101568 16 329493.950000 3463439.540000 -0.179551 21.660000 5C4225714 11 -59 
1722324101607 1722324101624 17 329494.800000 3463439.360000 -0.179551 21.660000 5C4225714 11 -59 
1722324101663 1722324101680 17 329496.930000 3463438.930000 -0.179551 21.640000 5C4225714 11 -59 
1722324101721 1722324101745 24 329497.990000 3463438.720000 -0.182823 21.580000 5C4225714 11 -59 
1722324101776 1722324101793 17 329499.270000 3463438.460000 -0.182823 21.600000 5C4225714 11 -59 
1722324101831 1722324101849 18 329500.540000 3463438.190000 -0.182823 21.580000 5C4225714 11 -59 
1722324101886 1722324101904 18 329501.380000 3463438.020000 -0.185223 21.580000 5C4225714 11 -59 
1722324101940 1722324101963 23 329502.450000 3463437.810000 -0.185223 21.600000 5C4225714 11 -59 
1722324101995 1722324102012 17 329503.090000 3463437.680000 -0.185223 21.560000 5C4225714 11 -59 
1722324102051 1722324102066 15 329504.350000 3463437.410000 -0.185223 21.560000 5C4225714 11 -59 
1722324102106 1722324102125 19 329505.410000 3463437.190000 -0.185223 21.560000 5C4225714 11 -59 
1722324102160 1722324102178 18 329506.260000 3463437.010000 -0.187405 21.600000 5C4225714 11 -59 
1722324102215 1722324102232 17 329508.800000 3463436.480000 -0.187405 21.580000 5C4225714 11 -59 
1722324102270 1722324102286 16 329509.860000 3463436.270000 -0.188496 21.560000 5C4225714 11 -59 
1722324102325 1722324102346 21 329510.930000 3463436.040000 -0.188496 21.620000 5C4225714 11 -59 
1722324102381 1722324102399 18 329511.350000 3463435.960000 -0.188496 21.600000 5C4225714 11 -59 
1722324102436 1722324102454 18 329513.040000 3463435.600000 -0.188496 21.620000 5C4225714 11 -59 
1722324102491 1722324102509 18 329513.040000 3463435.600000 -0.188496 21.620000 5C4225714 11 -59 
1722324102546 1722324102563 17 329514.730000 3463435.220000 -0.192204 21.680000 5C4225714 11 -59 
1722324102600 1722324102618 18 329516.650000 3463434.830000 -0.192204 21.580000 5C4225714 11 -59 
1722324102655 1722324102674 19 329517.700000 3463434.600000 -0.192204 21.640000 5C4225714 11 -59 
1722324102710 1722324102727 17 329518.770000 3463434.370000 -0.194386 21.560000 5C4225714 11 -59 
1722324102767 1722324102786 19 329519.620000 3463434.190000 -0.194386 21.640000 5C4225714 11 -59 
1722324102821 1722324102841 20 329521.100000 3463433.870000 -0.194386 21.640000 5C4225714 11 -59 
1722324102876 1722324102892 16 329522.150000 3463433.640000 -0.194386 21.640000 5C4225714 11 -59 
1722324102931 1722324102946 15 329523.640000 3463433.320000 -0.196131 21.640000 5C4225714 11 -59 
1722324102986 1722324103005 19 329524.910000 3463433.040000 -0.196131 21.620000 5C4225714 11 -59 
1722324103042 1722324103059 17 329525.980000 3463432.810000 -0.196131 21.640000 5C4225714 11 -59 
1722324103096 1722324103112 16 329526.610000 3463432.670000 -0.196131 21.640000 5C4225714 11 -59 
1722324103151 1722324103166 15 329528.100000 3463432.360000 -0.197440 21.680000 5C4225714 11 -59 
1722324103206 1722324103224 18 329529.160000 3463432.120000 -0.197440 21.640000 5C4225714 11 -59 
1722324103273 1722324103292 19 329530.430000 3463431.840000 -0.197440 21.660000 5C4225714 11 -59 
1722324103328 1722324103348 20 329532.770000 3463431.340000 -0.197004 21.660000 5C4225714 11 -59 
1722324103383 1722324103399 16 329532.980000 3463431.290000 -0.197004 21.680000 5C4225714 11 -59 
1722324103438 1722324103455 17 329534.890000 3463430.870000 -0.197004 21.640000 5C4225714 11 -59 
1722324103493 1722324103510 17 329535.730000 3463430.690000 -0.197004 21.640000 5C4225714 11 -59 
1722324103548 1722324103565 17 329536.600000 3463430.510000 -0.197004 21.620000 5C4225714 11 -59 
1722324103603 1722324103622 19 329537.650000 3463430.280000 -0.197004 21.640000 5C4225714 11 -59 
1722324103659 1722324103680 21 329538.710000 3463430.060000 -0.197004 21.620000 5C4225714 11 -59 
1722324103714 1722324103736 22 329539.980000 3463429.770000 -0.198095 21.640000 5C4225714 11 -59 
1722324103769 1722324103786 17 329540.840000 3463429.590000 -0.198095 21.640000 5C4225714 11 -59 
1722324103824 1722324103841 17 329541.890000 3463429.360000 -0.198095 21.640000 5C4225714 11 -59 
1722324103879 1722324103896 17 329544.210000 3463428.860000 -0.196131 21.640000 5C4225714 11 -59 
1722324103934 1722324103951 17 329545.500000 3463428.590000 -0.196131 21.620000 5C4225714 11 -59 
1722324103990 1722324104010 20 329546.550000 3463428.350000 -0.196131 21.600000 5C4225714 11 -59 
1722324104045 1722324104065 20 329547.610000 3463428.130000 -0.196131 21.580000 5C4225714 11 -59 
1722324104100 1722324104117 17 329548.670000 3463427.900000 -0.195695 21.560000 5C4225714 11 -59 
1722324104155 1722324104171 16 329549.300000 3463427.770000 -0.195695 21.560000 5C4225714 11 -59 
1722324104210 1722324104229 19 329550.360000 3463427.540000 -0.195695 21.560000 5C4225714 11 -59 
1722324104266 1722324104284 18 329551.210000 3463427.360000 -0.195695 21.560000 5C4225714 11 -59 
1722324104326 1722324104345 19 329552.680000 3463427.050000 -0.194604 21.560000 5C4225714 11 -59 
1722324104385 1722324104404 19 329554.590000 3463426.640000 -0.194604 21.460000 5C4225714 11 -59 
1722324104440 1722324104457 17 329555.850000 3463426.370000 -0.194604 21.480000 5C4225714 11 -59 
1722324104495 1722324104512 17 329557.110000 3463426.100000 -0.192204 21.440000 5C4225714 11 -59 
1722324104550 1722324104568 18 329558.170000 3463425.880000 -0.192204 21.460000 5C4225714 11 -59 
1722324104606 1722324104623 17 329559.010000 3463425.700000 -0.192204 21.400000 5C4225714 11 -59 
1722324104662 1722324104678 16 329560.270000 3463425.440000 -0.192204 21.400000 5C4225714 11 -59 
1722324104716 1722324104735 19 329561.110000 3463425.260000 -0.191550 21.340000 5C4225714 11 -59 
1722324104771 1722324104791 20 329562.580000 3463424.940000 -0.191550 21.300000 5C4225714 11 -59 
1722324104826 1722324104843 17 329563.620000 3463424.730000 -0.191550 21.260000 5C4225714 11 -59 
1722324104882 1722324104905 23 329564.460000 3463424.560000 -0.191550 21.200000 5C4225714 11 -59 
1722324104937 1722324104962 25 329566.330000 3463424.160000 -0.189805 21.120000 5C4225714 11 -59 
1722324104992 1722324105011 19 329567.370000 3463423.950000 -0.189805 21.080000 5C4225714 11 -59 
1722324105048 1722324105067 19 329568.610000 3463423.690000 -0.189805 21.040000 5C4225714 11 -59 
1722324105104 1722324105121 17 329569.650000 3463423.480000 -0.188059 21.020000 5C4225714 11 -59 
1722324105159 1722324105177 18 329570.670000 3463423.260000 -0.188059 20.960000 5C4225714 11 -59 
1722324105215 1722324105233 18 329571.500000 3463423.090000 -0.188059 20.920000 5C4225714 11 -59 
1722324105270 1722324105292 22 329572.720000 3463422.840000 -0.188059 20.820000 5C4225714 11 -59 
1722324105326 1722324105342 16 329573.950000 3463422.590000 -0.186968 20.780000 5C4225714 11 -59 
1722324105381 1722324105398 17 329574.770000 3463422.420000 -0.186968 20.700000 5C4225714 11 -59 
1722324105436 1722324105455 19 329575.790000 3463422.200000 -0.186968 20.620000 5C4225714 11 -59 
1722324105492 1722324105516 24 329576.590000 3463422.030000 -0.186968 20.540000 5C4225714 11 -59 
1722324105547 1722324105563 16 329578.810000 3463421.580000 -0.187187 20.340000 5C4225714 11 -59 
1722324105602 1722324105619 17 329579.810000 3463421.370000 -0.187187 20.200000 5C4225714 11 -59 
1722324105657 1722324105675 18 329580.610000 3463421.200000 -0.187187 20.120000 5C4225714 11 -59 
1722324105713 1722324105733 20 329581.590000 3463421.000000 -0.187405 20.020000 5C4225714 11 -59 
1722324105768 1722324105795 27 329582.590000 3463420.790000 -0.187405 19.880000 5C4225714 11 -59 
1722324105824 1722324105842 18 329583.760000 3463420.540000 -0.187405 19.780000 5C4225714 11 -59 
1722324105880 1722324105898 18 329584.730000 3463420.340000 -0.187405 19.640000 5C4225714 11 -59 
1722324105935 1722324105955 20 329585.690000 3463420.130000 -0.190895 19.460000 5C4225714 11 -59 
1722324105991 1722324106013 22 329586.460000 3463419.980000 -0.190895 19.420000 5C4225714 11 -59 
1722324106046 1722324106066 20 329587.600000 3463419.740000 -0.190895 19.180000 5C4225714 11 -59 
1722324106103 1722324106126 23 329589.670000 3463419.300000 -0.192423 18.880000 5C4225714 11 -59 
1722324106160 1722324106180 20 329590.600000 3463419.100000 -0.192423 18.800000 5C4225714 11 -59 
1722324106216 1722324106235 19 329591.150000 3463418.980000 -0.192423 18.600000 5C4225714 11 -59 
1722324106273 1722324106290 17 329592.420000 3463418.700000 -0.192423 18.540000 5C4225714 11 -59 
1722324106328 1722324106345 17 329593.330000 3463418.520000 -0.195259 18.340000 5C4225714 11 -59 
1722324106384 1722324106401 17 329593.690000 3463418.440000 -0.195259 18.180000 5C4225714 11 -59 
1722324106439 1722324106457 18 329595.300000 3463418.090000 -0.195259 17.940000 5C4225714 11 -59 
1722324106511 1722324106527 16 329596.880000 3463417.760000 -0.195477 17.600000 5C4225714 11 -59 
1722324106570 1722324106587 17 329597.740000 3463417.560000 -0.195477 17.380000 5C4225714 11 -59 
1722324106626 1722324106645 19 329598.600000 3463417.370000 -0.195477 17.340000 5C4225714 11 -59 
1722324106680 1722324106699 19 329599.440000 3463417.180000 -0.195477 17.100000 5C4225714 11 -59 
1722324106736 1722324106752 16 329600.620000 3463416.930000 -0.197659 16.920000 5C4225714 11 -59 
1722324106796 1722324106811 15 329601.280000 3463416.790000 -0.197659 16.740000 5C4225714 11 -59 
1722324106855 1722324106874 19 329602.260000 3463416.570000 -0.197659 16.560000 5C4225714 11 -59 
1722324106910 1722324106927 17 329603.880000 3463416.210000 -0.200931 16.280000 5C4225714 11 -59 
1722324106965 1722324106989 24 329604.670000 3463416.030000 -0.200931 16.100000 5C4225714 11 -59 
1722324107020 1722324107043 23 329605.150000 3463415.930000 -0.200931 15.960000 5C4225714 11 -59 
1722324107075 1722324107091 16 329605.760000 3463415.790000 -0.200931 15.700000 5C4225714 11 -59 
1722324107130 1722324107148 18 329606.700000 3463415.590000 -0.202458 15.620000 5C4225714 11 -59 
1722324107186 1722324107202 16 329607.310000 3463415.450000 -0.202458 15.360000 5C4225714 11 -59 
1722324107241 1722324107261 20 329608.360000 3463415.210000 -0.202458 15.240000 5C4225714 11 -59 
1722324107297 1722324107317 20 329608.810000 3463415.110000 -0.202458 15.120000 5C4225714 11 -59 
1722324107352 1722324107369 17 329609.840000 3463414.880000 -0.202676 14.880000 5C4225714 11 -59 
1722324107407 1722324107424 17 329610.570000 3463414.720000 -0.202676 14.700000 5C4225714 11 -59 
1722324107463 1722324107478 15 329611.280000 3463414.560000 -0.202676 14.480000 5C4225714 11 -59 
1722324107518 1722324107536 18 329612.840000 3463414.230000 -0.202676 14.180000 5C4225714 11 -59 
1722324107573 1722324107590 17 329613.530000 3463414.070000 -0.202676 14.000000 5C4225714 11 -59 
1722324107628 1722324107644 16 329614.070000 3463413.950000 -0.202676 13.820000 5C4225714 11 -59 
1722324107683 1722324107699 16 329614.880000 3463413.770000 -0.201804 13.640000 5C4225714 11 -59 
1722324107739 1722324107760 21 329615.550000 3463413.630000 -0.201804 13.420000 5C4225714 11 -59 
1722324107794 1722324107812 18 329616.080000 3463413.510000 -0.201804 13.240000 5C4225714 11 -59 
1722324107849 1722324107866 17 329616.850000 3463413.340000 -0.201804 13.060000 5C4225714 11 -59 
1722324107904 1722324107919 15 329617.490000 3463413.210000 -0.199622 12.920000 5C4225714 11 -59 
1722324107959 1722324107976 17 329618.260000 3463413.050000 -0.199622 12.700000 5C4225714 11 -59 
1722324108015 1722324108034 19 329618.870000 3463412.910000 -0.199622 12.580000 5C4225714 11 -59 
1722324108070 1722324108088 18 329619.480000 3463412.790000 -0.199622 12.380000 5C4225714 11 -59 
1722324108125 1722324108143 18 329620.450000 3463412.580000 -0.196786 12.020000 5C4225714 11 -59 
1722324108180 1722324108196 16 329621.040000 3463412.460000 -0.196786 11.860000 5C4225714 11 -59 
1722324108235 1722324108254 19 329621.620000 3463412.330000 -0.196786 11.680000 5C4225714 11 -59 
1722324108291 1722324108309 18 329622.300000 3463412.200000 -0.191550 11.440000 5C4225714 11 -59 
1722324108346 1722324108365 19 329622.650000 3463412.130000 -0.191550 11.360000 5C4225714 11 -59 
1722324108401 1722324108419 18 329623.320000 3463411.990000 -0.191550 11.120000 5C4225714 11 -59 
1722324108456 1722324108475 19 329623.970000 3463411.860000 -0.191550 11.000000 5C4225714 11 -59 
1722324108511 1722324108530 19 329624.500000 3463411.760000 -0.184787 10.760000 5C4225714 11 -59 
1722324108567 1722324108583 16 329625.150000 3463411.640000 -0.184787 10.640000 5C4225714 11 -59 
1722324108622 1722324108637 15 329625.570000 3463411.560000 -0.184787 10.400000 5C4225714 11 -59 
1722324108677 1722324108696 19 329626.680000 3463411.360000 -0.176060 10.080000 5C4225714 11 -59 
1722324108731 1722324108752 21 329627.180000 3463411.280000 -0.176060 9.980000 5C4225714 11 -59 
1722324108787 1722324108802 15 329627.760000 3463411.180000 -0.176060 9.780000 5C4225714 11 -59 
1722324108842 1722324108858 16 329628.150000 3463411.130000 -0.176060 9.680000 5C4225714 11 -59 
1722324108897 1722324108914 17 329628.710000 3463411.040000 -0.159043 9.520000 5C4225714 11 -59 
1722324108953 1722324108972 19 329628.810000 3463411.040000 -0.159043 9.440000 5C4225714 11 -59 
1722324109008 1722324109026 18 329629.280000 3463410.980000 -0.159043 9.320000 5C4225714 11 -59 
1722324109063 1722324109089 26 329629.930000 3463410.910000 -0.159043 9.220000 5C4225714 11 -59 
1722324109119 1722324109139 20 329630.300000 3463410.870000 -0.126100 9.080000 5C4225714 11 -59 
1722324109174 1722324109192 18 329630.850000 3463410.830000 -0.126100 9.000000 5C4225714 11 -59 
1722324109229 1722324109247 18 329631.380000 3463410.800000 -0.126100 8.860000 5C4225714 11 -59 
1722324109285 1722324109300 15 329632.170000 3463410.760000 -0.086176 8.620000 5C4225714 11 -59 
1722324109340 1722324109358 18 329632.780000 3463410.750000 -0.086176 8.480000 5C4225714 11 -59 
1722324109395 1722324109412 17 329633.200000 3463410.750000 -0.086176 8.420000 5C4225714 11 -59 
1722324109451 1722324109471 20 329633.620000 3463410.760000 -0.086176 8.300000 5C4225714 11 -59 
1722324109506 1722324109523 17 329633.950000 3463410.770000 -0.041015 8.240000 5C4225714 11 -59 
1722324109561 1722324109579 18 329634.450000 3463410.790000 -0.041015 8.080000 5C4225714 11 -59 
1722324109616 1722324109633 17 329634.920000 3463410.830000 -0.041015 8.020000 5C4225714 11 -59 
1722324109672 1722324109689 17 329635.160000 3463410.860000 -0.041015 7.940000 5C4225714 11 -59 
1722324109727 1722324109745 18 329635.550000 3463410.900000 0.013308 7.860000 5C4225714 11 -59 
1722324109787 1722324109803 16 329636.330000 3463411.030000 0.013308 7.640000 5C4225714 11 -59 
1722324109843 1722324109865 22 329636.780000 3463411.120000 0.013308 7.600000 5C4225714 11 -59 
1722324109900 1722324109917 17 329637.060000 3463411.180000 0.090321 7.480000 5C4225714 10 -62 
1722324109955 1722324109974 19 329637.440000 3463411.280000 0.090321 7.420000 5C4225714 10 -62 
1722324110011 1722324110029 18 329637.860000 3463411.400000 0.090321 7.280000 5C4225714 10 -62 
1722324110066 1722324110084 18 329638.270000 3463411.530000 0.090321 7.180000 5C4225714 10 -62 
1722324110121 1722324110140 19 329638.540000 3463411.620000 0.172788 7.100000 5C4225714 10 -62 
1722324110176 1722324110195 19 329638.940000 3463411.770000 0.172788 7.000000 5C4225714 10 -62 
1722324110231 1722324110248 17 329639.130000 3463411.860000 0.172788 6.880000 5C4225714 10 -62 
1722324110286 1722324110303 17 329639.380000 3463411.970000 0.172788 6.820000 5C4225714 10 -62 
1722324110342 1722324110357 15 329639.690000 3463412.100000 0.261363 6.700000 5C4225714 10 -62 
1722324110397 1722324110420 23 329640.400000 3463412.490000 0.261363 6.520000 5C4225714 10 -62 
1722324110452 1722324110469 17 329640.670000 3463412.650000 0.261363 6.460000 5C4225714 10 -62 
1722324110507 1722324110523 16 329640.890000 3463412.800000 0.360629 6.340000 5C4225714 10 -62 
1722324110562 1722324110585 23 329641.200000 3463413.020000 0.360629 6.300000 5C4225714 10 -62 
1722324110618 1722324110640 22 329641.500000 3463413.250000 0.360629 6.180000 5C4225714 10 -62 
1722324110673 1722324110696 23 329641.730000 3463413.450000 0.360629 6.120000 5C4225714 10 -62 
1722324110728 1722324110746 18 329641.900000 3463413.620000 0.471457 6.080000 5C4225714 10 -62 
1722324110783 1722324110799 16 329642.160000 3463413.870000 0.471457 6.020000 5C4225714 10 -62 
1722324110838 1722324110853 15 329642.370000 3463414.100000 0.471457 5.940000 5C4225714 10 -62 
1722324110894 1722324110917 23 329642.590000 3463414.360000 0.601484 5.880000 5C4225714 10 -62 
1722324110948 1722324110966 18 329642.700000 3463414.500000 0.601484 5.780000 5C4225714 10 -62 
1722324111004 1722324111024 20 329643.090000 3463415.000000 0.601484 5.560000 5C4225714 10 -62 
1722324111059 1722324111074 15 329643.270000 3463415.270000 0.720603 5.500000 5C4225714 10 -62 
1722324111114 1722324111133 19 329643.330000 3463415.360000 0.720603 5.420000 5C4225714 10 -62 
1722324111169 1722324111192 23 329643.500000 3463415.640000 0.720603 5.320000 5C4225714 10 -62 
1722324111225 1722324111241 16 329643.630000 3463415.870000 0.720603 5.220000 5C4225714 10 -62 
1722324111280 1722324111300 20 329643.780000 3463416.140000 0.720603 5.100000 5C4225714 10 -62 
1722324111336 1722324111353 17 329643.900000 3463416.370000 0.827722 5.040000 5C4225714 10 -62 
1722324111391 1722324111408 17 329643.980000 3463416.550000 0.827722 4.900000 5C4225714 10 -62 
1722324111446 1722324111462 16 329644.100000 3463416.820000 0.827722 4.820000 5C4225714 10 -62 
1722324111502 1722324111521 19 329644.180000 3463417.040000 0.827722 4.700000 5C4225714 10 -62 
1722324111557 1722324111574 17 329644.340000 3463417.480000 0.933315 4.620000 5C4225714 10 -62 
1722324111612 1722324111627 15 329644.420000 3463417.740000 0.933315 4.520000 5C4225714 10 -62 
1722324111667 1722324111682 15 329644.460000 3463417.920000 0.933315 4.460000 5C4225714 10 -62 
1722324111722 1722324111741 19 329644.530000 3463418.210000 1.028435 4.380000 5C4225714 10 -62 
1722324111776 1722324111795 19 329644.560000 3463418.420000 1.028435 4.340000 5C4225714 10 -62 
1722324111832 1722324111849 17 329644.590000 3463418.630000 1.028435 4.280000 5C4225714 10 -62 
1722324111887 1722324111903 16 329644.600000 3463418.770000 1.028435 4.260000 5C4225714 10 -62 
1722324111947 1722324111967 20 329644.630000 3463418.980000 1.133591 4.220000 5C4225714 10 -62 
1722324112002 1722324112018 16 329644.640000 3463419.140000 1.133591 4.200000 5C4225714 10 -62 
1722324112056 1722324112074 18 329644.640000 3463419.440000 1.133591 4.180000 5C4225714 10 -62 
1722324112111 1722324112127 16 329644.630000 3463419.730000 1.239838 4.100000 5C4225714 10 -62 
1722324112167 1722324112185 18 329644.610000 3463420.050000 1.239838 4.100000 5C4225714 10 -62 
1722324112222 1722324112239 17 329644.590000 3463420.300000 1.239838 4.060000 5C4225714 10 -62 
1722324112277 1722324112293 16 329644.560000 3463420.500000 1.352848 4.040000 5C4225714 10 -62 
1722324112332 1722324112352 20 329644.530000 3463420.700000 1.352848 4.020000 5C4225714 10 -62 
1722324112388 1722324112407 19 329644.510000 3463420.780000 1.352848 4.000000 5C4225714 10 -62 
1722324112443 1722324112462 19 329644.440000 3463421.040000 1.352848 3.980000 5C4225714 10 -62 
1722324112498 1722324112515 17 329644.400000 3463421.200000 1.352848 3.980000 5C4225714 10 -62 
1722324112554 1722324112573 19 329644.350000 3463421.350000 1.466077 3.940000 5C4225714 10 -62 
1722324112609 1722324112627 18 329644.280000 3463421.580000 1.466077 3.920000 5C4225714 10 -62 
1722324112664 1722324112686 22 329644.190000 3463421.800000 1.466077 3.900000 5C4225714 10 -62 
1722324112719 1722324112734 15 329644.040000 3463422.150000 1.582795 3.840000 5C4225714 10 -62 
1722324112774 1722324112793 19 329643.950000 3463422.330000 1.582795 3.840000 5C4225714 10 -62 
1722324112828 1722324112845 17 329643.840000 3463422.480000 1.582795 3.820000 5C4225714 10 -62 
1722324112883 1722324112899 16 329643.790000 3463422.580000 1.582795 3.800000 5C4225714 10 -62 
1722324112939 1722324112959 20 329643.630000 3463422.840000 1.698205 3.800000 5C4225714 10 -62 
1722324112994 1722324113013 19 329643.540000 3463422.960000 1.698205 3.780000 5C4225714 10 -62 
1722324113049 1722324113069 20 329643.400000 3463423.140000 1.698205 3.760000 5C4225714 10 -62 
1722324113104 1722324113119 15 329643.300000 3463423.260000 1.820815 3.760000 5C4225714 10 -62 
1722324113163 1722324113180 17 329643.140000 3463423.460000 1.820815 3.740000 5C4225714 10 -62 
1722324113219 1722324113236 17 329643.010000 3463423.590000 1.820815 3.720000 5C4225714 10 -62 
1722324113274 1722324113292 18 329642.750000 3463423.820000 1.948660 3.700000 5C4225714 10 -62 
1722324113329 1722324113353 24 329642.590000 3463423.970000 1.948660 3.700000 5C4225714 10 -62 
1722324113384 1722324113403 19 329642.470000 3463424.060000 1.948660 3.720000 5C4225714 10 -62 
1722324113439 1722324113463 24 329642.260000 3463424.200000 1.948660 3.720000 5C4225714 10 -62 
1722324113495 1722324113512 17 329642.170000 3463424.270000 2.076942 3.700000 5C4225714 10 -62 
1722324113550 1722324113573 23 329642.020000 3463424.380000 2.076942 3.700000 5C4225714 10 -62 
1722324113605 1722324113621 16 329641.860000 3463424.480000 2.076942 3.720000 5C4225714 10 -62 
1722324113661 1722324113678 17 329641.700000 3463424.570000 2.076942 3.740000 5C4225714 10 -62 
1722324113716 1722324113732 16 329641.530000 3463424.650000 2.196497 3.780000 5C4225714 10 -62 
1722324113771 1722324113795 24 329641.370000 3463424.740000 2.196497 3.780000 5C4225714 10 -62 
1722324113826 1722324113842 16 329641.190000 3463424.820000 2.196497 3.800000 5C4225714 10 -62 
1722324113881 1722324113897 16 329640.870000 3463424.950000 2.323688 3.840000 5C4225714 10 -62 
1722324113936 1722324113955 19 329640.620000 3463425.040000 2.323688 3.900000 5C4225714 10 -62 
1722324113991 1722324114010 19 329640.540000 3463425.060000 2.323688 3.920000 5C4225714 10 -62 
1722324114047 1722324114064 17 329640.230000 3463425.150000 2.323688 3.940000 5C4225714 10 -62 
1722324114102 1722324114120 18 329640.000000 3463425.210000 2.451533 3.980000 5C4225714 10 -62 
1722324114157 1722324114174 17 329639.890000 3463425.240000 2.451533 4.000000 5C4225714 10 -62 
1722324114212 1722324114236 24 329639.610000 3463425.290000 2.451533 4.020000 5C4225714 10 -62 
1722324114268 1722324114284 16 329639.490000 3463425.310000 2.451533 4.080000 5C4225714 10 -62 
1722324114323 1722324114345 22 329639.280000 3463425.340000 2.572615 4.120000 5C4225714 10 -62 
1722324114378 1722324114399 21 329639.080000 3463425.380000 2.572615 4.140000 5C4225714 10 -62 
1722324114433 1722324114452 19 329638.630000 3463425.420000 2.572615 4.200000 5C4225714 10 -62 
1722324114489 1722324114507 18 329638.410000 3463425.430000 2.699588 4.220000 5C4225714 10 -62 
1722324114544 1722324114560 16 329638.330000 3463425.440000 2.699588 4.240000 5C4225714 10 -62 
1722324114600 1722324114617 17 329637.940000 3463425.450000 2.699588 4.280000 5C4225714 10 -62 
1722324114655 1722324114673 18 329637.720000 3463425.450000 2.699588 4.300000 5C4225714 10 -62 
1722324114710 1722324114729 19 329637.550000 3463425.460000 2.814125 4.360000 5C4225714 10 -62 
1722324114766 1722324114783 17 329637.340000 3463425.460000 2.814125 4.380000 5C4225714 10 -62 
1722324114821 1722324114840 19 329637.080000 3463425.450000 2.814125 4.400000 5C4225714 10 -62 
1722324114876 1722324114894 18 329636.850000 3463425.450000 2.814125 4.460000 5C4225714 10 -62 
1722324114932 1722324114949 17 329636.710000 3463425.450000 2.908809 4.480000 5C4225714 10 -62 
1722324114988 1722324115004 16 329636.130000 3463425.440000 2.908809 4.540000 5C4225714 10 -62 
1722324115044 1722324115060 16 329636.080000 3463425.430000 2.908809 4.560000 5C4225714 10 -62 
1722324115099 1722324115115 16 329636.080000 3463425.430000 2.908809 4.620000 5C4225714 10 -62 
1722324115154 1722324115174 20 329635.530000 3463425.420000 2.991276 4.640000 5C4225714 10 -62 
1722324115209 1722324115228 19 329635.350000 3463425.430000 2.991276 4.660000 5C4225714 10 -62 
1722324115264 1722324115282 18 329635.020000 3463425.420000 2.991276 4.700000 5C4225714 10 -62 
1722324115323 1722324115341 18 329634.830000 3463425.430000 3.041673 4.740000 5C4225714 10 -62 
1722324115378 1722324115393 15 329634.540000 3463425.450000 3.041673 4.760000 5C4225714 10 -62 
1722324115433 1722324115451 18 329634.490000 3463425.460000 3.041673 4.820000 5C4225714 10 -62 
1722324115488 1722324115513 25 329634.100000 3463425.490000 3.041673 4.880000 5C4225714 10 -62 
1722324115543 1722324115560 17 329633.520000 3463425.570000 3.054108 5.000000 5C4225714 10 -62 
1722324115599 1722324115617 18 329633.270000 3463425.590000 3.054108 5.060000 5C4225714 10 -62 
1722324115654 1722324115670 16 329633.110000 3463425.610000 3.054108 5.140000 5C4225714 10 -62 
1722324115709 1722324115728 19 329632.850000 3463425.630000 3.047345 5.220000 5C4225714 10 -62 
1722324115764 1722324115782 18 329632.540000 3463425.680000 3.047345 5.320000 5C4225714 10 -62 
1722324115819 1722324115838 19 329632.270000 3463425.710000 3.047345 5.440000 5C4225714 10 -62 
1722324115875 1722324115894 19 329632.000000 3463425.750000 3.047345 5.500000 5C4225714 10 -62 
1722324115930 1722324115948 18 329631.710000 3463425.770000 3.049527 5.640000 5C4225714 10 -62 
1722324115985 1722324116002 17 329631.380000 3463425.820000 3.049527 5.740000 5C4225714 10 -62 
1722324116041 1722324116057 16 329631.140000 3463425.850000 3.049527 5.880000 5C4225714 10 -62 
1722324116096 1722324116112 16 329630.790000 3463425.890000 3.049527 5.960000 5C4225714 10 -62 
1722324116152 1722324116169 17 329630.240000 3463425.960000 3.045381 6.240000 5C4225714 10 -62 
1722324116207 1722324116223 16 329629.800000 3463426.010000 3.045381 6.420000 5C4225714 10 -62 
1722324116262 1722324116278 16 329629.480000 3463426.050000 3.040800 6.520000 5C4225714 10 -62 
1722324116317 1722324116334 17 329629.080000 3463426.100000 3.040800 6.720000 5C4225714 10 -62 
1722324116372 1722324116390 18 329628.940000 3463426.130000 3.040800 6.860000 5C4225714 10 -62 
1722324116427 1722324116444 17 329628.590000 3463426.170000 3.040800 7.040000 5C4225714 10 -62 
1722324116482 1722324116498 16 329628.170000 3463426.220000 3.040800 7.180000 5C4225714 10 -62 
1722324116538 1722324116556 18 329627.880000 3463426.260000 3.037309 7.360000 5C4225714 10 -62 
1722324116593 1722324116611 18 329627.440000 3463426.320000 3.037309 7.600000 5C4225714 10 -62 
1722324116648 1722324116673 25 329626.990000 3463426.380000 3.037309 7.800000 5C4225714 10 -62 
1722324116703 1722324116722 19 329626.200000 3463426.480000 3.033600 8.060000 5C4225714 10 -62 
1722324116759 1722324116783 24 329625.880000 3463426.530000 3.033600 8.280000 5C4225714 10 -62 
1722324116814 1722324116831 17 329625.300000 3463426.600000 3.033600 8.460000 5C4225714 10 -62 
1722324116869 1722324116891 22 329625.040000 3463426.640000 3.033600 8.600000 5C4225714 10 -62 
1722324116924 1722324116941 17 329624.870000 3463426.650000 3.030546 8.720000 5C4225714 10 -62 
1722324116981 1722324117000 19 329624.260000 3463426.740000 3.030546 8.860000 5C4225714 10 -62 
1722324117036 1722324117051 15 329624.000000 3463426.770000 3.030546 8.960000 5C4225714 10 -62 
1722324117091 1722324117106 15 329623.280000 3463426.860000 3.030546 9.180000 5C4225714 10 -62 
1722324117147 1722324117163 16 329622.830000 3463426.940000 3.029892 9.280000 5C4225714 10 -62 
1722324117202 1722324117222 20 329622.450000 3463426.980000 3.029892 9.440000 5C4225714 10 -62 
1722324117258 1722324117278 20 329621.310000 3463427.130000 3.028583 9.720000 5C4225714 10 -62 
1722324117313 1722324117331 18 329620.930000 3463427.180000 3.028583 9.840000 5C4225714 10 -62 
1722324117368 1722324117392 24 329620.240000 3463427.270000 3.028583 10.020000 5C4225714 10 -62 
1722324117437 1722324117453 16 329619.740000 3463427.330000 3.028583 10.140000 5C4225714 10 -62 
1722324117492 1722324117508 16 329619.430000 3463427.370000 3.028583 10.300000 5C4225714 10 -62 
1722324117548 1722324117564 16 329619.220000 3463427.400000 3.028801 10.420000 5C4225714 10 -62 
1722324117604 1722324117619 15 329618.400000 3463427.510000 3.028801 10.580000 5C4225714 10 -62 
1722324117659 1722324117675 16 329617.980000 3463427.560000 3.028801 10.720000 5C4225714 10 -62 
1722324117714 1722324117732 18 329616.790000 3463427.720000 3.029892 11.000000 5C4225714 10 -62 
1722324117770 1722324117789 19 329616.140000 3463427.800000 3.029892 11.160000 5C4225714 10 -62 
1722324117825 1722324117853 28 329615.460000 3463427.880000 3.029892 11.340000 5C4225714 10 -62 
1722324117880 1722324117896 16 329615.130000 3463427.920000 3.029892 11.420000 5C4225714 10 -62 
1722324117935 1722324117961 26 329614.440000 3463428.020000 3.032073 11.580000 5C4225714 10 -62 
1722324117990 1722324118015 25 329613.750000 3463428.090000 3.032073 11.700000 5C4225714 10 -62 
1722324118045 1722324118065 20 329613.050000 3463428.170000 3.032073 11.880000 5C4225714 10 -62 
1722324118100 1722324118116 16 329612.810000 3463428.210000 3.032073 12.000000 5C4225714 10 -62 
1722324118155 1722324118174 19 329611.860000 3463428.320000 3.034909 12.120000 5C4225714 10 -62 
1722324118210 1722324118226 16 329611.250000 3463428.400000 3.034909 12.260000 5C4225714 10 -62 
1722324118265 1722324118285 20 329610.880000 3463428.440000 3.034909 12.400000 5C4225714 10 -62 
1722324118321 1722324118338 17 329609.520000 3463428.610000 3.038836 12.660000 5C4225714 10 -62 
1722324118376 1722324118394 18 329609.020000 3463428.660000 3.038836 12.780000 5C4225714 10 -62 
1722324118431 1722324118446 15 329608.380000 3463428.740000 3.038836 12.880000 5C4225714 10 -62 
1722324118486 1722324118504 18 329607.600000 3463428.810000 3.040800 12.960000 5C4225714 10 -62 
1722324118545 1722324118562 17 329606.830000 3463428.920000 3.040800 13.180000 5C4225714 10 -62 
1722324118600 1722324118615 15 329606.180000 3463428.990000 3.040800 13.300000 5C4225714 10 -62 
1722324118656 1722324118672 16 329605.510000 3463429.070000 3.040800 13.420000 5C4225714 10 -62 
1722324118711 1722324118727 16 329604.970000 3463429.130000 3.041018 13.580000 5C4225714 10 -62 
1722324118766 1722324118784 18 329604.570000 3463429.200000 3.041018 13.680000 5C4225714 10 -62 
1722324118822 1722324118840 18 329603.760000 3463429.290000 3.041018 13.820000 5C4225714 10 -62 
1722324118877 1722324118896 19 329602.380000 3463429.470000 3.033819 14.080000 5C4225714 10 -62 
1722324118932 1722324118952 20 329601.540000 3463429.580000 3.033819 14.200000 5C4225714 10 -62 
1722324118987 1722324119006 19 329600.840000 3463429.680000 3.033819 14.360000 5C4225714 10 -62 
1722324119042 1722324119061 19 329600.550000 3463429.720000 3.033819 14.420000 5C4225714 10 -62 
1722324119098 1722324119115 17 329599.400000 3463429.870000 3.028801 14.580000 5C4225714 10 -62 
1722324119153 1722324119173 20 329598.550000 3463429.990000 3.028801 14.660000 5C4225714 10 -62 
1722324119208 1722324119226 18 329597.820000 3463430.090000 3.028801 14.820000 5C4225714 10 -62 
1722324119263 1722324119281 18 329597.070000 3463430.190000 3.028801 14.940000 5C4225714 10 -62 
1722324119319 1722324119338 19 329596.490000 3463430.280000 3.022910 15.040000 5C4225714 10 -62 
1722324119374 1722324119392 18 329595.450000 3463430.430000 3.022910 15.120000 5C4225714 10 -62 
1722324119429 1722324119446 17 329594.690000 3463430.540000 3.022910 15.280000 5C4225714 10 -62 
1722324119484 1722324119501 17 329593.630000 3463430.690000 3.018329 15.540000 5C4225714 10 -62 
1722324119540 1722324119559 19 329592.700000 3463430.830000 3.018329 15.640000 5C4225714 10 -62 
1722324119599 1722324119626 27 329591.770000 3463430.970000 3.018329 15.800000 5C4225714 10 -62 
1722324119654 1722324119670 16 329590.990000 3463431.080000 3.018329 15.900000 5C4225714 10 -62 
1722324119710 1722324119729 19 329590.520000 3463431.140000 3.015056 16.080000 5C4225714 10 -62 
1722324119764 1722324119784 20 329589.730000 3463431.280000 3.015056 16.120000 5C4225714 10 -62 
1722324119820 1722324119839 19 329588.610000 3463431.440000 3.015056 16.240000 5C4225714 10 -62 
1722324119875 1722324119893 18 329587.800000 3463431.560000 3.015056 16.300000 5C4225714 10 -62 
1722324119930 1722324119946 16 329586.820000 3463431.700000 3.012220 16.340000 5C4225714 10 -62 
1722324119985 1722324120004 19 329585.200000 3463431.960000 3.012220 16.500000 5C4225714 10 -62 
1722324120040 1722324120059 19 329584.220000 3463432.110000 3.012220 16.560000 5C4225714 10 -62 
1722324120096 1722324120113 17 329583.410000 3463432.250000 3.009820 16.560000 5C4225714 10 -62 
1722324120151 1722324120166 15 329582.580000 3463432.370000 3.009820 16.600000 5C4225714 10 -62 
1722324120206 1722324120224 18 329581.750000 3463432.490000 3.009820 16.660000 5C4225714 10 -62 
1722324120261 1722324120281 20 329581.750000 3463432.490000 3.009820 16.680000 5C4225714 10 -62 
1722324120317 1722324120335 18 329580.420000 3463432.700000 3.005675 16.740000 5C4225714 10 -62 
1722324120372 1722324120389 17 329579.440000 3463432.860000 3.005675 16.820000 5C4225714 10 -62 
1722324120427 1722324120448 21 329578.770000 3463432.960000 3.005675 16.860000 5C4225714 10 -62 
1722324120482 1722324120502 20 329577.930000 3463433.100000 3.005675 16.920000 5C4225714 10 -62 
1722324120538 1722324120555 17 329576.930000 3463433.250000 3.005239 16.960000 5C4225714 10 -62 
1722324120593 1722324120608 15 329575.250000 3463433.520000 3.005239 17.080000 5C4225714 10 -62 
1722324120648 1722324120667 19 329574.740000 3463433.610000 3.005239 17.160000 5C4225714 10 -62 
1722324120708 1722324120727 19 329573.390000 3463433.830000 3.002403 17.260000 5C4225714 10 -62 
1722324120763 1722324120783 20 329572.530000 3463433.960000 3.002403 17.340000 5C4225714 10 -62 
1722324120818 1722324120837 19 329571.840000 3463434.070000 3.002403 17.500000 5C4225714 10 -62 
1722324120874 1722324120891 17 329570.800000 3463434.240000 3.002403 17.560000 5C4225714 10 -62 
1722324120929 1722324120945 16 329569.770000 3463434.410000 3.000221 17.720000 5C4225714 10 -62 
1722324120984 1722324121004 20 329569.060000 3463434.530000 3.000221 17.780000 5C4225714 10 -62 
1722324121039 1722324121056 17 329568.710000 3463434.580000 3.000221 17.840000 5C4225714 10 -62 
1722324121094 1722324121109 15 329567.650000 3463434.750000 3.000221 17.900000 5C4225714 10 -62 
1722324121150 1722324121167 17 329565.520000 3463435.100000 2.998912 18.080000 5C4225714 10 -62 
1722324121205 1722324121224 19 329564.810000 3463435.210000 2.998912 18.180000 5C4225714 10 -62 
1722324121260 1722324121279 19 329563.730000 3463435.380000 2.998912 18.280000 5C4225714 10 -62 
1722324121315 1722324121336 21 329562.820000 3463435.540000 3.000221 18.340000 5C4225714 10 -62 
1722324121370 1722324121392 22 329561.730000 3463435.710000 3.000221 18.380000 5C4225714 10 -62 
1722324121426 1722324121446 20 329561.190000 3463435.800000 3.000221 18.460000 5C4225714 10 -62 
1722324121481 1722324121499 18 329559.910000 3463436.000000 3.000657 18.560000 5C4225714 10 -62 
1722324121536 1722324121554 18 329559.000000 3463436.160000 3.000657 18.620000 5C4225714 10 -62 
1722324121591 1722324121607 16 329558.440000 3463436.240000 3.000657 18.720000 5C4225714 10 -62 
1722324121647 1722324121667 20 329557.700000 3463436.360000 3.000657 18.800000 5C4225714 10 -62 
1722324121702 1722324121719 17 329556.580000 3463436.540000 3.000657 18.900000 5C4225714 10 -62 
1722324121761 1722324121778 17 329554.530000 3463436.870000 3.001094 19.060000 5C4225714 10 -62 
1722324121816 1722324121833 17 329553.580000 3463437.020000 3.001094 19.140000 5C4225714 10 -62 
1722324121871 1722324121887 16 329552.830000 3463437.140000 3.001094 19.240000 5C4225714 10 -62 
1722324121926 1722324121942 16 329551.690000 3463437.330000 2.999348 19.360000 5C4225714 10 -62 
1722324121982 1722324121997 15 329550.930000 3463437.450000 2.999348 19.460000 5C4225714 10 -62 
1722324122037 1722324122056 19 329549.970000 3463437.610000 2.999348 19.560000 5C4225714 10 -62 
1722324122096 1722324122116 20 329548.620000 3463437.830000 2.998912 19.720000 5C4225714 10 -62 
1722324122155 1722324122175 20 329547.450000 3463438.030000 2.998912 19.840000 5C4225714 10 -62 
1722324122210 1722324122228 18 329546.070000 3463438.250000 2.998912 20.080000 5C4225714 10 -62 
1722324122265 1722324122282 17 329544.490000 3463438.510000 2.997821 20.140000 5C4225714 10 -62 
1722324122320 1722324122336 16 329543.900000 3463438.610000 2.997821 20.180000 5C4225714 10 -62 
1722324122376 1722324122391 15 329542.900000 3463438.770000 2.997821 20.280000 5C4225714 10 -62 
1722324122431 1722324122449 18 329542.090000 3463438.900000 2.997821 20.340000 5C4225714 10 -62 
1722324122486 1722324122503 17 329540.690000 3463439.140000 2.995203 20.360000 5C4225714 10 -62 
1722324122541 1722324122558 17 329539.880000 3463439.280000 2.995203 20.480000 5C4225714 10 -62 
1722324122595 1722324122610 15 329538.660000 3463439.480000 2.995203 20.540000 5C4225714 10 -62 
1722324122651 1722324122669 18 329538.060000 3463439.590000 2.995203 20.620000 5C4225714 10 -62 
1722324122706 1722324122723 17 329536.840000 3463439.790000 2.995203 20.660000 5C4225714 10 -62 
1722324122760 1722324122778 18 329535.420000 3463440.040000 2.993022 20.760000 5C4225714 10 -62 
1722324122816 1722324122832 16 329533.360000 3463440.390000 2.993022 20.940000 5C4225714 10 -62 
1722324122876 1722324122896 20 329532.320000 3463440.570000 2.990622 21.000000 5C4225714 10 -62 
1722324122932 1722324122949 17 329531.300000 3463440.750000 2.990622 21.120000 5C4225714 10 -62 
1722324122991 1722324123010 19 329530.040000 3463440.970000 2.990622 21.200000 5C4225714 7 -65 
1722324123046 1722324123064 18 329529.420000 3463441.070000 2.990622 21.320000 5C4225714 7 -65 
1722324123101 1722324123120 19 329528.150000 3463441.300000 2.988658 21.380000 5C4225714 7 -65 
1722324123157 1722324123176 19 329527.740000 3463441.380000 2.988658 21.500000 5C4225714 7 -65 
1722324123212 1722324123229 17 329526.250000 3463441.650000 2.988658 21.560000 5C4225714 7 -65 
1722324123267 1722324123283 16 329525.400000 3463441.790000 2.988658 21.700000 5C4225714 7 -65 
1722324123322 1722324123337 15 329522.830000 3463442.260000 2.982113 21.880000 5C4225714 7 -65 
1722324123376 1722324123393 17 329522.180000 3463442.380000 2.982113 21.940000 5C4225714 7 -65 
1722324123432 1722324123453 21 329520.890000 3463442.610000 2.982113 22.020000 5C4225714 7 -65 
1722324123487 1722324123504 17 329519.590000 3463442.850000 2.977750 22.120000 5C4225714 7 -65 
1722324123542 1722324123560 18 329518.280000 3463443.090000 2.977750 22.140000 5C4225714 7 -65 
1722324123597 1722324123613 16 329517.190000 3463443.300000 2.977750 22.160000 5C4225714 7 -65 
1722324123653 1722324123672 19 329516.100000 3463443.510000 2.977750 22.200000 5C4225714 7 -65 
1722324123708 1722324123727 19 329515.210000 3463443.670000 2.975350 22.160000 5C4225714 7 -65 
1722324123763 1722324123781 18 329514.120000 3463443.880000 2.975350 22.240000 5C4225714 7 -65 
1722324123818 1722324123836 18 329512.810000 3463444.130000 2.975350 22.200000 5C4225714 7 -65 
1722324123874 1722324123893 19 329511.930000 3463444.300000 2.975350 22.220000 5C4225714 7 -65 
1722324123929 1722324123949 20 329510.180000 3463444.630000 2.971859 22.240000 5C4225714 7 -65 
1722324123984 1722324124002 18 329508.860000 3463444.880000 2.971859 22.240000 5C4225714 7 -65 
1722324124044 1722324124063 19 329507.330000 3463445.180000 2.971859 22.260000 5C4225714 7 -65 
1722324124099 1722324124118 19 329506.220000 3463445.390000 2.970769 22.280000 5C4225714 7 -65 
1722324124154 1722324124182 28 329505.350000 3463445.560000 2.970769 22.280000 5C4225714 7 -65 
1722324124208 1722324124223 15 329504.250000 3463445.760000 2.970769 22.340000 5C4225714 7 -65 
1722324124264 1722324124283 19 329502.930000 3463446.020000 2.970769 22.340000 5C4225714 7 -65 
1722324124319 1722324124339 20 329501.830000 3463446.230000 2.970769 22.340000 5C4225714 7 -65 
1722324124374 1722324124393 19 329500.520000 3463446.490000 2.970769 22.340000 5C4225714 7 -65 
1722324124430 1722324124448 18 329499.850000 3463446.610000 2.970769 22.340000 5C4225714 7 -65 
1722324124485 1722324124501 16 329497.650000 3463447.030000 2.969023 22.320000 5C4225714 7 -65 
1722324124540 1722324124560 20 329496.560000 3463447.250000 2.969023 22.340000 5C4225714 7 -65 
1722324124595 1722324124610 15 329495.460000 3463447.460000 2.969023 22.340000 5C4225714 7 -65 
1722324124650 1722324124675 25 329494.140000 3463447.710000 2.969023 22.340000 5C4225714 7 -65 
1722324124706 1722324124721 15 329493.690000 3463447.800000 2.969023 22.340000 5C4225714 7 -65 
1722324124761 1722324124780 19 329491.940000 3463448.150000 2.970114 22.420000 5C4225714 7 -65 
1722324124816 1722324124835 19 329490.840000 3463448.350000 2.970114 22.360000 5C4225714 7 -65 
1722324124871 1722324124891 20 329489.520000 3463448.610000 2.970114 22.360000 5C4225714 7 -65 
1722324124927 1722324124945 18 329488.630000 3463448.780000 2.969896 22.360000 5C4225714 7 -65 
1722324124982 1722324125000 18 329487.320000 3463449.040000 2.969896 22.420000 5C4225714 7 -65 
1722324125037 1722324125054 17 329486.210000 3463449.250000 2.969896 22.420000 5C4225714 7 -65 
1722324125092 1722324125112 20 329484.000000 3463449.680000 2.969023 22.420000 5C4225714 7 -65 
1722324125152 1722324125170 18 329482.680000 3463449.940000 2.969023 22.440000 5C4225714 7 -65 
1722324125207 1722324125224 17 329481.790000 3463450.110000 2.969023 22.480000 5C4225714 7 -65 
1722324125262 1722324125279 17 329480.910000 3463450.290000 2.969023 22.440000 5C4225714 7 -65 
1722324125318 1722324125338 20 329479.810000 3463450.490000 2.966623 22.480000 5C4225714 7 -65 
1722324125373 1722324125392 19 329479.140000 3463450.630000 2.966623 22.460000 5C4225714 7 -65 
1722324125428 1722324125446 18 329477.600000 3463450.930000 2.966623 22.460000 5C4225714 7 -65 
1722324125483 1722324125499 16 329476.270000 3463451.180000 2.966623 22.460000 5C4225714 7 -65 
1722324125538 1722324125553 15 329475.160000 3463451.400000 2.967714 22.460000 5C4225714 7 -65 
1722324125593 1722324125612 19 329474.940000 3463451.450000 2.967714 22.500000 5C4225714 7 -65 
1722324125648 1722324125664 16 329471.620000 3463452.090000 2.967714 22.500000 5C4225714 7 -65 
1722324125703 1722324125730 27 329470.510000 3463452.310000 2.967278 22.500000 5C4225714 7 -65 
1722324125758 1722324125774 16 329469.400000 3463452.530000 2.967278 22.500000 5C4225714 7 -65 
1722324125814 1722324125832 18 329468.510000 3463452.710000 2.967278 22.540000 5C4225714 7 -65 
1722324125869 1722324125886 17 329466.960000 3463453.010000 2.966187 22.580000 5C4225714 7 -65 
1722324125924 1722324125940 16 329466.070000 3463453.180000 2.966187 22.560000 5C4225714 7 -65 
1722324125979 1722324125999 20 329464.740000 3463453.440000 2.966187 22.580000 5C4225714 7 -65 
1722324126034 1722324126051 17 329463.630000 3463453.660000 2.966187 22.540000 5C4225714 7 -65 
1722324126089 1722324126106 17 329463.190000 3463453.750000 2.966187 22.540000 5C4225714 7 -65 
1722324126145 1722324126162 17 329461.860000 3463454.000000 2.967278 22.580000 5C4225714 7 -65 
1722324126204 1722324126222 18 329459.410000 3463454.490000 2.967278 22.580000 5C4225714 7 -65 
1722324126259 1722324126276 17 329458.520000 3463454.650000 2.967278 22.580000 5C4225714 7 -65 
1722324126314 1722324126330 16 329457.190000 3463454.920000 2.966842 22.660000 5C4225714 7 -65 
1722324126369 1722324126389 20 329456.080000 3463455.140000 2.966842 22.620000 5C4225714 7 -65 
1722324126425 1722324126444 19 329454.960000 3463455.360000 2.966842 22.640000 5C4225714 7 -65 
1722324126480 1722324126497 17 329453.630000 3463455.620000 2.967278 22.640000 5C4225714 7 -65 
1722324126536 1722324126561 25 329452.520000 3463455.840000 2.967278 22.600000 5C4225714 7 -65 
1722324126591 1722324126610 19 329451.400000 3463456.060000 2.967278 22.620000 5C4225714 7 -65 
1722324126646 1722324126663 17 329450.510000 3463456.230000 2.967278 22.600000 5C4225714 7 -65 
1722324126701 1722324126720 19 329450.290000 3463456.270000 2.967278 22.680000 5C4225714 7 -65 
1722324126756 1722324126775 19 329447.840000 3463456.750000 2.965533 22.720000 5C4225714 7 -65 
1722324126812 1722324126829 17 329446.040000 3463457.100000 2.965533 22.680000 5C4225714 7 -65 
1722324126867 1722324126885 18 329445.150000 3463457.280000 2.965533 22.680000 5C4225714 7 -65 
1722324126923 1722324126943 20 329443.810000 3463457.540000 2.968151 22.700000 5C4225714 7 -65 
1722324126978 1722324127000 22 329442.480000 3463457.800000 2.968151 22.720000 5C4225714 7 -65 
1722324127033 1722324127048 15 329441.360000 3463458.030000 2.968151 22.760000 5C4225714 7 -65 
1722324127089 1722324127107 18 329440.240000 3463458.250000 2.966623 22.700000 5C4225714 7 -65 
1722324127144 1722324127160 16 329439.340000 3463458.420000 2.966623 22.760000 5C4225714 7 -65 
1722324127200 1722324127218 18 329437.780000 3463458.730000 2.966623 22.760000 5C4225714 7 -65 
1722324127261 1722324127277 16 329435.540000 3463459.160000 2.964442 22.760000 5C4225714 7 -65 
1722324127316 1722324127333 17 329434.650000 3463459.350000 2.964442 22.760000 5C4225714 7 -65 
1722324127371 1722324127389 18 329433.750000 3463459.530000 2.964442 22.760000 5C4225714 7 -65 
1722324127426 1722324127445 19 329432.850000 3463459.700000 2.964442 22.780000 5C4225714 7 -65 
1722324127482 1722324127499 17 329431.510000 3463459.970000 2.964442 22.780000 5C4225714 7 -65 
1722324127537 1722324127555 18 329430.390000 3463460.190000 2.964442 22.780000 5C4225714 7 -65 
1722324127593 1722324127610 17 329429.050000 3463460.460000 2.964442 22.820000 5C4225714 7 -65 
1722324127648 1722324127668 20 329427.930000 3463460.690000 2.964442 22.840000 5C4225714 7 -65 
1722324127703 1722324127723 20 329426.800000 3463460.900000 2.962478 22.840000 5C4225714 7 -65 
1722324127758 1722324127774 16 329425.460000 3463461.180000 2.962478 22.840000 5C4225714 7 -65 
1722324127813 1722324127830 17 329424.330000 3463461.400000 2.962478 22.840000 5C4225714 7 -65 
1722324127868 1722324127884 16 329423.210000 3463461.630000 2.962478 22.840000 5C4225714 7 -65 
1722324127924 1722324127943 19 329420.730000 3463462.120000 2.961606 22.860000 5C4225714 7 -65 
1722324127979 1722324127998 19 329420.060000 3463462.250000 2.961606 22.840000 5C4225714 7 -65 
1722324128034 1722324128051 17 329418.480000 3463462.580000 2.961606 22.840000 5C4225714 7 -65 
1722324128090 1722324128105 15 329417.360000 3463462.800000 2.961824 22.840000 5C4225714 7 -65 
1722324128145 1722324128165 20 329416.240000 3463463.030000 2.961824 22.840000 5C4225714 7 -65 
1722324128200 1722324128220 20 329415.110000 3463463.260000 2.961824 22.840000 5C4225714 7 -65 
1722324128255 1722324128271 16 329414.220000 3463463.440000 2.961824 22.840000 5C4225714 7 -65 
1722324128311 1722324128331 20 329413.770000 3463463.530000 2.961824 22.860000 5C4225714 7 -65 
1722324128369 1722324128386 17 329412.200000 3463463.850000 2.959642 22.840000 5C4225714 7 -65 
1722324128424 1722324128440 16 329410.850000 3463464.120000 2.959642 22.840000 5C4225714 7 -65 
1722324128479 1722324128496 17 329408.830000 3463464.530000 2.959424 22.840000 5C4225714 7 -65 
1722324128535 1722324128555 20 329407.250000 3463464.860000 2.959424 22.820000 5C4225714 7 -65 
1722324128590 1722324128610 20 329406.130000 3463465.090000 2.959424 22.840000 5C4225714 7 -65 
1722324128644 1722324128664 20 329405.020000 3463465.320000 2.959424 22.800000 5C4225714 7 -65 
1722324128701 1722324128717 16 329404.110000 3463465.490000 2.960078 22.800000 5C4225714 7 -65 
1722324128756 1722324128776 20 329402.550000 3463465.810000 2.960078 22.800000 5C4225714 7 -65 
1722324128811 1722324128831 20 329401.430000 3463466.030000 2.960078 22.800000 5C4225714 7 -65 
1722324128870 1722324128889 19 329400.530000 3463466.210000 2.960078 22.820000 5C4225714 7 -65 
1722324128929 1722324128949 20 329399.190000 3463466.470000 2.962478 22.760000 5C4225714 7 -65 
1722324128984 1722324129000 16 329397.390000 3463466.830000 2.962478 22.760000 5C4225714 7 -65 
1722324129039 1722324129059 20 329396.270000 3463467.040000 2.962478 22.760000 5C4225714 7 -65 
1722324129094 1722324129110 16 329394.930000 3463467.300000 2.967278 22.760000 5C4225714 7 -65 
1722324129149 1722324129166 17 329393.810000 3463467.520000 2.967278 22.740000 5C4225714 7 -65 
1722324129204 1722324129220 16 329392.690000 3463467.720000 2.967278 22.740000 5C4225714 7 -65 
1722324129259 1722324129279 20 329391.570000 3463467.940000 2.967278 22.740000 5C4225714 7 -65 
1722324129314 1722324129333 19 329390.220000 3463468.180000 2.972296 22.720000 5C4225714 7 -65 
1722324129370 1722324129388 18 329389.100000 3463468.390000 2.972296 22.680000 5C4225714 7 -65 
1722324129425 1722324129442 17 329388.200000 3463468.560000 2.972296 22.700000 5C4225714 7 -65 
1722324129480 1722324129496 16 329386.860000 3463468.800000 2.972296 22.700000 5C4225714 7 -65 
1722324129536 1722324129555 19 329385.510000 3463469.040000 2.979932 22.720000 5C4225714 7 -65 
1722324129591 1722324129609 18 329383.270000 3463469.420000 2.979932 22.720000 5C4225714 7 -65 
1722324129646 1722324129662 16 329382.150000 3463469.600000 2.979932 22.720000 5C4225714 7 -65 
1722324129701 1722324129718 17 329381.030000 3463469.790000 2.993458 22.720000 5C4225714 7 -65 
1722324129756 1722324129776 20 329380.800000 3463469.820000 2.993458 22.760000 5C4225714 7 -65 
1722324129811 1722324129833 22 329379.220000 3463470.070000 2.993458 22.680000 5C4225714 7 -65 
1722324129866 1722324129886 20 329377.870000 3463470.280000 2.993458 22.700000 5C4225714 7 -65 
1722324129920 1722324129939 19 329376.980000 3463470.420000 3.003493 22.620000 5C4225714 7 -65 
1722324129976 1722324129992 16 329375.630000 3463470.620000 3.003493 22.620000 5C4225714 7 -65 
1722324130031 1722324130051 20 329375.630000 3463470.620000 3.003493 22.580000 5C4225714 7 -65 
1722324130086 1722324130104 18 329374.060000 3463470.840000 3.003493 22.620000 5C4225714 7 -65 
1722324130141 1722324130158 17 329372.490000 3463471.070000 3.016365 22.580000 5C4225714 7 -65 
1722324130196 1722324130212 16 329369.800000 3463471.430000 3.016365 22.600000 5C4225714 7 -65 
1722324130251 1722324130267 16 329368.680000 3463471.570000 3.016365 22.580000 5C4225714 7 -65 
1722324130307 1722324130325 18 329367.550000 3463471.710000 3.030110 22.600000 5C4225714 7 -65 
1722324130362 1722324130378 16 329366.210000 3463471.880000 3.030110 22.500000 5C4225714 7 -65 
1722324130417 1722324130434 17 329365.300000 3463471.980000 3.030110 22.520000 5C4225714 7 -65 
1722324130472 1722324130489 17 329364.190000 3463472.110000 3.030110 22.480000 5C4225714 7 -65 
1722324130541 1722324130560 19 329363.070000 3463472.240000 3.040800 22.500000 5C4225714 7 -65 
1722324130596 1722324130614 18 329361.720000 3463472.380000 3.040800 22.460000 5C4225714 7 -65 
1722324130651 1722324130669 18 329359.930000 3463472.570000 3.040800 22.460000 5C4225714 7 -65 
1722324130706 1722324130725 19 329358.580000 3463472.700000 3.054981 22.420000 5C4225714 7 -65 
1722324130762 1722324130787 25 329357.690000 3463472.790000 3.054981 22.420000 5C4225714 7 -65 
1722324130818 1722324130841 23 329356.580000 3463472.890000 3.054981 22.420000 5C4225714 7 -65 
1722324130873 1722324130890 17 329355.240000 3463473.010000 3.054981 22.400000 5C4225714 7 -65 
1722324130928 1722324130945 17 329354.110000 3463473.110000 3.066762 22.360000 5C4225714 7 -65 
1722324130984 1722324131004 20 329352.770000 3463473.220000 3.066762 22.280000 5C4225714 7 -65 
1722324131039 1722324131063 24 329352.110000 3463473.270000 3.066762 22.260000 5C4225714 7 -65 
1722324131094 1722324131112 18 329350.550000 3463473.390000 3.082251 22.280000 5C4225714 7 -65 
1722324131150 1722324131167 17 329349.650000 3463473.450000 3.082251 22.220000 5C4225714 7 -65 
1722324131205 1722324131233 28 329346.990000 3463473.620000 3.082251 22.140000 5C4225714 7 -65 
1722324131260 1722324131277 17 329346.320000 3463473.650000 3.082251 22.100000 5C4225714 7 -65 
1722324131315 1722324131334 19 329345.440000 3463473.710000 3.095560 22.060000 5C4225714 7 -65 
1722324131370 1722324131388 18 329343.890000 3463473.790000 3.095560 22.060000 5C4225714 7 -65 
1722324131426 1722324131444 18 329342.780000 3463473.850000 3.095560 22.040000 5C4225714 7 -65 
1722324131481 1722324131499 18 329341.900000 3463473.880000 3.095560 22.000000 5C4225714 7 -65 
1722324131536 1722324131553 17 329341.240000 3463473.910000 3.109522 22.000000 5C4225714 7 -65 
1722324131592 1722324131612 20 329339.690000 3463473.980000 3.109522 21.960000 5C4225714 7 -65 
1722324131651 1722324131671 20 329338.600000 3463474.020000 3.109522 21.880000 5C4225714 7 -65 
1722324131706 1722324131721 15 329337.720000 3463474.050000 3.109522 21.840000 5C4225714 7 -65 
1722324131762 1722324131787 25 329335.100000 3463474.130000 3.121740 21.740000 5C4225714 7 -65 
1722324131817 1722324131838 21 329334.000000 3463474.140000 3.121740 21.740000 5C4225714 7 -65 
1722324131872 1722324131889 17 329333.130000 3463474.160000 3.121740 21.680000 5C4225714 7 -65 
1722324131927 1722324131947 20 329331.600000 3463474.180000 3.138756 21.720000 5C4225714 7 -65 
1722324131983 1722324132001 18 329330.520000 3463474.200000 3.138756 21.640000 5C4225714 7 -65 
1722324132040 1722324132055 15 329329.430000 3463474.210000 3.138756 21.600000 5C4225714 7 -65 
1722324132096 1722324132116 20 329328.350000 3463474.210000 -3.132648 21.580000 5C4225714 7 -65 
1722324132151 1722324132169 18 329327.910000 3463474.210000 -3.132648 21.540000 5C4225714 7 -65 
1722324132207 1722324132227 20 329326.610000 3463474.210000 -3.132648 21.520000 5C4225714 7 -65 
1722324132262 1722324132280 18 329325.540000 3463474.200000 -3.132648 21.460000 5C4225714 7 -65 
1722324132317 1722324132334 17 329323.170000 3463474.180000 -3.119776 21.380000 5C4225714 7 -65 
1722324132372 1722324132389 17 329322.090000 3463474.160000 -3.119776 21.380000 5C4225714 7 -65 
1722324132427 1722324132448 21 329321.020000 3463474.140000 -3.119776 21.300000 5C4225714 7 -65 
1722324132483 1722324132503 20 329319.960000 3463474.120000 -3.107995 21.300000 5C4225714 7 -65 
1722324132538 1722324132556 18 329319.100000 3463474.100000 -3.107995 21.240000 5C4225714 7 -65 
1722324132594 1722324132610 16 329317.600000 3463474.060000 -3.107995 21.260000 5C4225714 7 -65 
1722324132649 1722324132668 19 329316.750000 3463474.020000 -3.107995 21.180000 5C4225714 7 -65 
1722324132704 1722324132721 17 329315.700000 3463473.990000 -3.090760 21.140000 5C4225714 7 -65 
1722324132760 1722324132777 17 329314.420000 3463473.940000 -3.090760 21.100000 5C4225714 7 -65 
1722324132815 1722324132834 19 329313.360000 3463473.890000 -3.090760 21.100000 5C4225714 7 -65 
1722324132870 1722324132895 25 329311.470000 3463473.800000 -3.078761 21.040000 5C4225714 7 -65 
1722324132926 1722324132943 17 329309.990000 3463473.710000 -3.078761 20.960000 5C4225714 7 -65 
1722324132981 1722324132998 17 329308.940000 3463473.650000 -3.078761 20.940000 5C4225714 7 -65 
1722324133036 1722324133053 17 329307.900000 3463473.590000 -3.078761 20.820000 5C4225714 7 -65 
1722324133091 1722324133108 17 329306.850000 3463473.520000 -3.063926 20.860000 5C4225714 7 -65 
1722324133146 1722324133163 17 329305.810000 3463473.440000 -3.063926 20.800000 5C4225714 7 -65 
1722324133202 1722324133217 15 329304.770000 3463473.370000 -3.063926 20.720000 5C4225714 7 -65 
1722324133257 1722324133283 26 329304.160000 3463473.310000 -3.063926 20.700000 5C4225714 7 -65 
1722324133312 1722324133327 15 329303.330000 3463473.240000 -3.063926 20.600000 5C4225714 7 -65 
1722324133368 1722324133389 21 329302.090000 3463473.140000 -3.046690 20.540000 5C4225714 7 -65 
1722324133423 1722324133442 19 329300.050000 3463472.940000 -3.046690 20.440000 5C4225714 7 -65 
1722324133478 1722324133496 18 329298.810000 3463472.820000 -3.029455 20.380000 5C4225714 7 -65 
1722324133534 1722324133555 21 329297.790000 3463472.700000 -3.029455 20.340000 5C4225714 7 -65 
1722324133589 1722324133609 20 329296.780000 3463472.600000 -3.029455 20.340000 5C4225714 7 -65 
1722324133645 1722324133664 19 329295.770000 3463472.470000 -3.029455 20.300000 5C4225714 7 -65 
1722324133700 1722324133719 19 329294.760000 3463472.350000 -3.010038 20.260000 5C4225714 7 -65 
1722324133755 1722324133771 16 329293.950000 3463472.240000 -3.010038 20.180000 5C4225714 7 -65 
1722324133814 1722324133830 16 329293.150000 3463472.140000 -3.010038 20.140000 5C4225714 7 -65 
1722324133869 1722324133885 16 329291.550000 3463471.920000 -3.010038 20.080000 5C4225714 7 -65 
1722324133924 1722324133940 16 329290.950000 3463471.830000 -2.990404 20.020000 5C4225714 7 -65 
1722324133979 1722324133996 17 329288.580000 3463471.470000 -2.990404 19.940000 5C4225714 7 -65 
1722324134035 1722324134053 18 329287.390000 3463471.280000 -2.990404 19.880000 5C4225714 7 -65 
1722324134090 1722324134109 19 329286.410000 3463471.100000 -2.969023 19.840000 5C4225714 7 -65 
1722324134145 1722324134161 16 329285.430000 3463470.940000 -2.969023 19.760000 5C4225714 7 -65 
1722324134200 1722324134216 16 329284.850000 3463470.830000 -2.969023 19.740000 5C4225714 7 -65 
1722324134255 1722324134274 19 329283.500000 3463470.580000 -2.969023 19.580000 5C4225714 7 -65 
1722324134310 1722324134325 15 329282.720000 3463470.440000 -2.949606 19.480000 5C4225714 7 -65 
1722324134365 1722324134391 26 329282.720000 3463470.440000 -2.949606 19.320000 5C4225714 7 -65 
1722324134421 1722324134443 22 329281.000000 3463470.090000 -2.949606 19.240000 5C4225714 7 -65 
1722324134476 1722324134493 17 329280.050000 3463469.910000 -2.949606 19.020000 5C4225714 7 -65 
1722324134531 1722324134550 19 329279.300000 3463469.750000 -2.929317 19.000000 5C4225714 7 -65 
1722324134586 1722324134606 20 329277.070000 3463469.270000 -2.929317 18.760000 5C4225714 7 -65 
1722324134641 1722324134660 19 329276.150000 3463469.060000 -2.929317 18.620000 5C4225714 7 -65 
1722324134697 1722324134723 26 329275.420000 3463468.900000 -2.912955 18.440000 5C4225714 7 -65 
1722324134752 1722324134772 20 329274.340000 3463468.650000 -2.912955 18.280000 5C4225714 7 -65 
1722324134807 1722324134832 25 329273.630000 3463468.480000 -2.912955 18.120000 5C4225714 7 -65 
1722324134868 1722324134887 19 329273.100000 3463468.350000 -2.912955 18.000000 5C4225714 7 -65 
1722324134923 1722324134941 18 329271.690000 3463468.000000 -2.894192 17.840000 5C4225714 7 -65 
1722324134978 1722324134995 17 329271.000000 3463467.830000 -2.894192 17.720000 5C4225714 7 -65 
1722324135034 1722324135054 20 329269.800000 3463467.530000 -2.894192 17.460000 5C4225714 7 -65 
