pub_time(ms) sub_time(ms) delay(ms) utmX(m) utmY(m) heading(rad) velocity(m/s) cellid(db) sinr(db) rsrp(db)
1721811120244 1721811120276 32 329234.820000 3463453.540000 0.559596 2.120000 5C4225714 9 -61 
1721811120298 1721811120318 20 329234.940000 3463453.600000 0.559596 2.260000 5C4225714 9 -61 
1721811120353 1721811120374 21 329235.030000 3463453.640000 0.554578 2.460000 5C4225714 9 -61 
1721811120407 1721811120424 17 329235.160000 3463453.720000 0.554578 2.560000 5C4225714 9 -61 
1721811120462 1721811120479 17 329235.320000 3463453.790000 0.554578 2.780000 5C4225714 9 -61 
1721811120516 1721811120534 18 329235.420000 3463453.850000 0.554578 2.940000 5C4225714 9 -61 
1721811120575 1721811120593 18 329235.670000 3463453.980000 0.541707 3.260000 5C4225714 9 -61 
1721811120661 1721811120686 25 329235.790000 3463454.030000 0.541707 3.360000 5C4225714 9 -61 
1721811120729 1721811120752 23 329236.010000 3463454.140000 0.541707 3.560000 5C4225714 9 -61 
1721811120783 1721811120807 24 329236.380000 3463454.320000 0.527962 3.840000 5C4225714 9 -61 
1721811120837 1721811120857 20 329236.560000 3463454.410000 0.527962 4.000000 5C4225714 9 -61 
1721811120892 1721811120916 24 329236.790000 3463454.510000 0.527962 4.180000 5C4225714 9 -61 
1721811120947 1721811120966 19 329236.980000 3463454.610000 0.514872 4.300000 5C4225714 9 -61 
1721811121001 1721811121021 20 329237.060000 3463454.650000 0.514872 4.520000 5C4225714 9 -61 
1721811121055 1721811121075 20 329237.300000 3463454.770000 0.514872 4.640000 5C4225714 9 -61 
1721811121110 1721811121130 20 329237.570000 3463454.890000 0.514872 4.760000 5C4225714 9 -61 
1721811121165 1721811121184 19 329237.790000 3463454.990000 0.497637 4.980000 5C4225714 9 -61 
1721811121219 1721811121238 19 329238.020000 3463455.100000 0.497637 5.080000 5C4225714 9 -61 
1721811121274 1721811121293 19 329238.260000 3463455.210000 0.497637 5.300000 5C4225714 9 -61 
1721811121328 1721811121346 18 329238.460000 3463455.310000 0.497637 5.500000 5C4225714 9 -61 
1721811121383 1721811121401 18 329238.820000 3463455.470000 0.481929 5.680000 5C4225714 9 -61 
1721811121437 1721811121456 19 329239.300000 3463455.680000 0.481929 6.000000 5C4225714 9 -61 
1721811121492 1721811121512 20 329239.520000 3463455.780000 0.481929 6.140000 5C4225714 9 -61 
1721811121546 1721811121567 21 329239.860000 3463455.930000 0.466657 6.340000 5C4225714 9 -61 
1721811121601 1721811121621 20 329240.100000 3463456.020000 0.466657 6.420000 5C4225714 9 -61 
1721811121655 1721811121672 17 329240.510000 3463456.200000 0.466657 6.620000 5C4225714 9 -61 
1721811121710 1721811121726 16 329240.880000 3463456.360000 0.466657 6.760000 5C4225714 9 -61 
1721811121764 1721811121781 17 329241.130000 3463456.470000 0.449640 7.040000 5C4225714 9 -61 
1721811121819 1721811121836 17 329241.400000 3463456.590000 0.449640 7.140000 5C4225714 9 -61 
1721811121873 1721811121891 18 329241.730000 3463456.720000 0.449640 7.280000 5C4225714 9 -61 
1721811121927 1721811121953 26 329242.140000 3463456.890000 0.449640 7.440000 5C4225714 9 -61 
1721811121982 1721811122004 22 329242.480000 3463457.030000 0.433932 7.620000 5C4225714 9 -61 
1721811122036 1721811122054 18 329242.850000 3463457.160000 0.433932 7.760000 5C4225714 9 -61 
1721811122091 1721811122109 18 329243.290000 3463457.330000 0.433932 7.980000 5C4225714 9 -61 
1721811122145 1721811122163 18 329243.890000 3463457.570000 0.412989 8.420000 5C4225714 9 -61 
1721811122200 1721811122218 18 329244.270000 3463457.720000 0.412989 8.560000 5C4225714 9 -61 
1721811122255 1721811122272 17 329244.750000 3463457.900000 0.412989 8.620000 5C4225714 9 -61 
1721811122309 1721811122327 18 329245.160000 3463458.040000 0.412989 8.760000 5C4225714 9 -61 
1721811122364 1721811122382 18 329245.650000 3463458.230000 0.396190 8.900000 5C4225714 9 -61 
1721811122418 1721811122436 18 329246.090000 3463458.370000 0.396190 9.000000 5C4225714 9 -61 
1721811122472 1721811122499 27 329246.340000 3463458.460000 0.396190 9.260000 5C4225714 9 -61 
1721811122527 1721811122543 16 329247.050000 3463458.700000 0.371973 9.460000 5C4225714 9 -61 
1721811122581 1721811122598 17 329247.500000 3463458.850000 0.371973 9.780000 5C4225714 9 -61 
1721811122636 1721811122652 16 329247.870000 3463458.980000 0.371973 9.940000 5C4225714 9 -61 
1721811122690 1721811122706 16 329248.240000 3463459.090000 0.371973 10.000000 5C4225714 9 -61 
1721811122745 1721811122761 16 329248.720000 3463459.250000 0.371973 10.100000 5C4225714 9 -61 
1721811122799 1721811122816 17 329249.290000 3463459.440000 0.354738 10.240000 5C4225714 9 -61 
1721811122858 1721811122875 17 329250.280000 3463459.760000 0.354738 10.580000 5C4225714 9 -61 
1721811122916 1721811122934 18 329250.890000 3463459.940000 0.332703 10.820000 5C4225714 9 -61 
1721811122971 1721811122989 18 329251.410000 3463460.110000 0.332703 10.920000 5C4225714 9 -61 
1721811123025 1721811123047 22 329251.830000 3463460.230000 0.332703 11.100000 5C4225714 9 -61 
1721811123080 1721811123099 19 329252.150000 3463460.320000 0.332703 11.240000 5C4225714 9 -61 
1721811123134 1721811123153 19 329252.690000 3463460.470000 0.332703 11.460000 5C4225714 9 -61 
1721811123188 1721811123215 27 329253.460000 3463460.710000 0.313941 11.660000 5C4225714 9 -61 
1721811123243 1721811123271 28 329253.900000 3463460.830000 0.313941 11.760000 5C4225714 9 -61 
1721811123297 1721811123315 18 329254.700000 3463461.050000 0.313941 11.940000 5C4225714 9 -61 
1721811123352 1721811123371 19 329255.040000 3463461.150000 0.313941 12.120000 5C4225714 9 -61 
1721811123406 1721811123426 20 329256.560000 3463461.560000 0.298015 12.360000 5C4225714 9 -61 
1721811123460 1721811123481 21 329257.050000 3463461.690000 0.298015 12.620000 5C4225714 9 -61 
1721811123514 1721811123546 32 329257.780000 3463461.890000 0.281653 12.720000 5C4225714 9 -61 
1721811123572 1721811123592 20 329258.030000 3463461.950000 0.281653 12.880000 5C4225714 9 -61 
1721811123627 1721811123648 21 329258.770000 3463462.150000 0.281653 13.000000 5C4225714 9 -61 
1721811123681 1721811123702 21 329259.280000 3463462.270000 0.281653 13.200000 5C4225714 9 -61 
1721811123736 1721811123757 21 329260.180000 3463462.500000 0.271835 13.320000 5C4225714 9 -61 
1721811123791 1721811123807 16 329260.820000 3463462.670000 0.271835 13.580000 5C4225714 9 -61 
1721811123845 1721811123861 16 329261.610000 3463462.870000 0.271835 13.640000 5C4225714 9 -61 
1721811123899 1721811123915 16 329262.140000 3463462.990000 0.271835 13.820000 5C4225714 9 -61 
1721811123964 1721811123986 22 329263.630000 3463463.360000 0.259181 14.100000 5C4225714 9 -61 
1721811124019 1721811124034 15 329264.180000 3463463.490000 0.259181 14.240000 5C4225714 9 -61 
1721811124073 1721811124090 17 329265.160000 3463463.720000 0.259181 14.380000 5C4225714 9 -61 
1721811124127 1721811124147 20 329265.580000 3463463.820000 0.247182 14.560000 5C4225714 9 -61 
1721811124181 1721811124201 20 329266.290000 3463463.990000 0.247182 14.660000 5C4225714 9 -61 
1721811124235 1721811124252 17 329267.150000 3463464.190000 0.247182 14.800000 5C4225714 9 -61 
1721811124290 1721811124307 17 329267.870000 3463464.350000 0.247182 14.920000 5C4225714 9 -61 
1721811124344 1721811124362 18 329268.460000 3463464.480000 0.240419 15.020000 5C4225714 9 -61 
1721811124399 1721811124419 20 329269.490000 3463464.710000 0.240419 15.200000 5C4225714 9 -61 
1721811124453 1721811124482 29 329270.080000 3463464.840000 0.240419 15.320000 5C4225714 9 -61 
1721811124508 1721811124532 24 329270.980000 3463465.030000 0.240419 15.380000 5C4225714 9 -61 
1721811124562 1721811124589 27 329271.290000 3463465.110000 0.240419 15.560000 5C4225714 9 -61 
1721811124617 1721811124640 23 329271.890000 3463465.240000 0.228856 15.680000 5C4225714 9 -61 
1721811124671 1721811124698 27 329272.970000 3463465.460000 0.228856 15.800000 5C4225714 9 -61 
1721811124726 1721811124751 25 329274.680000 3463465.820000 0.218166 16.060000 5C4225714 9 -61 
1721811124781 1721811124801 20 329275.620000 3463466.010000 0.218166 16.140000 5C4225714 9 -61 
1721811124835 1721811124856 21 329276.420000 3463466.160000 0.218166 16.260000 5C4225714 9 -61 
1721811124890 1721811124910 20 329277.210000 3463466.320000 0.218166 16.340000 5C4225714 9 -61 
1721811124944 1721811124965 21 329278.170000 3463466.510000 0.209658 16.480000 5C4225714 9 -61 
1721811124999 1721811125020 21 329278.820000 3463466.640000 0.209658 16.540000 5C4225714 9 -61 
1721811125058 1721811125074 16 329279.480000 3463466.760000 0.209658 16.680000 5C4225714 9 -61 
1721811125112 1721811125129 17 329279.970000 3463466.860000 0.209658 16.780000 5C4225714 9 -61 
1721811125166 1721811125190 24 329281.300000 3463467.110000 0.198313 16.920000 5C4225714 9 -61 
1721811125221 1721811125240 19 329282.800000 3463467.380000 0.198313 17.080000 5C4225714 9 -61 
1721811125275 1721811125295 20 329283.810000 3463467.550000 0.198313 17.220000 5C4225714 9 -61 
1721811125330 1721811125351 21 329284.830000 3463467.740000 0.187623 17.280000 5C4225714 9 -61 
1721811125385 1721811125400 15 329285.680000 3463467.880000 0.187623 17.460000 5C4225714 9 -61 
1721811125439 1721811125460 21 329286.370000 3463468.000000 0.187623 17.520000 5C4225714 9 -61 
1721811125493 1721811125510 17 329286.890000 3463468.080000 0.187623 17.600000 5C4225714 9 -61 
1721811125548 1721811125567 19 329287.930000 3463468.250000 0.180205 17.700000 5C4225714 9 -61 
1721811125603 1721811125623 20 329288.970000 3463468.410000 0.180205 17.760000 5C4225714 9 -61 
1721811125657 1721811125679 22 329289.850000 3463468.550000 0.180205 17.900000 5C4225714 9 -61 
1721811125711 1721811125728 17 329290.570000 3463468.650000 0.180205 17.960000 5C4225714 9 -61 
1721811125771 1721811125787 16 329291.810000 3463468.830000 0.164279 18.120000 5C4225714 9 -61 
1721811125829 1721811125846 17 329293.420000 3463469.050000 0.164279 18.300000 5C4225714 9 -61 
1721811125882 1721811125903 21 329294.690000 3463469.220000 0.146389 18.380000 5C4225714 9 -61 
1721811125937 1721811125954 17 329295.610000 3463469.320000 0.146389 18.460000 5C4225714 9 -61 
1721811125992 1721811126018 26 329296.330000 3463469.410000 0.146389 18.560000 5C4225714 9 -61 
1721811126046 1721811126070 24 329296.880000 3463469.470000 0.146389 18.620000 5C4225714 9 -61 
1721811126105 1721811126123 18 329297.810000 3463469.560000 0.146389 18.720000 5C4225714 9 -61 
1721811126159 1721811126178 19 329298.740000 3463469.660000 0.121955 18.820000 5C4225714 9 -61 
1721811126213 1721811126232 19 329299.860000 3463469.760000 0.121955 18.940000 5C4225714 9 -61 
1721811126268 1721811126287 19 329300.610000 3463469.830000 0.121955 19.040000 5C4225714 9 -61 
1721811126322 1721811126343 21 329301.940000 3463469.930000 0.121955 19.080000 5C4225714 9 -61 
1721811126377 1721811126392 15 329303.080000 3463470.010000 0.094902 19.180000 5C4225714 9 -61 
1721811126431 1721811126451 20 329304.810000 3463470.120000 0.094902 19.380000 5C4225714 9 -61 
1721811126486 1721811126505 19 329305.380000 3463470.150000 0.094902 19.440000 5C4225714 9 -61 
1721811126540 1721811126559 19 329306.540000 3463470.200000 0.068068 19.560000 5C4225714 9 -61 
1721811126595 1721811126614 19 329307.710000 3463470.250000 0.068068 19.620000 5C4225714 9 -61 
1721811126649 1721811126669 20 329308.500000 3463470.280000 0.068068 19.700000 5C4225714 9 -61 
1721811126704 1721811126723 19 329309.680000 3463470.300000 0.068068 19.720000 5C4225714 9 -61 
1721811126759 1721811126784 25 329310.660000 3463470.330000 0.044070 19.840000 5C4225714 9 -61 
1721811126814 1721811126832 18 329311.850000 3463470.350000 0.044070 19.920000 5C4225714 9 -61 
1721811126869 1721811126889 20 329312.650000 3463470.350000 0.044070 20.080000 5C4225714 9 -61 
1721811126923 1721811126944 21 329314.050000 3463470.350000 0.016799 20.120000 5C4225714 9 -61 
1721811126978 1721811126999 21 329314.660000 3463470.360000 0.016799 20.200000 5C4225714 9 -61 
1721811127032 1721811127053 21 329315.870000 3463470.350000 0.016799 20.260000 5C4225714 9 -61 
1721811127086 1721811127107 21 329316.470000 3463470.340000 0.016799 20.340000 5C4225714 9 -61 
1721811127140 1721811127162 22 329318.910000 3463470.300000 -0.002618 20.520000 5C4225714 9 -61 
1721811127195 1721811127211 16 329319.940000 3463470.260000 -0.002618 20.620000 5C4225714 9 -61 
1721811127249 1721811127271 22 329320.970000 3463470.230000 -0.002618 20.680000 5C4225714 9 -61 
1721811127303 1721811127319 16 329321.790000 3463470.190000 -0.002618 20.760000 5C4225714 9 -61 
1721811127358 1721811127373 15 329323.240000 3463470.130000 -0.023780 20.800000 5C4225714 9 -61 
1721811127412 1721811127432 20 329324.280000 3463470.070000 -0.023780 20.960000 5C4225714 9 -61 
1721811127467 1721811127494 27 329325.330000 3463470.000000 -0.023780 21.020000 5C4225714 9 -61 
1721811127521 1721811127538 17 329326.580000 3463469.930000 -0.049087 21.060000 5C4225714 9 -61 
1721811127575 1721811127593 18 329327.210000 3463469.880000 -0.049087 21.160000 5C4225714 9 -61 
1721811127630 1721811127648 18 329328.470000 3463469.790000 -0.049087 21.200000 5C4225714 9 -61 
1721811127684 1721811127703 19 329329.320000 3463469.720000 -0.049087 21.280000 5C4225714 9 -61 
1721811127739 1721811127757 18 329330.380000 3463469.620000 -0.072213 21.320000 5C4225714 9 -61 
1721811127793 1721811127811 18 329331.440000 3463469.530000 -0.072213 21.440000 5C4225714 9 -61 
1721811127848 1721811127872 24 329333.790000 3463469.280000 -0.072213 21.580000 5C4225714 9 -61 
1721811127903 1721811127922 19 329334.640000 3463469.190000 -0.094902 21.640000 5C4225714 9 -61 
1721811127957 1721811127977 20 329336.160000 3463469.010000 -0.094902 21.720000 5C4225714 9 -61 
1721811128012 1721811128033 21 329337.230000 3463468.880000 -0.094902 21.760000 5C4225714 9 -61 
1721811128066 1721811128088 22 329338.310000 3463468.740000 -0.094902 21.820000 5C4225714 9 -61 
1721811128121 1721811128142 21 329338.740000 3463468.680000 -0.094902 21.820000 5C4225714 9 -61 
1721811128176 1721811128197 21 329339.820000 3463468.540000 -0.116064 21.800000 5C4225714 9 -61 
1721811128231 1721811128254 23 329341.340000 3463468.320000 -0.116064 21.800000 5C4225714 9 -61 
1721811128289 1721811128308 19 329341.560000 3463468.290000 -0.116064 21.820000 5C4225714 9 -61 
1721811128343 1721811128362 19 329343.510000 3463468.000000 -0.133081 21.820000 5C4225714 9 -61 
1721811128398 1721811128418 20 329343.940000 3463467.940000 -0.133081 21.820000 5C4225714 9 -61 
1721811128452 1721811128473 21 329345.880000 3463467.630000 -0.133081 21.860000 5C4225714 9 -61 
1721811128507 1721811128527 20 329348.050000 3463467.270000 -0.151844 21.880000 5C4225714 9 -61 
1721811128562 1721811128578 16 329349.350000 3463467.050000 -0.151844 21.860000 5C4225714 9 -61 
1721811128619 1721811128652 33 329350.210000 3463466.890000 -0.151844 21.840000 5C4225714 9 -61 
1721811128678 1721811128694 16 329351.500000 3463466.660000 -0.151844 21.820000 5C4225714 9 -61 
1721811128732 1721811128751 19 329351.930000 3463466.590000 -0.163625 21.820000 5C4225714 9 -61 
1721811128786 1721811128805 19 329353.220000 3463466.350000 -0.163625 21.820000 5C4225714 9 -61 
1721811128841 1721811128860 19 329354.310000 3463466.150000 -0.163625 21.840000 5C4225714 9 -61 
1721811128895 1721811128922 27 329355.600000 3463465.900000 -0.163625 21.840000 5C4225714 9 -61 
1721811128950 1721811128969 19 329356.670000 3463465.690000 -0.178678 21.820000 5C4225714 9 -61 
1721811129004 1721811129024 20 329357.740000 3463465.470000 -0.178678 21.820000 5C4225714 9 -61 
1721811129059 1721811129079 20 329358.810000 3463465.260000 -0.178678 21.800000 5C4225714 9 -61 
1721811129114 1721811129133 19 329359.890000 3463465.040000 -0.178678 21.820000 5C4225714 9 -61 
1721811129168 1721811129187 19 329362.460000 3463464.500000 -0.191986 21.820000 5C4225714 9 -61 
1721811129222 1721811129241 19 329363.310000 3463464.320000 -0.191986 21.820000 5C4225714 9 -61 
1721811129277 1721811129295 18 329364.590000 3463464.030000 -0.191986 21.820000 5C4225714 9 -61 
1721811129331 1721811129349 18 329365.660000 3463463.800000 -0.202022 21.820000 5C4225714 9 -61 
1721811129389 1721811129408 19 329366.310000 3463463.660000 -0.202022 21.820000 5C4225714 9 -61 
1721811129443 1721811129462 19 329367.370000 3463463.420000 -0.202022 21.820000 5C4225714 9 -61 
1721811129498 1721811129517 19 329368.020000 3463463.280000 -0.202022 21.820000 5C4225714 9 -61 
1721811129552 1721811129571 19 329369.300000 3463462.990000 -0.207694 21.800000 5C4225714 9 -61 
1721811129607 1721811129625 18 329370.580000 3463462.700000 -0.207694 21.800000 5C4225714 9 -61 
1721811129661 1721811129679 18 329371.850000 3463462.420000 -0.207694 21.820000 5C4225714 9 -61 
1721811129716 1721811129733 17 329373.130000 3463462.120000 -0.207694 21.820000 5C4225714 9 -61 
1721811129770 1721811129788 18 329373.980000 3463461.920000 -0.213585 21.820000 5C4225714 9 -61 
1721811129825 1721811129843 18 329375.270000 3463461.630000 -0.213585 21.820000 5C4225714 9 -61 
1721811129879 1721811129905 26 329376.750000 3463461.280000 -0.213585 21.860000 5C4225714 9 -61 
1721811129934 1721811129962 28 329378.250000 3463460.930000 -0.219039 21.840000 5C4225714 9 -61 
1721811129989 1721811130007 18 329379.320000 3463460.680000 -0.219039 21.820000 5C4225714 9 -61 
1721811130043 1721811130062 19 329380.380000 3463460.430000 -0.219039 21.820000 5C4225714 9 -61 
1721811130098 1721811130120 22 329381.450000 3463460.190000 -0.219039 21.820000 5C4225714 9 -61 
1721811130153 1721811130171 18 329382.720000 3463459.890000 -0.220784 21.820000 5C4225714 9 -61 
1721811130207 1721811130225 18 329383.790000 3463459.640000 -0.220784 21.840000 5C4225714 9 -61 
1721811130262 1721811130279 17 329384.860000 3463459.390000 -0.220784 21.840000 5C4225714 9 -61 
1721811130317 1721811130333 16 329386.140000 3463459.090000 -0.217730 21.840000 5C4225714 9 -61 
1721811130371 1721811130388 17 329387.200000 3463458.840000 -0.217730 21.820000 5C4225714 9 -61 
1721811130428 1721811130445 17 329388.270000 3463458.590000 -0.217730 21.820000 5C4225714 9 -61 
1721811130483 1721811130504 21 329390.410000 3463458.090000 -0.217730 21.840000 5C4225714 9 -61 
1721811130537 1721811130558 21 329391.040000 3463457.950000 -0.218384 21.840000 5C4225714 9 -61 
1721811130592 1721811130612 20 329392.320000 3463457.650000 -0.218384 21.840000 5C4225714 9 -61 
1721811130647 1721811130668 21 329393.390000 3463457.410000 -0.218384 21.860000 5C4225714 9 -61 
1721811130701 1721811130723 22 329394.030000 3463457.260000 -0.218384 21.860000 5C4225714 9 -61 
1721811130756 1721811130779 23 329394.880000 3463457.060000 -0.215984 21.860000 5C4225714 9 -61 
1721811130811 1721811130830 19 329396.810000 3463456.620000 -0.215984 21.840000 5C4225714 9 -61 
1721811130881 1721811130902 21 329397.880000 3463456.380000 -0.215984 21.860000 5C4225714 9 -61 
1721811130963 1721811130982 19 329400.020000 3463455.910000 -0.213585 21.880000 5C4225714 9 -61 
1721811131017 1721811131037 20 329401.300000 3463455.610000 -0.213585 21.880000 5C4225714 9 -61 
1721811131072 1721811131089 17 329401.720000 3463455.510000 -0.213585 21.880000 5C4225714 9 -61 
1721811131126 1721811131147 21 329403.440000 3463455.130000 -0.211403 21.880000 5C4225714 9 -61 
1721811131181 1721811131198 17 329404.080000 3463454.990000 -0.211403 21.880000 5C4225714 9 -61 
1721811131236 1721811131252 16 329405.150000 3463454.750000 -0.211403 21.900000 5C4225714 9 -61 
1721811131290 1721811131315 25 329406.010000 3463454.550000 -0.211403 21.900000 5C4225714 9 -61 
1721811131345 1721811131365 20 329408.570000 3463453.990000 -0.209876 21.880000 5C4225714 9 -61 
1721811131399 1721811131419 20 329409.650000 3463453.750000 -0.209876 21.880000 5C4225714 9 -61 
1721811131454 1721811131479 25 329410.940000 3463453.470000 -0.209876 21.900000 5C4225714 9 -61 
1721811131512 1721811131540 28 329411.360000 3463453.370000 -0.209876 21.900000 5C4225714 9 -61 
1721811131567 1721811131585 18 329411.360000 3463453.370000 -0.209876 21.900000 5C4225714 9 -61 
1721811131623 1721811131649 26 329413.930000 3463452.810000 -0.206603 21.900000 5C4225714 9 -57 
1721811131678 1721811131699 21 329415.440000 3463452.470000 -0.206603 21.940000 5C4225714 11 -57 
1721811131732 1721811131754 22 329416.510000 3463452.240000 -0.206822 21.900000 5C4225714 11 -57 
1721811131791 1721811131809 18 329417.370000 3463452.050000 -0.206822 21.920000 5C4225714 11 -57 
1721811131846 1721811131865 19 329419.300000 3463451.630000 -0.206822 21.900000 5C4225714 11 -57 
1721811131905 1721811131924 19 329420.380000 3463451.390000 -0.205949 21.900000 5C4225714 11 -57 
1721811131959 1721811131978 19 329421.450000 3463451.170000 -0.205949 21.900000 5C4225714 11 -57 
1721811132014 1721811132033 19 329422.740000 3463450.890000 -0.205949 21.900000 5C4225714 11 -57 
1721811132069 1721811132087 18 329423.810000 3463450.650000 -0.205949 21.920000 5C4225714 11 -57 
1721811132123 1721811132142 19 329424.880000 3463450.420000 -0.203113 21.920000 5C4225714 11 -57 
1721811132177 1721811132193 16 329425.960000 3463450.180000 -0.203113 21.940000 5C4225714 11 -57 
1721811132231 1721811132247 16 329427.030000 3463449.960000 -0.203113 21.920000 5C4225714 11 -57 
1721811132286 1721811132302 16 329428.320000 3463449.680000 -0.203113 21.900000 5C4225714 11 -57 
1721811132339 1721811132357 18 329429.400000 3463449.450000 -0.202676 21.920000 5C4225714 11 -57 
1721811132394 1721811132412 18 329430.680000 3463449.170000 -0.202676 21.880000 5C4225714 11 -57 
1721811132449 1721811132467 18 329430.900000 3463449.130000 -0.202676 21.940000 5C4225714 11 -57 
1721811132503 1721811132529 26 329432.840000 3463448.720000 -0.202676 22.000000 5C4225714 11 -57 
1721811132558 1721811132578 20 329434.550000 3463448.350000 -0.200277 21.960000 5C4225714 11 -57 
1721811132613 1721811132640 27 329435.420000 3463448.170000 -0.200277 22.000000 5C4225714 11 -57 
1721811132673 1721811132691 18 329436.920000 3463447.840000 -0.200277 21.920000 5C4225714 11 -57 
1721811132727 1721811132746 19 329437.790000 3463447.660000 -0.198531 21.980000 5C4225714 11 -57 
1721811132782 1721811132802 20 329439.080000 3463447.400000 -0.198531 21.940000 5C4225714 11 -57 
1721811132836 1721811132857 21 329439.510000 3463447.300000 -0.198531 21.940000 5C4225714 11 -57 
1721811132891 1721811132911 20 329441.010000 3463446.990000 -0.198531 21.920000 5C4225714 11 -57 
1721811132945 1721811132965 20 329442.520000 3463446.670000 -0.197440 21.940000 5C4225714 11 -57 
1721811133000 1721811133019 19 329443.610000 3463446.450000 -0.197440 21.960000 5C4225714 11 -57 
1721811133055 1721811133074 19 329444.250000 3463446.300000 -0.197440 21.960000 5C4225714 11 -57 
1721811133109 1721811133128 19 329445.320000 3463446.090000 -0.197440 22.000000 5C4225714 11 -57 
1721811133164 1721811133182 18 329447.700000 3463445.580000 -0.197877 21.960000 5C4225714 11 -57 
1721811133219 1721811133236 17 329448.780000 3463445.370000 -0.197877 21.960000 5C4225714 11 -57 
1721811133274 1721811133297 23 329449.850000 3463445.140000 -0.197877 21.980000 5C4225714 11 -57 
1721811133328 1721811133347 19 329451.150000 3463444.860000 -0.196131 21.980000 5C4225714 11 -57 
1721811133383 1721811133402 19 329452.220000 3463444.640000 -0.196131 22.000000 5C4225714 11 -57 
1721811133438 1721811133457 19 329453.090000 3463444.460000 -0.196131 22.000000 5C4225714 11 -57 
1721811133492 1721811133509 17 329454.600000 3463444.150000 -0.196131 22.000000 5C4225714 11 -57 
1721811133547 1721811133565 18 329455.680000 3463443.920000 -0.194822 22.000000 5C4225714 11 -57 
1721811133602 1721811133620 18 329456.540000 3463443.740000 -0.194822 22.000000 5C4225714 11 -57 
1721811133657 1721811133675 18 329457.840000 3463443.480000 -0.194822 22.000000 5C4225714 11 -57 
1721811133711 1721811133730 19 329458.490000 3463443.350000 -0.194822 21.980000 5C4225714 11 -57 
1721811133770 1721811133790 20 329460.640000 3463442.900000 -0.194386 21.980000 5C4225714 11 -57 
1721811133829 1721811133854 25 329461.940000 3463442.630000 -0.194386 22.000000 5C4225714 11 -57 
1721811133883 1721811133904 21 329462.800000 3463442.450000 -0.194386 22.000000 5C4225714 11 -57 
1721811133937 1721811133958 21 329463.890000 3463442.240000 -0.192204 22.000000 5C4225714 11 -57 
1721811133992 1721811134009 17 329464.960000 3463442.020000 -0.192204 22.000000 5C4225714 11 -57 
1721811134046 1721811134064 18 329466.480000 3463441.710000 -0.192204 22.000000 5C4225714 11 -57 
1721811134101 1721811134120 19 329467.120000 3463441.570000 -0.192204 22.000000 5C4225714 11 -57 
1721811134156 1721811134173 17 329468.200000 3463441.360000 -0.192423 22.000000 5C4225714 11 -57 
1721811134210 1721811134228 18 329469.710000 3463441.040000 -0.192423 22.000000 5C4225714 11 -57 
1721811134265 1721811134291 26 329471.010000 3463440.780000 -0.192423 21.980000 5C4225714 11 -57 
1721811134320 1721811134340 20 329471.880000 3463440.600000 -0.192423 22.000000 5C4225714 11 -57 
1721811134374 1721811134395 21 329473.170000 3463440.330000 -0.192641 22.000000 5C4225714 11 -57 
1721811134429 1721811134449 20 329474.900000 3463439.970000 -0.192641 22.000000 5C4225714 11 -57 
1721811134484 1721811134503 19 329476.190000 3463439.710000 -0.192641 22.000000 5C4225714 11 -57 
1721811134538 1721811134557 19 329477.280000 3463439.490000 -0.194168 22.000000 5C4225714 11 -57 
1721811134593 1721811134611 18 329478.140000 3463439.310000 -0.194168 22.000000 5C4225714 11 -57 
1721811134647 1721811134666 19 329479.440000 3463439.050000 -0.194168 22.000000 5C4225714 11 -57 
1721811134702 1721811134722 20 329480.520000 3463438.820000 -0.194168 22.000000 5C4225714 11 -57 
1721811134757 1721811134783 26 329481.820000 3463438.550000 -0.194604 22.000000 5C4225714 11 -57 
1721811134812 1721811134830 18 329482.250000 3463438.470000 -0.194604 22.000000 5C4225714 11 -57 
1721811134868 1721811134884 16 329483.550000 3463438.190000 -0.194604 22.000000 5C4225714 11 -57 
1721811134922 1721811134938 16 329485.280000 3463437.830000 -0.194386 22.000000 5C4225714 11 -57 
1721811134977 1721811134992 15 329486.360000 3463437.610000 -0.194386 22.000000 5C4225714 11 -57 
1721811135031 1721811135048 17 329487.440000 3463437.390000 -0.194386 22.000000 5C4225714 11 -57 
1721811135086 1721811135103 17 329488.300000 3463437.210000 -0.194386 22.040000 5C4225714 11 -57 
1721811135139 1721811135157 18 329490.250000 3463436.810000 -0.194604 22.060000 5C4225714 11 -57 
1721811135194 1721811135212 18 329491.550000 3463436.530000 -0.194604 22.020000 5C4225714 11 -57 
1721811135249 1721811135266 17 329492.630000 3463436.310000 -0.194604 22.020000 5C4225714 11 -57 
1721811135304 1721811135323 19 329493.710000 3463436.090000 -0.195695 22.020000 5C4225714 11 -57 
1721811135360 1721811135379 19 329494.580000 3463435.910000 -0.195695 22.020000 5C4225714 11 -57 
1721811135415 1721811135435 20 329495.660000 3463435.680000 -0.195695 22.020000 5C4225714 11 -57 
1721811135470 1721811135494 24 329497.170000 3463435.370000 -0.195695 22.020000 5C4225714 11 -57 
1721811135524 1721811135543 19 329498.250000 3463435.140000 -0.197440 22.020000 5C4225714 11 -57 
1721811135579 1721811135596 17 329499.330000 3463434.910000 -0.197440 22.020000 5C4225714 11 -57 
1721811135633 1721811135651 18 329500.630000 3463434.640000 -0.197440 22.040000 5C4225714 11 -57 
1721811135688 1721811135711 23 329501.710000 3463434.420000 -0.197440 22.020000 5C4225714 11 -57 
1721811135742 1721811135760 18 329502.800000 3463434.190000 -0.199186 22.040000 5C4225714 11 -57 
1721811135797 1721811135814 17 329503.880000 3463433.960000 -0.199186 22.040000 5C4225714 11 -57 
1721811135851 1721811135868 17 329505.600000 3463433.590000 -0.199186 22.040000 5C4225714 11 -57 
1721811135905 1721811135923 18 329506.040000 3463433.500000 -0.199186 22.060000 5C4225714 11 -57 
1721811135959 1721811135978 19 329507.770000 3463433.130000 -0.198531 22.020000 5C4225714 11 -57 
1721811136015 1721811136033 18 329509.070000 3463432.870000 -0.198531 22.040000 5C4225714 11 -57 
1721811136073 1721811136094 21 329510.150000 3463432.640000 -0.198531 22.040000 5C4225714 11 -57 
1721811136127 1721811136144 17 329511.230000 3463432.400000 -0.200058 22.060000 5C4225714 11 -57 
1721811136182 1721811136199 17 329512.530000 3463432.120000 -0.200058 22.060000 5C4225714 11 -57 
1721811136237 1721811136256 19 329513.610000 3463431.890000 -0.200058 22.040000 5C4225714 11 -57 
1721811136291 1721811136310 19 329514.690000 3463431.670000 -0.200058 22.060000 5C4225714 11 -57 
1721811136346 1721811136365 19 329515.340000 3463431.530000 -0.199404 22.060000 5C4225714 11 -57 
1721811136401 1721811136420 19 329516.860000 3463431.210000 -0.199404 22.060000 5C4225714 11 -57 
1721811136456 1721811136474 18 329518.590000 3463430.840000 -0.199404 22.000000 5C4225714 11 -57 
1721811136510 1721811136528 18 329519.890000 3463430.560000 -0.202240 21.980000 5C4225714 11 -57 
1721811136565 1721811136583 18 329520.960000 3463430.330000 -0.202240 22.000000 5C4225714 11 -57 
1721811136620 1721811136638 18 329521.390000 3463430.240000 -0.202240 22.000000 5C4225714 11 -57 
1721811136674 1721811136693 19 329523.330000 3463429.830000 -0.202240 21.900000 5C4225714 11 -57 
1721811136729 1721811136748 19 329524.400000 3463429.590000 -0.201804 21.900000 5C4225714 11 -57 
1721811136784 1721811136804 20 329525.480000 3463429.360000 -0.201804 21.900000 5C4225714 11 -57 
1721811136839 1721811136855 16 329526.340000 3463429.180000 -0.201804 21.900000 5C4225714 11 -57 
1721811136893 1721811136911 18 329527.850000 3463428.860000 -0.201804 21.880000 5C4225714 11 -57 
1721811136948 1721811136966 18 329528.700000 3463428.680000 -0.201804 21.840000 5C4225714 11 -57 
1721811137002 1721811137021 19 329529.980000 3463428.400000 -0.201804 21.800000 5C4225714 11 -57 
1721811137057 1721811137078 21 329531.050000 3463428.170000 -0.201804 21.780000 5C4225714 11 -57 
1721811137112 1721811137128 16 329531.700000 3463428.030000 -0.201804 21.740000 5C4225714 11 -57 
1721811137166 1721811137183 17 329534.040000 3463427.540000 -0.201367 21.640000 5C4225714 11 -57 
1721811137221 1721811137238 17 329534.890000 3463427.360000 -0.201367 21.600000 5C4225714 11 -57 
1721811137276 1721811137292 16 329535.950000 3463427.130000 -0.201367 21.540000 5C4225714 11 -57 
1721811137331 1721811137346 15 329537.220000 3463426.850000 -0.201367 21.500000 5C4225714 11 -57 
1721811137385 1721811137406 21 329538.060000 3463426.670000 -0.201367 21.380000 5C4225714 11 -57 
1721811137440 1721811137467 27 329539.110000 3463426.460000 -0.201367 21.360000 5C4225714 11 -57 
1721811137495 1721811137513 18 329539.950000 3463426.280000 -0.201367 21.300000 5C4225714 11 -57 
1721811137549 1721811137568 19 329541.420000 3463425.960000 -0.200931 21.300000 5C4225714 11 -57 
1721811137603 1721811137622 19 329542.670000 3463425.700000 -0.200931 21.240000 5C4225714 11 -57 
1721811137658 1721811137678 20 329543.920000 3463425.420000 -0.200931 21.220000 5C4225714 11 -57 
1721811137713 1721811137734 21 329544.960000 3463425.210000 -0.200931 21.140000 5C4225714 11 -57 
1721811137767 1721811137789 22 329546.000000 3463424.980000 -0.199404 21.100000 5C4225714 11 -57 
1721811137822 1721811137844 22 329547.650000 3463424.630000 -0.199404 20.920000 5C4225714 11 -57 
1721811137877 1721811137899 22 329548.470000 3463424.460000 -0.199404 20.860000 5C4225714 11 -57 
1721811137932 1721811137950 18 329549.700000 3463424.200000 -0.200058 20.860000 5C4225714 11 -57 
1721811137986 1721811138004 18 329550.930000 3463423.940000 -0.200058 20.820000 5C4225714 11 -57 
1721811138041 1721811138058 17 329551.960000 3463423.720000 -0.200058 20.780000 5C4225714 11 -57 
1721811138096 1721811138112 16 329552.970000 3463423.490000 -0.200058 20.720000 5C4225714 11 -57 
1721811138152 1721811138171 19 329553.990000 3463423.280000 -0.200277 20.660000 5C4225714 11 -57 
1721811138211 1721811138232 21 329554.810000 3463423.110000 -0.200277 20.700000 5C4225714 11 -57 
1721811138266 1721811138284 18 329556.220000 3463422.810000 -0.200277 20.600000 5C4225714 11 -57 
1721811138321 1721811138340 19 329557.230000 3463422.590000 -0.200277 20.560000 5C4225714 11 -57 
1721811138375 1721811138395 20 329558.240000 3463422.380000 -0.202022 20.460000 5C4225714 11 -57 
1721811138430 1721811138451 21 329560.440000 3463421.900000 -0.202022 20.300000 5C4225714 11 -57 
1721811138485 1721811138501 16 329561.040000 3463421.780000 -0.202022 20.280000 5C4225714 11 -57 
1721811138540 1721811138558 18 329562.240000 3463421.520000 -0.199622 20.180000 5C4225714 11 -57 
1721811138594 1721811138613 19 329563.420000 3463421.260000 -0.199622 20.120000 5C4225714 11 -57 
1721811138649 1721811138673 24 329564.610000 3463421.010000 -0.199622 20.000000 5C4225714 11 -57 
1721811138704 1721811138723 19 329564.610000 3463421.010000 -0.199622 19.960000 5C4225714 11 -57 
1721811138759 1721811138778 19 329566.570000 3463420.590000 -0.200713 19.880000 5C4225714 11 -57 
1721811138814 1721811138831 17 329567.350000 3463420.420000 -0.200713 19.860000 5C4225714 11 -57 
1721811138868 1721811138890 22 329568.520000 3463420.170000 -0.200713 19.760000 5C4225714 11 -57 
1721811138923 1721811138941 18 329568.910000 3463420.080000 -0.200713 19.660000 5C4225714 11 -57 
1721811138977 1721811138995 18 329569.870000 3463419.880000 -0.202240 19.540000 5C4225714 11 -57 
1721811139031 1721811139051 20 329571.020000 3463419.630000 -0.202240 19.480000 5C4225714 11 -57 
1721811139086 1721811139106 20 329572.170000 3463419.390000 -0.202240 19.360000 5C4225714 11 -57 
1721811139141 1721811139161 20 329573.880000 3463419.020000 -0.203113 19.160000 5C4225714 11 -57 
1721811139195 1721811139223 28 329575.010000 3463418.780000 -0.203113 19.040000 5C4225714 11 -57 
1721811139261 1721811139276 15 329575.750000 3463418.620000 -0.203113 19.000000 5C4225714 11 -57 
1721811139315 1721811139331 16 329576.870000 3463418.370000 -0.202458 18.860000 5C4225714 11 -57 
1721811139370 1721811139393 23 329577.980000 3463418.130000 -0.202458 18.800000 5C4225714 11 -57 
1721811139425 1721811139443 18 329578.720000 3463417.970000 -0.202458 18.640000 5C4225714 11 -57 
1721811139479 1721811139498 19 329579.820000 3463417.730000 -0.202458 18.620000 5C4225714 11 -57 
1721811139534 1721811139550 16 329579.820000 3463417.730000 -0.202458 18.500000 5C4225714 11 -57 
1721811139589 1721811139610 21 329581.630000 3463417.340000 -0.203549 18.460000 5C4225714 11 -57 
1721811139643 1721811139661 18 329582.530000 3463417.150000 -0.203549 18.320000 5C4225714 11 -57 
1721811139698 1721811139717 19 329584.500000 3463416.730000 -0.204204 18.120000 5C4225714 11 -57 
1721811139753 1721811139773 20 329585.380000 3463416.530000 -0.204204 18.000000 5C4225714 11 -57 
1721811139808 1721811139828 20 329585.910000 3463416.430000 -0.204204 17.960000 5C4225714 11 -57 
1721811139863 1721811139881 18 329585.910000 3463416.430000 -0.204204 17.840000 5C4225714 11 -57 
1721811139918 1721811139943 25 329587.840000 3463416.010000 -0.203331 17.760000 5C4225714 11 -57 
1721811139973 1721811139994 21 329588.710000 3463415.830000 -0.203331 17.680000 5C4225714 11 -57 
1721811140027 1721811140046 19 329589.390000 3463415.670000 -0.203331 17.520000 5C4225714 11 -57 
1721811140082 1721811140100 18 329590.430000 3463415.450000 -0.203331 17.400000 5C4225714 11 -57 
1721811140137 1721811140155 18 329591.280000 3463415.270000 -0.200931 17.260000 5C4225714 11 -57 
1721811140192 1721811140210 18 329592.300000 3463415.060000 -0.200931 17.240000 5C4225714 11 -57 
1721811140246 1721811140264 18 329593.140000 3463414.880000 -0.200931 17.020000 5C4225714 11 -57 
1721811140301 1721811140319 18 329593.470000 3463414.810000 -0.200931 16.940000 5C4225714 11 -57 
1721811140355 1721811140374 19 329595.470000 3463414.380000 -0.201149 16.660000 5C4225714 11 -57 
1721811140410 1721811140429 19 329596.280000 3463414.210000 -0.201149 16.540000 5C4225714 11 -57 
1721811140465 1721811140482 17 329597.260000 3463413.990000 -0.201149 16.440000 5C4225714 11 -57 
1721811140520 1721811140537 17 329597.900000 3463413.860000 -0.202676 16.380000 5C4225714 11 -57 
1721811140574 1721811140591 17 329598.540000 3463413.720000 -0.202676 16.240000 5C4225714 11 -57 
1721811140629 1721811140647 18 329599.660000 3463413.480000 -0.202676 16.120000 5C4225714 11 -57 
1721811140684 1721811140699 15 329600.450000 3463413.310000 -0.202676 15.980000 5C4225714 11 -57 
1721811140738 1721811140757 19 329600.910000 3463413.210000 -0.202676 15.840000 5C4225714 11 -57 
1721811140793 1721811140812 19 329601.840000 3463413.010000 -0.203331 15.700000 5C4225714 11 -57 
1721811140847 1721811140867 20 329602.460000 3463412.880000 -0.203331 15.640000 5C4225714 11 -57 
1721811140902 1721811140924 22 329603.380000 3463412.670000 -0.203331 15.460000 5C4225714 11 -57 
1721811140957 1721811140976 19 329604.290000 3463412.480000 -0.203549 15.360000 5C4225714 11 -57 
1721811141011 1721811141030 19 329605.490000 3463412.220000 -0.203549 15.040000 5C4225714 11 -57 
1721811141066 1721811141086 20 329606.370000 3463412.020000 -0.203549 14.960000 5C4225714 11 -57 
1721811141121 1721811141141 20 329607.390000 3463411.810000 -0.203331 14.780000 5C4225714 11 -57 
1721811141175 1721811141193 18 329607.970000 3463411.680000 -0.203331 14.700000 5C4225714 11 -57 
1721811141234 1721811141254 20 329608.830000 3463411.500000 -0.203331 14.520000 5C4225714 11 -57 
1721811141293 1721811141314 21 329609.550000 3463411.340000 -0.203331 14.420000 5C4225714 11 -57 
1721811141348 1721811141375 27 329610.250000 3463411.200000 -0.203331 14.280000 5C4225714 11 -57 
1721811141406 1721811141425 19 329610.810000 3463411.070000 -0.203331 14.200000 5C4225714 11 -57 
1721811141462 1721811141482 20 329611.780000 3463410.860000 -0.203331 13.960000 5C4225714 11 -57 
1721811141517 1721811141539 22 329612.880000 3463410.620000 -0.202895 13.820000 5C4225714 11 -57 
1721811141571 1721811141591 20 329613.420000 3463410.500000 -0.202895 13.680000 5C4225714 11 -57 
1721811141626 1721811141644 18 329613.950000 3463410.390000 -0.202895 13.520000 5C4225714 11 -57 
1721811141681 1721811141702 21 329614.880000 3463410.190000 -0.202895 13.340000 5C4225714 11 -57 
1721811141736 1721811141753 17 329615.530000 3463410.050000 -0.203767 13.220000 5C4225714 11 -57 
1721811141790 1721811141808 18 329616.310000 3463409.880000 -0.203767 13.120000 5C4225714 11 -57 
1721811141845 1721811141866 21 329616.700000 3463409.790000 -0.203767 13.000000 5C4225714 11 -57 
1721811141900 1721811141918 18 329617.460000 3463409.640000 -0.203767 12.840000 5C4225714 11 -57 
1721811141955 1721811141976 21 329618.220000 3463409.470000 -0.203767 12.720000 5C4225714 11 -57 
1721811142009 1721811142028 19 329618.720000 3463409.360000 -0.203767 12.620000 5C4225714 11 -57 
1721811142063 1721811142081 18 329619.590000 3463409.180000 -0.203767 12.500000 5C4225714 11 -57 
1721811142118 1721811142139 21 329620.680000 3463408.950000 -0.201367 12.260000 5C4225714 11 -57 
1721811142173 1721811142190 17 329621.390000 3463408.800000 -0.201367 12.100000 5C4225714 11 -57 
1721811142228 1721811142249 21 329621.990000 3463408.680000 -0.201367 11.960000 5C4225714 11 -57 
1721811142283 1721811142303 20 329622.340000 3463408.610000 -0.201367 11.840000 5C4225714 11 -57 
1721811142338 1721811142354 16 329622.680000 3463408.530000 -0.201149 11.720000 5C4225714 11 -57 
1721811142393 1721811142411 18 329623.370000 3463408.390000 -0.201149 11.520000 5C4225714 11 -57 
1721811142447 1721811142468 21 329624.170000 3463408.230000 -0.201149 11.420000 5C4225714 11 -57 
1721811142507 1721811142528 21 329624.730000 3463408.110000 -0.201149 11.280000 5C4225714 11 -57 
1721811142561 1721811142587 26 329625.180000 3463408.030000 -0.195477 11.160000 5C4225714 11 -57 
1721811142616 1721811142637 21 329625.830000 3463407.890000 -0.195477 11.000000 5C4225714 11 -57 
1721811142671 1721811142697 26 329626.370000 3463407.790000 -0.195477 10.900000 5C4225714 11 -57 
1721811142725 1721811142746 21 329627.550000 3463407.560000 -0.189805 10.600000 5C4225714 11 -57 
1721811142780 1721811142801 21 329627.650000 3463407.530000 -0.189805 10.520000 5C4225714 11 -57 
1721811142835 1721811142855 20 329628.370000 3463407.400000 -0.189805 10.400000 5C4225714 11 -57 
1721811142890 1721811142910 20 329628.990000 3463407.280000 -0.189805 10.260000 5C4225714 11 -57 
1721811142945 1721811142966 21 329629.690000 3463407.140000 -0.186096 10.100000 5C4225714 11 -57 
1721811143000 1721811143016 16 329630.090000 3463407.070000 -0.186096 10.020000 5C4225714 11 -57 
1721811143054 1721811143071 17 329630.680000 3463406.970000 -0.186096 9.840000 5C4225714 11 -57 
1721811143109 1721811143126 17 329630.970000 3463406.920000 -0.186096 9.740000 5C4225714 11 -57 
1721811143164 1721811143180 16 329631.450000 3463406.840000 -0.176278 9.580000 5C4225714 11 -57 
1721811143219 1721811143234 15 329631.920000 3463406.760000 -0.176278 9.480000 5C4225714 11 -57 
1721811143273 1721811143295 22 329632.110000 3463406.730000 -0.176278 9.320000 5C4225714 11 -57 
1721811143328 1721811143350 22 329632.950000 3463406.600000 -0.176278 9.260000 5C4225714 11 -57 
1721811143383 1721811143400 17 329633.310000 3463406.560000 -0.159698 9.100000 5C4225714 11 -57 
1721811143437 1721811143456 19 329634.400000 3463406.420000 -0.159698 8.880000 5C4225714 11 -57 
1721811143492 1721811143510 18 329634.830000 3463406.380000 -0.134609 8.760000 5C4225714 11 -57 
1721811143547 1721811143565 18 329635.270000 3463406.330000 -0.134609 8.660000 5C4225714 11 -57 
1721811143606 1721811143625 19 329635.610000 3463406.310000 -0.134609 8.500000 5C4225714 11 -57 
1721811143660 1721811143679 19 329636.200000 3463406.260000 -0.134609 8.380000 5C4225714 11 -57 
1721811143715 1721811143734 19 329636.620000 3463406.230000 -0.104065 8.300000 5C4225714 11 -57 
1721811143770 1721811143788 18 329637.030000 3463406.220000 -0.104065 8.160000 5C4225714 11 -57 
1721811143824 1721811143850 26 329637.280000 3463406.210000 -0.104065 8.060000 5C4225714 11 -57 
1721811143879 1721811143900 21 329637.690000 3463406.200000 -0.104065 7.940000 5C4225714 11 -57 
1721811143938 1721811143955 17 329638.160000 3463406.200000 -0.062614 7.840000 5C4225714 11 -57 
1721811143992 1721811144011 19 329638.550000 3463406.200000 -0.062614 7.720000 5C4225714 11 -57 
1721811144047 1721811144066 19 329639.160000 3463406.230000 -0.062614 7.500000 5C4225714 11 -57 
1721811144102 1721811144120 18 329639.770000 3463406.260000 -0.015490 7.400000 5C4225714 11 -57 
1721811144156 1721811144174 18 329640.130000 3463406.290000 -0.015490 7.260000 5C4225714 11 -57 
1721811144210 1721811144229 19 329640.430000 3463406.300000 -0.015490 7.200000 5C4225714 11 -57 
1721811144265 1721811144283 18 329640.930000 3463406.360000 -0.015490 7.120000 5C4225714 11 -57 
1721811144319 1721811144337 18 329641.140000 3463406.390000 0.033379 7.020000 5C4225714 11 -57 
1721811144374 1721811144392 18 329641.620000 3463406.450000 0.033379 6.900000 5C4225714 11 -57 
1721811144429 1721811144446 17 329641.960000 3463406.510000 0.033379 6.780000 5C4225714 11 -57 
1721811144483 1721811144500 17 329642.360000 3463406.580000 0.033379 6.700000 5C4225714 11 -57 
1721811144538 1721811144556 18 329642.560000 3463406.620000 0.091193 6.600000 5C4225714 11 -57 
1721811144594 1721811144615 21 329642.870000 3463406.700000 0.091193 6.520000 5C4225714 11 -57 
1721811144665 1721811144683 18 329643.500000 3463406.850000 0.091193 6.340000 5C4225714 11 -57 
1721811144720 1721811144741 21 329643.800000 3463406.950000 0.153153 6.220000 5C4225714 11 -57 
1721811144776 1721811144796 20 329644.100000 3463407.030000 0.153153 6.140000 5C4225714 11 -62 
1721811144837 1721811144855 18 329644.390000 3463407.130000 0.153153 6.060000 5C4225714 10 -62 
1721811144891 1721811144910 19 329644.730000 3463407.250000 0.153153 5.980000 5C4225714 10 -62 
1721811144947 1721811144964 17 329645.010000 3463407.360000 0.221875 5.920000 5C4225714 10 -62 
1721811145001 1721811145028 27 329645.270000 3463407.480000 0.221875 5.840000 5C4225714 10 -62 
1721811145056 1721811145082 26 329645.580000 3463407.630000 0.221875 5.760000 5C4225714 10 -62 
1721811145111 1721811145133 22 329646.040000 3463407.850000 0.299106 5.620000 5C4225714 10 -62 
1721811145166 1721811145185 19 329646.190000 3463407.940000 0.299106 5.600000 5C4225714 10 -62 
1721811145220 1721811145241 21 329646.480000 3463408.100000 0.299106 5.540000 5C4225714 10 -62 
1721811145275 1721811145298 23 329646.720000 3463408.250000 0.299106 5.520000 5C4225714 10 -62 
1721811145330 1721811145350 20 329646.990000 3463408.440000 0.382445 5.480000 5C4225714 10 -62 
1721811145385 1721811145406 21 329647.210000 3463408.600000 0.382445 5.440000 5C4225714 10 -62 
1721811145440 1721811145459 19 329647.330000 3463408.700000 0.382445 5.400000 5C4225714 10 -62 
1721811145494 1721811145511 17 329647.670000 3463408.970000 0.382445 5.360000 5C4225714 10 -62 
1721811145549 1721811145572 23 329647.870000 3463409.160000 0.479093 5.320000 5C4225714 10 -62 
1721811145604 1721811145624 20 329648.060000 3463409.340000 0.479093 5.300000 5C4225714 10 -62 
1721811145660 1721811145689 29 329648.240000 3463409.530000 0.479093 5.240000 5C4225714 10 -62 
1721811145715 1721811145732 17 329648.450000 3463409.770000 0.479093 5.220000 5C4225714 10 -62 
1721811145769 1721811145791 22 329648.700000 3463410.100000 0.586649 5.100000 5C4225714 10 -62 
1721811145823 1721811145852 29 329648.900000 3463410.390000 0.586649 5.060000 5C4225714 10 -62 
1721811145882 1721811145903 21 329648.990000 3463410.510000 0.586649 5.020000 5C4225714 10 -62 
1721811145940 1721811145958 18 329649.120000 3463410.730000 0.705113 4.980000 5C4225714 10 -62 
1721811145995 1721811146016 21 329649.240000 3463410.940000 0.705113 4.940000 5C4225714 10 -62 
1721811146050 1721811146071 21 329649.370000 3463411.220000 0.705113 4.920000 5C4225714 10 -62 
1721811146105 1721811146125 20 329649.470000 3463411.440000 0.705113 4.860000 5C4225714 10 -62 
1721811146160 1721811146177 17 329649.560000 3463411.670000 0.830559 4.800000 5C4225714 10 -62 
1721811146214 1721811146238 24 329649.640000 3463411.890000 0.830559 4.760000 5C4225714 10 -62 
1721811146269 1721811146289 20 329649.710000 3463412.120000 0.830559 4.720000 5C4225714 10 -62 
1721811146324 1721811146342 18 329649.830000 3463412.620000 0.963858 4.660000 5C4225714 10 -62 
1721811146397 1721811146414 17 329649.860000 3463412.850000 0.963858 4.640000 5C4225714 10 -62 
1721811146452 1721811146468 16 329649.880000 3463413.040000 0.963858 4.600000 5C4225714 10 -62 
1721811146506 1721811146526 20 329649.900000 3463413.300000 0.963858 4.540000 5C4225714 10 -62 
1721811146561 1721811146579 18 329649.900000 3463413.580000 1.102175 4.520000 5C4225714 10 -62 
1721811146615 1721811146635 20 329649.900000 3463413.710000 1.102175 4.500000 5C4225714 10 -62 
1721811146670 1721811146685 15 329649.890000 3463413.940000 1.102175 4.460000 5C4225714 10 -62 
1721811146725 1721811146741 16 329649.880000 3463414.070000 1.102175 4.420000 5C4225714 10 -62 
1721811146779 1721811146799 20 329649.800000 3463414.590000 1.252710 4.380000 5C4225714 10 -62 
1721811146834 1721811146851 17 329649.740000 3463414.850000 1.252710 4.360000 5C4225714 10 -62 
1721811146889 1721811146907 18 329649.680000 3463415.060000 1.252710 4.340000 5C4225714 10 -62 
1721811146944 1721811146962 18 329649.630000 3463415.230000 1.398227 4.280000 5C4225714 10 -62 
1721811147003 1721811147022 19 329649.540000 3463415.470000 1.398227 4.280000 5C4225714 10 -62 
1721811147058 1721811147079 21 329649.440000 3463415.710000 1.398227 4.240000 5C4225714 10 -62 
1721811147113 1721811147131 18 329649.360000 3463415.850000 1.398227 4.220000 5C4225714 10 -62 
1721811147168 1721811147186 18 329649.280000 3463416.010000 1.548325 4.200000 5C4225714 10 -62 
1721811147223 1721811147244 21 329649.200000 3463416.150000 1.548325 4.200000 5C4225714 10 -62 
1721811147277 1721811147294 17 329649.040000 3463416.390000 1.548325 4.160000 5C4225714 10 -62 
1721811147331 1721811147349 18 329648.920000 3463416.560000 1.548325 4.140000 5C4225714 10 -62 
1721811147386 1721811147403 17 329648.660000 3463416.880000 1.705187 4.100000 5C4225714 10 -62 
1721811147441 1721811147458 17 329648.520000 3463417.030000 1.705187 4.020000 5C4225714 10 -62 
1721811147496 1721811147513 17 329648.380000 3463417.180000 1.705187 4.020000 5C4225714 10 -62 
1721811147550 1721811147574 24 329648.210000 3463417.330000 1.852231 4.000000 5C4225714 10 -62 
1721811147605 1721811147623 18 329648.090000 3463417.440000 1.852231 3.980000 5C4225714 10 -62 
1721811147659 1721811147677 18 329647.860000 3463417.610000 1.852231 3.960000 5C4225714 10 -62 
1721811147714 1721811147732 18 329647.740000 3463417.710000 2.003638 3.940000 5C4225714 10 -62 
1721811147768 1721811147786 18 329647.550000 3463417.830000 2.003638 3.920000 5C4225714 10 -62 
1721811147823 1721811147841 18 329647.380000 3463417.930000 2.003638 3.900000 5C4225714 10 -62 
1721811147878 1721811147895 17 329647.280000 3463417.990000 2.003638 3.900000 5C4225714 10 -62 
1721811147933 1721811147950 17 329647.140000 3463418.070000 2.003638 3.880000 5C4225714 10 -62 
1721811147988 1721811148005 17 329646.970000 3463418.160000 2.148282 3.860000 5C4225714 10 -62 
1721811148047 1721811148065 18 329646.550000 3463418.350000 2.148282 3.860000 5C4225714 10 -62 
1721811148106 1721811148123 17 329646.370000 3463418.430000 2.287690 3.860000 5C4225714 10 -62 
1721811148161 1721811148179 18 329646.230000 3463418.470000 2.287690 3.860000 5C4225714 10 -62 
1721811148215 1721811148234 19 329646.000000 3463418.560000 2.287690 3.900000 5C4225714 10 -62 
1721811148270 1721811148291 21 329645.920000 3463418.570000 2.287690 3.940000 5C4225714 10 -62 
1721811148325 1721811148343 18 329645.580000 3463418.660000 2.419899 3.980000 5C4225714 10 -62 
1721811148380 1721811148405 25 329645.390000 3463418.720000 2.419899 4.020000 5C4225714 10 -62 
1721811148435 1721811148454 19 329645.230000 3463418.750000 2.419899 4.060000 5C4225714 10 -62 
1721811148489 1721811148509 20 329645.070000 3463418.780000 2.419899 4.120000 5C4225714 10 -62 
1721811148544 1721811148563 19 329644.790000 3463418.830000 2.551235 4.200000 5C4225714 10 -62 
1721811148599 1721811148624 25 329644.450000 3463418.880000 2.551235 4.280000 5C4225714 10 -62 
1721811148653 1721811148675 22 329644.110000 3463418.920000 2.551235 4.340000 5C4225714 10 -62 
1721811148708 1721811148729 21 329643.980000 3463418.930000 2.679299 4.360000 5C4225714 10 -62 
1721811148763 1721811148784 21 329643.760000 3463418.960000 2.679299 4.440000 5C4225714 10 -62 
1721811148818 1721811148837 19 329643.490000 3463418.970000 2.679299 4.460000 5C4225714 10 -62 
1721811148873 1721811148890 17 329643.260000 3463418.990000 2.679299 4.560000 5C4225714 10 -62 
1721811148928 1721811148945 17 329643.130000 3463419.000000 2.679299 4.640000 5C4225714 10 -62 
1721811148982 1721811148999 17 329642.860000 3463419.020000 2.794272 4.700000 5C4225714 10 -62 
1721811149037 1721811149055 18 329642.570000 3463419.020000 2.794272 4.780000 5C4225714 10 -62 
1721811149091 1721811149110 19 329642.330000 3463419.030000 2.794272 4.860000 5C4225714 10 -62 
1721811149150 1721811149167 17 329642.040000 3463419.030000 2.888956 4.920000 5C4225714 10 -62 
1721811149204 1721811149491 287 329641.530000 3463419.040000 2.888956 5.120000 5C4225714 10 -62 
1721811149259 1721811149491 232 329641.320000 3463419.040000 2.888956 5.180000 5C4225714 10 -62 
1721811149314 1721811149491 177 329640.950000 3463419.050000 2.967932 5.320000 5C4225714 10 -62 
1721811149369 1721811149491 122 329640.740000 3463419.050000 2.967932 5.400000 5C4225714 10 -62 
1721811149423 1721811149491 68 329640.630000 3463419.050000 2.967932 5.520000 5C4225714 10 -62 
1721811149478 1721811149496 18 329640.250000 3463419.060000 2.967932 5.660000 5C4225714 10 -62 
1721811149533 1721811149552 19 329640.020000 3463419.060000 3.025092 5.740000 5C4225714 10 -62 
1721811149588 1721811149607 19 329639.610000 3463419.070000 3.025092 5.880000 5C4225714 10 -62 
1721811149643 1721811149663 20 329639.370000 3463419.080000 3.025092 5.940000 5C4225714 10 -62 
1721811149698 1721811149717 19 329639.010000 3463419.090000 3.025092 6.040000 5C4225714 10 -62 
1721811149752 1721811149772 20 329638.710000 3463419.110000 3.061526 6.200000 5C4225714 10 -62 
1721811149807 1721811149827 20 329638.320000 3463419.120000 3.061526 6.340000 5C4225714 10 -62 
1721811149862 1721811149879 17 329637.680000 3463419.160000 3.061526 6.600000 5C4225714 10 -62 
1721811149916 1721811149934 18 329637.480000 3463419.170000 3.078106 6.700000 5C4225714 10 -62 
1721811149971 1721811149991 20 329637.140000 3463419.200000 3.078106 6.840000 5C4225714 10 -62 
1721811150026 1721811150044 18 329636.730000 3463419.230000 3.078106 6.960000 5C4225714 10 -62 
1721811150080 1721811150098 18 329636.450000 3463419.240000 3.078106 7.120000 5C4225714 10 -62 
1721811150135 1721811150152 17 329636.020000 3463419.270000 3.082251 7.200000 5C4225714 10 -62 
1721811150190 1721811150206 16 329635.650000 3463419.310000 3.082251 7.360000 5C4225714 10 -62 
1721811150249 1721811150265 16 329635.280000 3463419.340000 3.082251 7.460000 5C4225714 10 -62 
1721811150303 1721811150319 16 329634.830000 3463419.380000 3.082251 7.600000 5C4225714 10 -62 
1721811150358 1721811150375 17 329634.450000 3463419.410000 3.075706 7.720000 5C4225714 10 -62 
1721811150413 1721811150431 18 329634.140000 3463419.450000 3.075706 7.880000 5C4225714 10 -62 
1721811150468 1721811150487 19 329633.580000 3463419.500000 3.075706 7.980000 5C4225714 10 -62 
1721811150523 1721811150542 19 329632.930000 3463419.560000 3.071343 8.280000 5C4225714 10 -62 
1721811150578 1721811150596 18 329632.600000 3463419.590000 3.071343 8.440000 5C4225714 10 -62 
1721811150634 1721811150652 18 329632.010000 3463419.650000 3.071343 8.560000 5C4225714 10 -62 
1721811150688 1721811150708 20 329631.670000 3463419.690000 3.071343 8.660000 5C4225714 10 -62 
1721811150743 1721811150764 21 329631.500000 3463419.700000 3.071343 8.760000 5C4225714 10 -62 
1721811150798 1721811150817 19 329630.710000 3463419.800000 3.064362 8.920000 5C4225714 10 -62 
1721811150853 1721811150872 19 329630.170000 3463419.870000 3.064362 9.000000 5C4225714 10 -62 
1721811150908 1721811150925 17 329629.720000 3463419.920000 3.064362 9.200000 5C4225714 10 -62 
1721811150962 1721811150982 20 329629.250000 3463419.980000 3.048872 9.360000 5C4225714 10 -62 
1721811151017 1721811151044 27 329628.690000 3463420.060000 3.048872 9.480000 5C4225714 10 -62 
1721811151072 1721811151090 18 329628.410000 3463420.090000 3.048872 9.620000 5C4225714 10 -62 
1721811151127 1721811151147 20 329627.730000 3463420.180000 3.037527 9.780000 5C4225714 10 -62 
1721811151182 1721811151203 21 329627.040000 3463420.280000 3.037527 10.000000 5C4225714 10 -62 
1721811151237 1721811151252 15 329626.440000 3463420.360000 3.037527 10.200000 5C4225714 10 -62 
1721811151291 1721811151317 26 329625.840000 3463420.450000 3.037527 10.300000 5C4225714 10 -62 
1721811151350 1721811151368 18 329625.320000 3463420.530000 3.024874 10.480000 5C4225714 10 -62 
1721811151405 1721811151426 21 329624.810000 3463420.610000 3.024874 10.600000 5C4225714 10 -62 
1721811151459 1721811151482 23 329624.170000 3463420.710000 3.024874 10.740000 5C4225714 10 -62 
1721811151527 1721811151544 17 329623.640000 3463420.780000 3.011347 10.900000 5C4225714 10 -62 
1721811151581 1721811151602 21 329623.100000 3463420.880000 3.011347 11.000000 5C4225714 10 -62 
1721811151636 1721811151655 19 329622.000000 3463421.050000 3.011347 11.320000 5C4225714 10 -62 
1721811151691 1721811151708 17 329621.430000 3463421.140000 3.003930 11.420000 5C4225714 10 -62 
1721811151746 1721811151762 16 329620.860000 3463421.240000 3.003930 11.580000 5C4225714 10 -62 
1721811151801 1721811151822 21 329620.400000 3463421.310000 3.003930 11.700000 5C4225714 10 -62 
1721811151855 1721811151874 19 329620.400000 3463421.310000 3.003930 11.860000 5C4225714 10 -62 
1721811151910 1721811151930 20 329619.360000 3463421.490000 3.003930 12.000000 5C4225714 10 -62 
1721811151964 1721811151984 20 329618.640000 3463421.620000 2.994985 12.120000 5C4225714 10 -62 
1721811152019 1721811152038 19 329617.920000 3463421.740000 2.994985 12.340000 5C4225714 10 -62 
1721811152073 1721811152092 19 329617.560000 3463421.810000 2.994985 12.440000 5C4225714 10 -62 
1721811152128 1721811152146 18 329616.570000 3463421.980000 2.986477 12.620000 5C4225714 10 -62 
1721811152183 1721811152202 19 329616.080000 3463422.080000 2.986477 12.780000 5C4225714 10 -62 
1721811152238 1721811152257 19 329615.320000 3463422.210000 2.986477 12.880000 5C4225714 10 -62 
1721811152293 1721811152312 19 329614.310000 3463422.410000 2.986477 13.200000 5C4225714 10 -62 
1721811152348 1721811152367 19 329613.660000 3463422.540000 2.979059 13.380000 5C4225714 10 -62 
1721811152407 1721811152426 19 329612.870000 3463422.690000 2.979059 13.420000 5C4225714 10 -62 
1721811152462 1721811152481 19 329612.340000 3463422.780000 2.979059 13.620000 5C4225714 10 -62 
1721811152517 1721811152535 18 329611.930000 3463422.870000 2.979059 13.800000 5C4225714 10 -62 
1721811152572 1721811152590 18 329610.990000 3463423.050000 2.969896 13.900000 5C4225714 10 -62 
1721811152627 1721811152647 20 329610.030000 3463423.240000 2.969896 14.080000 5C4225714 10 -62 
1721811152682 1721811152702 20 329609.340000 3463423.380000 2.969896 14.200000 5C4225714 10 -62 
1721811152737 1721811152758 21 329608.640000 3463423.510000 2.965751 14.360000 5C4225714 10 -62 
1721811152792 1721811152810 18 329607.790000 3463423.680000 2.965751 14.480000 5C4225714 10 -62 
1721811152847 1721811152866 19 329606.350000 3463423.970000 2.965751 14.760000 5C4225714 10 -62 
1721811152902 1721811152920 18 329605.770000 3463424.080000 2.961606 14.980000 5C4225714 10 -62 
1721811152956 1721811152975 19 329605.180000 3463424.200000 2.961606 15.100000 5C4225714 10 -62 
1721811153011 1721811153035 24 329604.440000 3463424.350000 2.961606 15.220000 5C4225714 10 -62 
1721811153066 1721811153085 19 329603.850000 3463424.460000 2.961606 15.340000 5C4225714 10 -62 
1721811153121 1721811153139 18 329602.790000 3463424.680000 2.958333 15.480000 5C4225714 10 -62 
1721811153176 1721811153194 18 329602.030000 3463424.840000 2.958333 15.620000 5C4225714 10 -62 
1721811153231 1721811153249 18 329601.260000 3463424.990000 2.958333 15.780000 5C4225714 10 -62 
1721811153286 1721811153306 20 329600.330000 3463425.180000 2.958333 15.940000 5C4225714 10 -62 
1721811153344 1721811153361 17 329599.550000 3463425.340000 2.955933 16.140000 5C4225714 10 -62 
1721811153398 1721811153416 18 329598.770000 3463425.510000 2.955933 16.180000 5C4225714 10 -62 
1721811153453 1721811153471 18 329597.170000 3463425.840000 2.955933 16.460000 5C4225714 10 -62 
1721811153508 1721811153526 18 329596.200000 3463426.040000 2.952661 16.620000 5C4225714 10 -62 
1721811153563 1721811153581 18 329595.710000 3463426.150000 2.952661 16.740000 5C4225714 10 -62 
1721811153618 1721811153635 17 329594.900000 3463426.320000 2.952661 16.860000 5C4225714 10 -62 
1721811153672 1721811153689 17 329594.070000 3463426.500000 2.952661 17.000000 5C4225714 10 -62 
1721811153727 1721811153744 17 329593.240000 3463426.660000 2.948952 17.100000 5C4225714 10 -62 
1721811153782 1721811153799 17 329592.740000 3463426.770000 2.948952 17.160000 5C4225714 10 -62 
1721811153837 1721811153855 18 329591.400000 3463427.060000 2.948952 17.340000 5C4225714 10 -62 
1721811153892 1721811153909 17 329590.710000 3463427.190000 2.948952 17.420000 5C4225714 10 -62 
1721811153946 1721811153965 19 329589.690000 3463427.410000 2.950697 17.620000 5C4225714 10 -62 
1721811154001 1721811154021 20 329588.650000 3463427.630000 2.950697 17.700000 5C4225714 10 -62 
1721811154056 1721811154074 18 329587.790000 3463427.810000 2.950697 17.760000 5C4225714 10 -62 
1721811154111 1721811154130 19 329586.030000 3463428.170000 2.951570 17.980000 5C4225714 10 -62 
1721811154170 1721811154188 18 329585.500000 3463428.290000 2.951570 18.180000 5C4225714 10 -62 
1721811154225 1721811154244 19 329584.790000 3463428.430000 2.951570 18.280000 5C4225714 10 -62 
1721811154280 1721811154298 18 329583.540000 3463428.680000 2.951570 18.440000 5C4225714 10 -62 
1721811154335 1721811154352 17 329582.640000 3463428.880000 2.951570 18.520000 5C4225714 10 -62 
1721811154390 1721811154408 18 329581.910000 3463429.020000 2.951570 18.640000 5C4225714 10 -62 
1721811154444 1721811154464 20 329580.630000 3463429.290000 2.951570 18.740000 5C4225714 10 -62 
1721811154499 1721811154518 19 329579.710000 3463429.480000 2.951570 18.840000 5C4225714 10 -62 
1721811154559 1721811154579 20 329578.780000 3463429.660000 2.953970 18.980000 5C4225714 10 -62 
1721811154614 1721811154634 20 329577.850000 3463429.850000 2.953970 19.080000 5C4225714 10 -62 
1721811154669 1721811154690 21 329575.780000 3463430.270000 2.953970 19.320000 5C4225714 10 -62 
1721811154724 1721811154744 20 329575.020000 3463430.430000 2.953533 19.460000 5C4225714 10 -62 
1721811154779 1721811154798 19 329574.460000 3463430.550000 2.953533 19.520000 5C4225714 10 -62 
1721811154833 1721811154852 19 329573.690000 3463430.710000 2.953533 19.700000 5C4225714 10 -62 
1721811154888 1721811154907 19 329572.340000 3463430.980000 2.953533 19.760000 5C4225714 10 -62 
1721811154943 1721811154961 18 329571.360000 3463431.190000 2.952006 19.940000 5C4225714 10 -62 
1721811154998 1721811155016 18 329570.580000 3463431.360000 2.952006 20.020000 5C4225714 10 -62 
1721811155053 1721811155071 18 329569.410000 3463431.610000 2.952006 20.180000 5C4225714 10 -62 
1721811155108 1721811155125 17 329568.220000 3463431.850000 2.952006 20.280000 5C4225714 10 -62 
1721811155163 1721811155180 17 329567.030000 3463432.110000 2.947861 20.420000 5C4225714 10 -62 
1721811155218 1721811155235 17 329566.240000 3463432.270000 2.947861 20.460000 5C4225714 10 -62 
1721811155273 1721811155294 21 329565.230000 3463432.490000 2.947861 20.640000 5C4225714 10 -62 
1721811155328 1721811155350 22 329563.210000 3463432.910000 2.948297 20.780000 5C4225714 10 -62 
1721811155383 1721811155405 22 329561.780000 3463433.210000 2.948297 20.860000 5C4225714 10 -62 
1721811155438 1721811155459 21 329560.960000 3463433.380000 2.948297 20.960000 5C4225714 10 -62 
1721811155493 1721811155513 20 329560.140000 3463433.540000 2.948297 20.960000 5C4225714 10 -62 
1721811155549 1721811155566 17 329559.100000 3463433.750000 2.953097 21.120000 5C4225714 10 -62 
1721811155603 1721811155623 20 329557.870000 3463434.010000 2.953097 21.140000 5C4225714 10 -62 
1721811155662 1721811155692 30 329556.820000 3463434.220000 2.953097 21.280000 5C4225714 10 -62 
1721811155716 1721811155737 21 329555.780000 3463434.440000 2.953097 21.320000 5C4225714 10 -62 
1721811155771 1721811155791 20 329554.740000 3463434.650000 2.952443 21.460000 5C4225714 10 -62 
1721811155826 1721811155847 21 329553.680000 3463434.870000 2.952443 21.480000 5C4225714 10 -62 
1721811155881 1721811155902 21 329552.630000 3463435.090000 2.952443 21.600000 5C4225714 10 -62 
1721811155935 1721811155957 22 329550.500000 3463435.530000 2.953533 21.720000 5C4225714 10 -62 
1721811155990 1721811156010 20 329549.010000 3463435.840000 2.953533 21.820000 5C4225714 10 -62 
1721811156045 1721811156065 20 329548.150000 3463436.010000 2.953533 21.900000 5C4225714 10 -62 
1721811156100 1721811156120 20 329547.300000 3463436.190000 2.953533 22.000000 5C4225714 10 -62 
1721811156155 1721811156175 20 329545.790000 3463436.520000 2.951570 22.060000 5C4225714 10 -62 
1721811156210 1721811156229 19 329545.130000 3463436.650000 2.951570 22.160000 5C4225714 10 -62 
1721811156265 1721811156285 20 329544.050000 3463436.880000 2.951570 22.160000 5C4225714 10 -62 
1721811156320 1721811156339 19 329542.740000 3463437.140000 2.950261 22.300000 5C4225714 10 -62 
1721811156374 1721811156393 19 329542.300000 3463437.240000 2.950261 22.340000 5C4225714 10 -62 
1721811156429 1721811156448 19 329540.560000 3463437.610000 2.950261 22.460000 5C4225714 10 -62 
1721811156484 1721811156512 28 329539.680000 3463437.790000 2.950261 22.500000 5C4225714 10 -62 
1721811156539 1721811156557 18 329538.130000 3463438.120000 2.950043 22.620000 5C4225714 10 -62 
1721811156597 1721811156617 20 329535.690000 3463438.630000 2.950043 22.660000 5C4225714 10 -62 
1721811156652 1721811156674 22 329535.240000 3463438.730000 2.950043 22.680000 5C4225714 10 -62 
1721811156711 1721811156729 18 329534.120000 3463438.960000 2.950043 22.680000 5C4225714 10 -62 
1721811156769 1721811156788 19 329533.460000 3463439.100000 2.948734 22.680000 5C4225714 10 -62 
1721811156824 1721811156844 20 329531.890000 3463439.440000 2.948734 22.700000 5C4225714 10 -62 
1721811156878 1721811156899 21 329530.560000 3463439.710000 2.948734 22.760000 5C4225714 10 -62 
1721811156933 1721811156953 20 329529.450000 3463439.950000 2.950479 22.700000 5C4225714 10 -62 
1721811156988 1721811157006 18 329529.000000 3463440.040000 2.950479 22.780000 5C4225714 10 -62 
1721811157043 1721811157062 19 329526.990000 3463440.470000 2.950479 22.760000 5C4225714 10 -62 
1721811157098 1721811157114 16 329525.420000 3463440.790000 2.950479 22.800000 5C4225714 10 -62 
1721811157152 1721811157171 19 329524.080000 3463441.070000 2.951570 22.780000 5C4225714 10 -62 
1721811157209 1721811157234 25 329522.300000 3463441.440000 2.951570 22.800000 5C4225714 10 -62 
1721811157264 1721811157281 17 329521.180000 3463441.670000 2.951570 22.760000 5C4225714 10 -62 
1721811157319 1721811157336 17 329520.510000 3463441.810000 2.952443 22.820000 5C4225714 10 -62 
1721811157374 1721811157392 18 329519.390000 3463442.050000 2.952443 22.780000 5C4225714 10 -62 
1721811157429 1721811157447 18 329518.050000 3463442.320000 2.952443 22.840000 5C4225714 10 -62 
1721811157484 1721811157502 18 329516.930000 3463442.550000 2.952443 22.840000 5C4225714 10 -62 
1721811157538 1721811157557 19 329515.800000 3463442.780000 2.954188 22.840000 5C4225714 10 -62 
1721811157593 1721811157619 26 329514.680000 3463443.010000 2.954188 22.860000 5C4225714 10 -62 
1721811157648 1721811157669 21 329513.330000 3463443.290000 2.954188 22.800000 5C4225714 10 -62 
1721811157703 1721811157723 20 329511.540000 3463443.660000 2.955933 22.820000 5C4225714 10 -62 
1721811157758 1721811157778 20 329509.960000 3463443.970000 2.955933 22.840000 5C4225714 10 -62 
1721811157812 1721811157834 22 329508.610000 3463444.250000 2.955933 22.820000 5C4225714 10 -62 
1721811157867 1721811157888 21 329507.490000 3463444.480000 2.955933 22.840000 5C4225714 10 -62 
1721811157922 1721811157949 27 329507.490000 3463444.480000 2.955933 22.840000 5C4225714 10 -64 
1721811157977 1721811157994 17 329505.920000 3463444.800000 2.957679 22.820000 5C4225714 8 -64 
1721811158032 1721811158049 17 329504.570000 3463445.080000 2.957679 22.840000 5C4225714 8 -64 
1721811158086 1721811158103 17 329503.450000 3463445.310000 2.957679 22.840000 5C4225714 8 -64 
1721811158141 1721811158158 17 329502.100000 3463445.580000 2.958769 22.880000 5C4225714 8 -64 
1721811158195 1721811158214 19 329500.970000 3463445.800000 2.958769 22.840000 5C4225714 8 -64 
1721811158251 1721811158268 17 329499.850000 3463446.030000 2.958769 22.840000 5C4225714 8 -64 
1721811158305 1721811158323 18 329498.510000 3463446.310000 2.958769 22.840000 5C4225714 8 -64 
1721811158360 1721811158376 16 329496.490000 3463446.720000 2.958988 22.820000 5C4225714 8 -64 
1721811158415 1721811158431 16 329495.140000 3463446.990000 2.958988 22.800000 5C4225714 8 -64 
1721811158470 1721811158491 21 329494.020000 3463447.210000 2.958988 22.820000 5C4225714 8 -64 
1721811158525 1721811158546 21 329493.570000 3463447.300000 2.958988 22.780000 5C4225714 8 -64 
1721811158580 1721811158600 20 329491.780000 3463447.660000 2.960297 22.860000 5C4225714 8 -64 
1721811158635 1721811158652 17 329490.880000 3463447.840000 2.960297 22.760000 5C4225714 8 -64 
1721811158690 1721811158706 16 329489.970000 3463448.010000 2.960297 22.760000 5C4225714 8 -64 
1721811158745 1721811158761 16 329488.640000 3463448.280000 2.961824 22.760000 5C4225714 8 -64 
1721811158800 1721811158818 18 329487.520000 3463448.510000 2.961824 22.780000 5C4225714 8 -64 
1721811158855 1721811158873 18 329486.170000 3463448.770000 2.961824 22.760000 5C4225714 8 -64 
1721811158910 1721811158935 25 329485.050000 3463449.000000 2.961824 22.760000 5C4225714 8 -64 
1721811158965 1721811158985 20 329484.370000 3463449.130000 2.962042 22.760000 5C4225714 8 -64 
1721811159019 1721811159040 21 329483.040000 3463449.400000 2.962042 22.760000 5C4225714 8 -64 
1721811159074 1721811159095 21 329480.580000 3463449.880000 2.962042 22.680000 5C4225714 8 -64 
1721811159129 1721811159150 21 329479.230000 3463450.160000 2.962042 22.740000 5C4225714 8 -64 
1721811159184 1721811159201 17 329477.890000 3463450.430000 2.962042 22.660000 5C4225714 8 -64 
1721811159239 1721811159261 22 329477.450000 3463450.510000 2.962042 22.680000 5C4225714 8 -64 
1721811159298 1721811159316 18 329476.340000 3463450.740000 2.962042 22.660000 5C4225714 8 -64 
1721811159352 1721811159373 21 329475.000000 3463451.010000 2.960951 22.660000 5C4225714 8 -64 
1721811159407 1721811159429 22 329473.880000 3463451.220000 2.960951 22.660000 5C4225714 8 -64 
1721811159462 1721811159484 22 329472.770000 3463451.450000 2.960951 22.660000 5C4225714 8 -64 
1721811159517 1721811159535 18 329472.100000 3463451.580000 2.960951 22.660000 5C4225714 8 -64 
1721811159572 1721811159588 16 329470.320000 3463451.950000 2.960078 22.580000 5C4225714 8 -64 
1721811159626 1721811159643 17 329468.320000 3463452.340000 2.960078 22.580000 5C4225714 8 -64 
1721811159681 1721811159697 16 329467.210000 3463452.570000 2.960078 22.620000 5C4225714 8 -64 
1721811159736 1721811159756 20 329465.660000 3463452.890000 2.958115 22.540000 5C4225714 8 -64 
1721811159791 1721811159807 16 329464.770000 3463453.070000 2.958115 22.580000 5C4225714 8 -64 
1721811159846 1721811159863 17 329463.440000 3463453.340000 2.958115 22.560000 5C4225714 8 -64 
1721811159900 1721811159917 17 329462.330000 3463453.570000 2.958115 22.540000 5C4225714 8 -64 
1721811159955 1721811159973 18 329461.220000 3463453.790000 2.956806 22.520000 5C4225714 8 -64 
1721811160010 1721811160027 17 329461.220000 3463453.790000 2.956806 22.500000 5C4225714 8 -64 
1721811160069 1721811160086 17 329459.450000 3463454.160000 2.956806 22.500000 5C4225714 8 -64 
1721811160123 1721811160141 18 329458.120000 3463454.440000 2.956806 22.440000 5C4225714 8 -64 
1721811160178 1721811160197 19 329457.020000 3463454.670000 2.955061 22.520000 5C4225714 8 -64 
1721811160233 1721811160253 20 329455.910000 3463454.900000 2.955061 22.440000 5C4225714 8 -64 
1721811160288 1721811160308 20 329453.490000 3463455.400000 2.952443 22.420000 5C4225714 8 -64 
1721811160343 1721811160362 19 329452.390000 3463455.630000 2.952443 22.380000 5C4225714 8 -64 
1721811160398 1721811160418 20 329451.290000 3463455.870000 2.952443 22.360000 5C4225714 8 -64 
1721811160453 1721811160474 21 329450.410000 3463456.050000 2.952443 22.320000 5C4225714 8 -64 
1721811160507 1721811160529 22 329449.100000 3463456.330000 2.952443 22.340000 5C4225714 8 -64 
1721811160562 1721811160584 22 329447.780000 3463456.600000 2.950479 22.260000 5C4225714 8 -64 
1721811160617 1721811160636 19 329447.340000 3463456.700000 2.950479 22.260000 5C4225714 8 -64 
1721811160672 1721811160690 18 329446.030000 3463456.980000 2.950479 22.160000 5C4225714 8 -64 
1721811160727 1721811160744 17 329444.520000 3463457.310000 2.949825 22.140000 5C4225714 8 -64 
1721811160782 1721811160798 16 329443.420000 3463457.540000 2.949825 22.080000 5C4225714 8 -64 
1721811160837 1721811160852 15 329442.120000 3463457.820000 2.949825 22.040000 5C4225714 8 -64 
1721811160892 1721811160912 20 329441.260000 3463458.010000 2.949825 22.000000 5C4225714 8 -64 
1721811160947 1721811160963 16 329439.320000 3463458.420000 2.945025 21.980000 5C4225714 8 -64 
1721811161002 1721811161018 16 329438.460000 3463458.610000 2.945025 21.900000 5C4225714 8 -64 
1721811161056 1721811161080 24 329438.460000 3463458.610000 2.945025 21.920000 5C4225714 8 -64 
1721811161111 1721811161130 19 329436.100000 3463459.120000 2.943498 21.820000 5C4225714 8 -64 
1721811161170 1721811161191 21 329434.820000 3463459.400000 2.943498 21.820000 5C4225714 8 -64 
1721811161225 1721811161246 21 329433.750000 3463459.630000 2.943498 21.760000 5C4225714 8 -64 
1721811161280 1721811161300 20 329432.670000 3463459.870000 2.943498 21.740000 5C4225714 8 -64 
1721811161335 1721811161355 20 329431.610000 3463460.090000 2.942843 21.700000 5C4225714 8 -64 
1721811161390 1721811161409 19 329430.550000 3463460.320000 2.942843 21.680000 5C4225714 8 -64 
1721811161445 1721811161464 19 329429.270000 3463460.610000 2.942843 21.640000 5C4225714 8 -64 
1721811161500 1721811161517 17 329428.630000 3463460.740000 2.942843 21.660000 5C4225714 8 -64 
1721811161555 1721811161579 24 329425.880000 3463461.340000 2.941971 21.600000 5C4225714 8 -64 
1721811161610 1721811161628 18 329425.030000 3463461.530000 2.941971 21.540000 5C4225714 8 -64 
1721811161665 1721811161686 21 329424.180000 3463461.710000 2.941971 21.540000 5C4225714 8 -64 
1721811161719 1721811161740 21 329422.710000 3463462.030000 2.941752 21.500000 5C4225714 8 -64 
1721811161778 1721811161795 17 329421.870000 3463462.230000 2.941752 21.480000 5C4225714 8 -64 
1721811161832 1721811161850 18 329421.020000 3463462.410000 2.941752 21.440000 5C4225714 8 -64 
1721811161887 1721811161905 18 329420.400000 3463462.550000 2.941752 21.420000 5C4225714 8 -64 
1721811161942 1721811161959 17 329418.720000 3463462.920000 2.944589 21.380000 5C4225714 8 -64 
1721811161997 1721811162014 17 329417.880000 3463463.100000 2.944589 21.380000 5C4225714 8 -64 
1721811162051 1721811162069 18 329416.620000 3463463.370000 2.944589 21.300000 5C4225714 8 -64 
1721811162106 1721811162125 19 329415.580000 3463463.600000 2.944589 21.300000 5C4225714 8 -64 
1721811162161 1721811162180 19 329413.280000 3463464.110000 2.941098 21.260000 5C4225714 8 -64 
1721811162222 1721811162242 20 329412.240000 3463464.330000 2.941098 21.280000 5C4225714 8 -64 
1721811162276 1721811162294 18 329411.200000 3463464.560000 2.941098 21.200000 5C4225714 8 -64 
1721811162332 1721811162349 17 329410.580000 3463464.690000 2.943716 21.220000 5C4225714 8 -64 
1721811162387 1721811162404 17 329409.740000 3463464.870000 2.943716 21.200000 5C4225714 8 -64 
1721811162442 1721811162459 17 329408.500000 3463465.150000 2.943716 21.220000 5C4225714 8 -64 
1721811162496 1721811162514 18 329407.240000 3463465.410000 2.943716 21.140000 5C4225714 8 -64 
1721811162551 1721811162570 19 329406.200000 3463465.630000 2.950261 21.200000 5C4225714 8 -64 
1721811162606 1721811162625 19 329405.380000 3463465.800000 2.950261 21.140000 5C4225714 8 -64 
1721811162661 1721811162680 19 329403.910000 3463466.100000 2.950261 21.160000 5C4225714 8 -64 
1721811162715 1721811162735 20 329401.840000 3463466.520000 2.957024 21.140000 5C4225714 8 -64 
1721811162770 1721811162799 29 329400.790000 3463466.730000 2.957024 21.140000 5C4225714 8 -64 
1721811162825 1721811162844 19 329399.550000 3463466.980000 2.957024 21.140000 5C4225714 8 -64 
1721811162880 1721811162899 19 329398.510000 3463467.170000 2.957024 21.100000 5C4225714 8 -64 
1721811162935 1721811162953 18 329397.470000 3463467.380000 2.962915 21.100000 5C4225714 8 -64 
1721811162990 1721811163008 18 329396.640000 3463467.540000 2.962915 21.080000 5C4225714 8 -64 
1721811163044 1721811163064 20 329396.020000 3463467.660000 2.962915 21.100000 5C4225714 8 -64 
1721811163099 1721811163120 21 329394.970000 3463467.850000 2.962915 21.100000 5C4225714 8 -64 
1721811163154 1721811163173 19 329393.730000 3463468.080000 2.971641 21.060000 5C4225714 8 -64 
1721811163209 1721811163228 19 329392.490000 3463468.310000 2.971641 21.040000 5C4225714 8 -64 
1721811163264 1721811163283 19 329391.440000 3463468.510000 2.971641 21.040000 5C4225714 8 -64 
1721811163323 1721811163342 19 329389.160000 3463468.910000 2.976659 20.960000 5C4225714 8 -64 
1721811163378 1721811163397 19 329388.130000 3463469.110000 2.976659 20.980000 5C4225714 8 -64 
1721811163433 1721811163464 31 329387.080000 3463469.280000 2.976659 20.960000 5C4225714 8 -64 
1721811163488 1721811163504 16 329386.050000 3463469.460000 2.976659 20.960000 5C4225714 8 -64 
1721811163543 1721811163559 16 329385.010000 3463469.640000 2.984077 20.940000 5C4225714 8 -64 
1721811163598 1721811163613 15 329384.190000 3463469.780000 2.984077 20.960000 5C4225714 8 -64 
1721811163653 1721811163674 21 329382.730000 3463470.020000 2.984077 20.900000 5C4225714 8 -64 
1721811163707 1721811163729 22 329381.910000 3463470.160000 2.984077 20.900000 5C4225714 8 -64 
1721811163763 1721811163783 20 329381.080000 3463470.300000 2.990840 20.860000 5C4225714 8 -64 
1721811163818 1721811163838 20 329380.450000 3463470.390000 2.990840 20.860000 5C4225714 8 -64 
1721811163873 1721811163894 21 329379.220000 3463470.600000 2.990840 20.760000 5C4225714 8 -64 
1721811163928 1721811163949 21 329376.750000 3463470.990000 2.996730 20.640000 5C4225714 8 -64 
1721811163983 1721811164003 20 329375.730000 3463471.150000 2.996730 20.640000 5C4225714 8 -64 
1721811164038 1721811164058 20 329374.700000 3463471.300000 2.996730 20.600000 5C4225714 8 -64 
1721811164092 1721811164112 20 329373.470000 3463471.480000 3.006111 20.600000 5C4225714 8 -64 
1721811164147 1721811164167 20 329372.450000 3463471.620000 3.006111 20.540000 5C4225714 8 -64 
1721811164202 1721811164221 19 329371.630000 3463471.750000 3.006111 20.520000 5C4225714 8 -64 
1721811164257 1721811164276 19 329370.610000 3463471.880000 3.006111 20.460000 5C4225714 8 -64 
1721811164312 1721811164332 20 329369.400000 3463472.050000 3.019201 20.480000 5C4225714 8 -64 
1721811164371 1721811164392 21 329368.780000 3463472.140000 3.019201 20.400000 5C4225714 8 -64 
1721811164434 1721811164453 19 329366.560000 3463472.430000 3.019201 20.300000 5C4225714 8 -64 
1721811164488 1721811164505 17 329365.540000 3463472.550000 3.019201 20.300000 5C4225714 8 -64 
1721811164543 1721811164563 20 329364.530000 3463472.680000 3.026619 20.180000 5C4225714 8 -64 
1721811164598 1721811164622 24 329363.920000 3463472.750000 3.026619 20.180000 5C4225714 8 -64 
1721811164653 1721811164672 19 329362.520000 3463472.910000 3.026619 20.140000 5C4225714 8 -64 
1721811164708 1721811164727 19 329361.310000 3463473.060000 3.040364 20.100000 5C4225714 8 -64 
1721811164763 1721811164782 19 329360.310000 3463473.160000 3.040364 20.080000 5C4225714 8 -64 
1721811164818 1721811164837 19 329359.320000 3463473.280000 3.040364 20.080000 5C4225714 8 -64 
1721811164873 1721811164892 19 329358.310000 3463473.380000 3.040364 19.980000 5C4225714 8 -64 
1721811164928 1721811164946 18 329357.320000 3463473.480000 3.052581 19.960000 5C4225714 8 -64 
1721811164983 1721811165000 17 329356.120000 3463473.600000 3.052581 19.920000 5C4225714 8 -64 
1721811165038 1721811165055 17 329355.120000 3463473.690000 3.052581 19.880000 5C4225714 8 -64 
1721811165092 1721811165109 17 329354.130000 3463473.770000 3.052581 19.840000 5C4225714 8 -64 
1721811165147 1721811165169 22 329352.160000 3463473.940000 3.065016 19.700000 5C4225714 8 -64 
1721811165202 1721811165224 22 329350.980000 3463474.030000 3.065016 19.660000 5C4225714 8 -64 
1721811165257 1721811165278 21 329350.390000 3463474.080000 3.065016 19.620000 5C4225714 8 -64 
1721811165312 1721811165333 21 329349.410000 3463474.150000 3.077888 19.580000 5C4225714 8 -64 
1721811165367 1721811165388 21 329348.430000 3463474.220000 3.077888 19.480000 5C4225714 8 -64 
1721811165422 1721811165450 28 329347.450000 3463474.290000 3.077888 19.460000 5C4225714 8 -64 
1721811165477 1721811165495 18 329346.280000 3463474.380000 3.077888 19.420000 5C4225714 8 -64 
1721811165532 1721811165549 17 329345.700000 3463474.420000 3.077888 19.400000 5C4225714 8 -64 
1721811165587 1721811165604 17 329344.730000 3463474.480000 3.086833 19.380000 5C4225714 8 -64 
1721811165642 1721811165659 17 329343.370000 3463474.560000 3.086833 19.340000 5C4225714 8 -64 
1721811165697 1721811165721 24 329342.210000 3463474.630000 3.086833 19.280000 5C4225714 8 -64 
1721811165752 1721811165770 18 329340.290000 3463474.740000 3.095996 19.180000 5C4225714 8 -64 
1721811165807 1721811165826 19 329339.320000 3463474.790000 3.095996 19.140000 5C4225714 8 -64 
1721811165862 1721811165881 19 329338.170000 3463474.840000 3.095996 19.100000 5C4225714 8 -64 
1721811165917 1721811165936 19 329337.790000 3463474.860000 3.107559 19.020000 5C4225714 8 -64 
1721811165972 1721811165994 22 329337.020000 3463474.890000 3.107559 19.000000 5C4225714 8 -64 
1721811166027 1721811166046 19 329335.690000 3463474.940000 3.107559 18.920000 5C4225714 8 -64 
1721811166082 1721811166099 17 329334.750000 3463474.970000 3.107559 18.900000 5C4225714 8 -64 
1721811166137 1721811166156 19 329333.800000 3463475.000000 3.121085 18.900000 5C4225714 8 -64 
1721811166192 1721811166213 21 329332.850000 3463475.030000 3.121085 18.800000 5C4225714 8 -64 
1721811166247 1721811166269 22 329332.090000 3463475.040000 3.121085 18.820000 5C4225714 8 -64 
1721811166302 1721811166324 22 329330.970000 3463475.070000 3.121085 18.740000 5C4225714 8 -64 
1721811166357 1721811166375 18 329328.900000 3463475.090000 3.137884 18.640000 5C4225714 8 -64 
1721811166412 1721811166431 19 329327.970000 3463475.100000 3.137884 18.620000 5C4225714 8 -64 
1721811166467 1721811166484 17 329326.850000 3463475.100000 3.137884 18.540000 5C4225714 8 -64 
1721811166522 1721811166538 16 329325.920000 3463475.100000 -3.130248 18.540000 5C4225714 8 -64 
1721811166579 1721811166598 19 329325.180000 3463475.090000 -3.130248 18.460000 5C4225714 8 -64 
1721811166638 1721811166658 20 329324.070000 3463475.070000 -3.130248 18.440000 5C4225714 8 -64 
1721811166692 1721811166713 21 329323.140000 3463475.050000 -3.130248 18.360000 5C4225714 8 -64 
1721811166747 1721811166773 26 329322.780000 3463475.050000 -3.111049 18.320000 5C4225714 8 -64 
1721811166802 1721811166823 21 329321.670000 3463475.020000 -3.111049 18.300000 5C4225714 8 -64 
1721811166861 1721811166877 16 329320.940000 3463475.010000 -3.111049 18.240000 5C4225714 8 -64 
1721811166915 1721811166933 18 329318.750000 3463474.930000 -3.097087 18.180000 5C4225714 8 -64 
1721811166970 1721811166988 18 329317.840000 3463474.890000 -3.097087 18.140000 5C4225714 8 -64 
1721811167025 1721811167043 18 329316.930000 3463474.850000 -3.097087 18.060000 5C4225714 8 -64 
1721811167080 1721811167098 18 329316.210000 3463474.810000 -3.097087 18.000000 5C4225714 8 -64 
1721811167135 1721811167153 18 329314.950000 3463474.740000 -3.079197 17.900000 5C4225714 8 -64 
1721811167190 1721811167208 18 329314.220000 3463474.700000 -3.079197 17.860000 5C4225714 8 -64 
1721811167245 1721811167262 17 329313.340000 3463474.650000 -3.079197 17.820000 5C4225714 8 -64 
1721811167300 1721811167317 17 329312.260000 3463474.560000 -3.079197 17.760000 5C4225714 8 -64 
1721811167355 1721811167379 24 329311.370000 3463474.500000 -3.058908 17.700000 5C4225714 8 -64 
1721811167410 1721811167431 21 329310.850000 3463474.460000 -3.058908 17.580000 5C4225714 8 -64 
1721811167465 1721811167483 18 329309.440000 3463474.340000 -3.058908 17.520000 5C4225714 8 -64 
1721811167520 1721811167539 19 329308.570000 3463474.270000 -3.058908 17.440000 5C4225714 8 -64 
1721811167575 1721811167594 19 329307.010000 3463474.120000 -3.042545 17.340000 5C4225714 8 -64 
1721811167630 1721811167649 19 329305.970000 3463474.010000 -3.042545 17.300000 5C4225714 8 -64 
1721811167689 1721811167710 21 329305.110000 3463473.910000 -3.042545 17.180000 5C4225714 8 -64 
1721811167744 1721811167765 21 329304.090000 3463473.800000 -3.025965 17.080000 5C4225714 8 -64 
1721811167798 1721811167819 21 329303.240000 3463473.700000 -3.025965 17.000000 5C4225714 8 -64 
1721811167853 1721811167874 21 329302.720000 3463473.640000 -3.025965 16.900000 5C4225714 8 -64 
1721811167908 1721811167929 21 329301.550000 3463473.500000 -3.009166 16.860000 5C4225714 8 -64 
1721811167963 1721811167983 20 329300.880000 3463473.410000 -3.009166 16.740000 5C4225714 8 -64 
1721811168018 1721811168038 20 329299.880000 3463473.280000 -3.009166 16.700000 5C4225714 8 -64 
1721811168072 1721811168090 18 329299.380000 3463473.210000 -3.009166 16.640000 5C4225714 8 -64 
1721811168127 1721811168145 18 329298.550000 3463473.090000 -3.009166 16.560000 5C4225714 8 -64 
1721811168182 1721811168199 17 329296.910000 3463472.850000 -2.989313 16.480000 5C4225714 8 -64 
1721811168237 1721811168254 17 329295.930000 3463472.700000 -2.989313 16.400000 5C4225714 8 -64 
1721811168292 1721811168312 20 329295.120000 3463472.570000 -2.989313 16.320000 5C4225714 8 -64 
1721811168347 1721811168371 24 329294.310000 3463472.450000 -2.976659 16.200000 5C4225714 8 -64 
1721811168402 1721811168427 25 329293.670000 3463472.340000 -2.976659 16.160000 5C4225714 8 -64 
1721811168456 1721811168476 20 329292.710000 3463472.190000 -2.976659 16.060000 5C4225714 8 -64 
1721811168511 1721811168532 21 329291.760000 3463472.020000 -2.976659 16.020000 5C4225714 8 -64 
1721811168566 1721811168586 20 329290.970000 3463471.880000 -2.967060 15.940000 5C4225714 8 -64 
1721811168621 1721811168641 20 329290.190000 3463471.750000 -2.967060 15.880000 5C4225714 8 -64 
1721811168676 1721811168697 21 329289.410000 3463471.610000 -2.967060 15.800000 5C4225714 8 -64 
1721811168731 1721811168753 22 329288.630000 3463471.470000 -2.949388 15.740000 5C4225714 8 -64 
1721811168790 1721811168808 18 329287.090000 3463471.170000 -2.949388 15.640000 5C4225714 8 -64 
1721811168845 1721811168862 17 329286.170000 3463471.000000 -2.949388 15.500000 5C4225714 8 -64 
1721811168900 1721811168916 16 329285.560000 3463470.870000 -2.937607 15.460000 5C4225714 8 -64 
1721811168955 1721811168975 20 329284.800000 3463470.720000 -2.937607 15.360000 5C4225714 8 -64 
1721811169010 1721811169038 28 329283.890000 3463470.530000 -2.937607 15.240000 5C4225714 8 -64 
1721811169065 1721811169082 17 329283.600000 3463470.470000 -2.937607 15.200000 5C4225714 8 -64 
1721811169120 1721811169136 16 329282.710000 3463470.280000 -2.937607 15.020000 5C4225714 8 -64 
1721811169174 1721811169191 17 329281.960000 3463470.110000 -2.927572 14.960000 5C4225714 8 -64 
1721811169229 1721811169246 17 329281.240000 3463469.960000 -2.927572 14.840000 5C4225714 8 -64 
1721811169284 1721811169300 16 329280.360000 3463469.760000 -2.927572 14.740000 5C4225714 8 -64 
1721811169339 1721811169357 18 329279.640000 3463469.590000 -2.914264 14.660000 5C4225714 8 -64 
1721811169394 1721811169418 24 329278.220000 3463469.260000 -2.914264 14.440000 5C4225714 8 -64 
1721811169449 1721811169469 20 329277.510000 3463469.100000 -2.914264 14.380000 5C4225714 8 -64 
1721811169503 1721811169522 19 329276.810000 3463468.930000 -2.914264 14.240000 5C4225714 8 -64 
1721811169558 1721811169581 23 329275.980000 3463468.730000 -2.903355 14.140000 5C4225714 8 -64 
1721811169613 1721811169630 17 329275.300000 3463468.560000 -2.903355 14.000000 5C4225714 8 -64 
1721811169668 1721811169684 16 329274.760000 3463468.420000 -2.903355 13.920000 5C4225714 8 -64 
1721811169722 1721811169751 29 329274.080000 3463468.250000 -2.887647 13.780000 5C4225714 8 -64 
1721811169777 1721811169796 19 329273.540000 3463468.110000 -2.887647 13.660000 5C4225714 8 -64 
1721811169832 1721811169851 19 329272.490000 3463467.840000 -2.887647 13.560000 5C4225714 8 -64 
1721811169891 1721811169910 19 329271.970000 3463467.690000 -2.887647 13.460000 5C4225714 8 -64 
